0 0.029277699859747524 0.0 0.110273492286115 0.0 0.08187237026647964 0.8359046283309958 0.0 0.8330995792426367
0 0.11132538569424963 0.0 0.18390603085553997 0.0 0.15866058906030853 0.8316970546984572 0.08607994389901821 0.8330995792426367
0 0.18600981767180924 0.0 0.2617461430575035 0.0 0.24281206171107994 0.8302945301542777 0.16392005610098176 0.8302945301542777
0 0.2659537166900421 0.0 0.34063814866760167 0.0 0.33222300140252453 0.8260869565217391 0.24701963534361848 0.8302945301542777
0 0.3437938288920056 0.0 0.41532258064516125 0.001402524544179523 0.4079593267882188 0.820476858345021 0.3364305750350631 0.8260869565217391
0 0.4216339410939691 0.001402524544179523 0.48790322580645157 0.0 0.4889551192145863 0.817671809256662 0.4174263674614306 0.8246844319775596
0 0.49211079943899017 0.001402524544179523 0.5520687237026647 0.0 0.5667952314165497 0.8134642356241234 0.49421458625525944 0.8260869565217391
0 0.5552244039270687 0.001402524544179523 0.6193899018232819 0.001402524544179523 0.6288569424964936 0.8092566619915849 0.5710028050490883 0.8134642356241234
0 0.627805049088359 0.0 0.6909186535764374 0.0 0.7056451612903225 0.8106591865357644 0.6341164095371669 0.8092566619915849
0 0.6951262272089761 0.0 0.7592917251051893 0.002805049088359046 0.7813814866760167 0.8092566619915849 0.7119565217391304 0.8106591865357644
0 0.7677068723702664 0.001402524544179523 0.8118863955119213 0.012622720897615708 0.8476507713884993 0.8036465638148668 0.7897966339410939 0.8078541374474053
0 0.8203015427769985 0.008415147265077139 0.8665848527349228 0.02244039270687237 0.8991935483870968 0.7966339410939692 0.8518583450210379 0.8036465638148668
0 0.8813113604488079 0.012622720897615708 0.9328541374474053 0.023842917251051893 0.9707223001402524 0.79382889200561 0.9139200561009817 0.8008415147265078
0 0.945476858345021 0.028050490883590466 0.9907082748948106 0.04067321178120617 0.9999999999999999 0.31977559607293127 0.9999999999999999 0.7952314165497897 0.9759817671809256 0.7924263674614307
