0 0.01263526250978853 0.0 0.08565178702594717 0.0028653617543805588 0.1655136107154957 0.9992366858811288 0.1004832685682919 1.0
0 0.09820150217716195 0.016555960101160304 0.1700771434977556 0.024161848071593498 0.2282621864715695 0.9992366858811288 0.1689362603021906 1.0
0 0.17806332586671045 0.028725380853853413 0.24651631760060919 0.037852446418373244 0.2841654630542535 1.0 0.23168483605826445 1.0
0 0.2510798503828691 0.037852446418373244 0.3149693093345079 0.045458334388806435 0.34349138922363237 0.9992366858811288 0.28986987903207834 0.9992366858811288
0 0.32409637489902776 0.04850068957697971 0.3902676002417965 0.053064222359239625 0.3971128994151864 0.9992366858811288 0.34805492200589233 1.0
0 0.3971128994151864 0.05458539995332626 0.4530161759978703 0.0637124655178461 0.4484526432156104 0.985546087534349 0.40167643219744625 1.0
0 0.4610023583668252 0.06675482070601937 0.5157647517539442 0.06675482070601937 0.5020741534071644 0.9794613771580025 0.4552979423890003 0.9901096203166089
0 0.524891817318464 0.06827599830010601 0.579654210705583 0.07892424145871248 0.5568365467942834 0.9748978443757425 0.5112012189716842 0.985546087534349
0 0.5910630426612328 0.07740306386462584 0.6401210200705268 0.08044541905279912 0.6036127578124475 0.9657707788112226 0.5625409627721083 0.9809825547520891
0 0.6515298520261766 0.07892424145871248 0.6983060630443407 0.08196659664688576 0.6549525016128716 0.9657707788112226 0.6081762905947075 0.9748978443757425
0 0.7074331286088605 0.08957248461731895 0.7507866900403297 0.09109366221140558 0.6994469462399058 0.9475166476821831 0.6617978007862614 0.9612072460289628
0 0.7621955219959795 0.09261483980549222 0.8123943826008386 0.09717837258775215 0.7439413908669399 0.9475166476821831 0.7119966613911205 0.9551225356526162
0 0.8169579153830986 0.09717837258775215 0.848902644858918 0.10478426055818534 0.7850131859072791 0.9201354509886235 0.7576319892137197 0.9323048717413167
0 0.8523252944456128 0.11695368131087844 0.8682976591835225 0.11847485890496508 0.8009855506451888 0.897317787077324 0.7872949522984091 0.9018813198595839
0 0.9002423886593419 0.11391132612270516 0.952723015655331 0.11239014852861853 0.8717203087702174 0.9125295630181904 0.8374938129032681 0.9216566285827102
