0 0.03579598153988543 0.21698159899103542 0.03704598153988544 0.9086482656577018 0.0970459815398854 0.9086482656577018 0.09079598153988538 0.22031493232436894
0 0.09606945547892892 0.21891068359805063 0.15159294124397465 0.22193236989818926 0.15142574343345264 0.9065196964317358 0.09944515415088319 0.9067742865039792
0 0.15702435976203422 0.23457665847317175 0.21215550608607459 0.23271569150864715 0.21107285846772272 0.9024765228789956 0.15757138868788295 0.9024765228789956
0 0.2181512580870492 0.22479834051291367 0.26733784332253474 0.223372642390146 0.2712739768746567 0.8994440323021854 0.21687034231171265 0.9041072009790094
0 0.27556146342347376 0.8993553168265247 0.32860434726412174 0.8969978553224963 0.3237154689405452 0.22452688406786822 0.27123655543486214 0.2196451246719907
0 0.3281904150534329 0.22344204864656214 0.3790420754271569 0.22669655491048044 0.3852282006115156 0.8974717355303276 0.33175456856854557 0.8997903754021094
0 0.3876374368279168 0.8948348421990899 0.4448530968979119 0.8955683763025516 0.43440106956239205 0.22735860561169186 0.38205783354438444 0.22507037671472976
0 0.43933996338842685 0.22554979666847857 0.48738033351350946 0.22768492422959344 0.4986451730197858 0.8932901718875623 0.4464625958635256 0.8945786305827789
0 0.49078772118545316 0.2239677663296913 0.5390270547199127 0.22553652514382005 0.5507693585912046 0.8927318457015613 0.5002178925922994 0.8918621430607199
0 0.545344847134909 0.22436392223121568 0.5963632544087872 0.22536428315815446 0.6083675855320527 0.8936053823532653 0.5543480954773582 0.8916046604993876
0 0.6001146078848079 0.22536428315815446 0.6481319323778696 0.22336356130427687 0.6623870755867473 0.8906042995724488 0.6106183976176651 0.8916046604993876
0 0.6526335565490942 0.22536428315815446 0.6991503396517478 0.22736500501203205 0.7156562949462378 0.8886035777185711 0.6646378876723597 0.8876032167916325
0 0.7044022345181764 0.22736500501203205 0.7561709124872587 0.2283653659389708 0.773427138476953 0.8856024949377549 0.7171568363366461 0.8866028558646937
0 0.7615456354548543 0.22426128655502536 0.8095252174365674 0.22520206267231385 0.8229312771079283 0.8846861208915475 0.774246113038249 0.881863792539682
0 0.8116419637004665 0.22990594325875635 0.8638550382099778 0.22896516714146783 0.8786722620572716 0.883745344774259 0.8243424412838611 0.8809230164223935
0 0.8666773665618434 0.22520206267231385 0.9167736948074556 0.22708361490689083 0.936529993270514 0.8828045686569704 0.8807890083211707 0.8809230164223935
0 0.9224183515111866 0.22802439102417935 0.9753370081086642 0.22802439102417935 0.9965044707476554 0.883745344774259 0.9386467395344131 0.8790414641878165
