0 0.03453716690042074 0.0967741935483871 0.11448106591865356 0.10098176718092566 0.10816970546984571 0.9677419354838709 0.025070126227208955 0.9803646563814867
0 0.11974053295932677 0.09817671809256662 0.1923211781206171 0.09396914446002806 0.1975806451612903 0.9621318373071529 0.11132538569424963 0.973352033660589
0 0.1975806451612903 0.091164095371669 0.2775245441795231 0.09396914446002806 0.2848877980364656 0.9607293127629734 0.19863253856942495 0.9719495091164096
0 0.2796283309957924 0.08555399719495091 0.35220897615708274 0.08555399719495091 0.369039270687237 0.9621318373071529 0.28804347826086957 0.9747545582047685
0 0.35746844319775595 0.08555399719495091 0.43110098176718087 0.091164095371669 0.4531907433380084 0.9579242636746143 0.37324684431977556 0.9663394109396914
0 0.43951612903225806 0.08555399719495091 0.5078892005610098 0.08274894810659186 0.5362903225806451 0.9649368863955119 0.45634642356241234 0.9649368863955119
0 0.5120967741935484 0.09256661991584852 0.583625525946704 0.091164095371669 0.6172861150070126 0.9551192145862553 0.5383941093969145 0.9635343618513323
0 0.5878330995792426 0.08415147265077139 0.6593618513323982 0.091164095371669 0.701437587657784 0.9565217391304348 0.6225455820476858 0.9663394109396914
0 0.6646213183730714 0.08274894810659186 0.7382538569424965 0.07994389901823282 0.7887447405329592 0.9607293127629734 0.7088008415147264 0.9635343618513323
0 0.7487727910238429 0.0785413744740533 0.8118863955119213 0.08555399719495091 0.8728962131837307 0.9579242636746143 0.7971598877980364 0.9579242636746143
0 0.8255610098176718 0.07713884992987377 0.8918302945301542 0.07573632538569425 0.957047685834502 0.9537166900420757 0.8792075736325384 0.9579242636746143
0 0.8970897615708273 0.08555399719495091 0.9644109396914445 0.08415147265077139 0.9999999999999999 0.49228611500701264 0.9999999999999999 0.9551192145862553 0.9644109396914445 0.9509116409537167
