0 3.3906580536744216e-05 0.03680207526668652 0.09314393203832633 0.9982786502066977 0.13771788039577876 0.9982786502066977 0.03767412963794101 0.04076420400957118
0 0.053522644609479676 0.04208491359053274 0.09413446422404748 0.04472633275245585 0.1783297000103466 0.9982786502066977 0.13969894476722114 0.9956372310447745
0 0.09710606078121094 0.038122784847648084 0.14168000913866338 0.04076420400957118 0.2159699230677508 0.9969579406257363 0.18130129656751004 0.9956372310447745
0 0.14861373443871156 0.03680207526668652 0.1921971506104429 0.03944349442860962 0.25856280705376095 0.9982786502066977 0.2238941805535201 0.9982786502066977
0 0.199130875910491 0.04076420400957118 0.24073322771077998 0.03680207526668652 0.2991746266683288 0.9982786502066977 0.2615344036109244 0.9969579406257363
0 0.24865748519654926 0.04076420400957118 0.2932314335540018 0.04076420400957118 0.33879591409717535 0.9969579406257363 0.3041272875969346 0.9982786502066977
0 0.2981840944826075 0.04076420400957118 0.34176751065433886 0.03416065610476342 0.38138879808318543 0.9982786502066977 0.34275804284006006 0.9956372310447745
0 0.348701235954387 0.04736775191437897 0.3912941199403972 0.04604704233341743 0.41902902114058993 0.9982786502066977 0.384360394640349 0.9956372310447745
0 0.3972373130547242 0.04208491359053274 0.4338870039264071 0.04208491359053274 0.4546881798265518 0.9982786502066977 0.4229911498834744 0.9982786502066977
0 0.4408207292264555 0.03283994652380188 0.48836627414107125 0.03151923694284032 0.4933189350696773 0.9982786502066977 0.46063137294087875 0.9969579406257363
0 0.49232840288395596 0.023594979457070998 0.5398739477985719 0.024915689038032533 0.5359118190556874 0.9982786502066977 0.5002526603697255 0.9929958118828517
0 0.5438360765414568 0.018312141133224772 0.5894005570846303 0.019632850714186332 0.5765236386702552 0.9982786502066977 0.5408644799842932 0.9943165214638131
0 0.5963342823846786 0.023594979457070998 0.6389271663706886 0.018312141133224772 0.6191165226562653 0.9943165214638131 0.5834573639703032 0.9929958118828517
0 0.6480676202684189 0.025454768876526916 0.695387500956795 0.020953560295147885 0.6626999388279967 0.9982786502066977 0.6239596362912704 0.9985406675905182
0 0.7061459453042764 0.0312991286285629 0.7543619132585733 0.023993678938517917 0.7017626754902494 0.9985406675905182 0.668888151885047 0.9999999999999999
0 0.7576493656190934 0.023993678938517917 0.8003862463058566 0.023993678938517917 0.7455953736305192 0.9999999999999999 0.7072417627577832 0.9999999999999999
0 0.8047695161198837 0.022532589000508925 0.8529854840741805 0.01961040912449093 0.7828531670497486 0.9999999999999999 0.7477870085375328 0.9970795776525091
0 0.8573687538882073 0.02691585881453591 0.9055847218425043 0.023993678938517917 0.8266858651900186 0.9999999999999999 0.7872364368637756 0.9999999999999999
0 0.911063809110038 0.023993678938517917 0.9570881421573213 0.023993678938517917 0.8694227458767817 0.9985406675905182 0.8299733175505388 0.9970795776525091
0 0.9629884698169702 0.026010512781700763 0.9963727679929069 0.02457462898918736 1.0000000000000002 0.14518886756031332 0.9069890019089475 0.9999999999999999 0.8714508780442408 0.9999999999999999
