0 0.0 0.02804923258704916 0.0530836063290859 0.029244483170870122 0.1427274001156581 0.7189040700355656 0.09431975147090911 0.7236850723708494
0 0.05846223395628024 0.026853982003228197 0.10866275847676066 0.025658731419407235 0.1965136763876014 0.7141230677002817 0.15079534155644958 0.7212945712032074
0 0.11045563435249212 0.026853982003228197 0.16603478650016687 0.025658731419407235 0.25119639059741045 0.7189040700355656 0.20099586607693 0.7248803229546703
0 0.17051697618949546 0.026853982003228197 0.22340681452357308 0.024463480835586273 0.30050047718002515 0.7189040700355656 0.2538857044110076 0.7236850723708494
0 0.22788900421290167 0.025658731419407235 0.28346815636057643 0.029244483170870122 0.35070100170050555 0.7177088194517446 0.3031897909936223 0.7248803229546703
0 0.2924325357392336 0.025658731419407235 0.34173662232184837 0.025658731419407235 0.39910865034525456 0.7141230677002817 0.3533903155141027 0.7200993206193864
0 0.352493877576237 0.02207297966794435 0.4053837159103146 0.023268230251765307 0.4475162989900035 0.7153183182841026 0.4017979641588517 0.7189040700355656
0 0.4152445332268376 0.020877729084123386 0.4654450577473179 0.019682478500302424 0.49861326144834967 0.7177088194517446 0.45468780249292934 0.7177088194517446
0 0.4726165612502437 0.020877729084123386 0.5246099616464556 0.024463480835586273 0.5443315962795015 0.7165135688679237 0.5013025752619468 0.7236850723708494
0 0.5335743410251127 0.019682478500302424 0.5855677414213246 0.01848722791648146 0.5909463690485189 0.7177088194517446 0.5497102239066958 0.7212945712032074
0 0.5945321207999819 0.02207297966794435 0.6438362073825966 0.020877729084123386 0.6375611418175365 0.7165135688679237 0.5954285587378476 0.7212945712032074
0 0.6501112729476566 0.01848722791648146 0.7021046733438685 0.020877729084123386 0.6850723525244198 0.7141230677002817 0.6429397694447309 0.7153183182841026
0 0.7119654906603914 0.014901476165018572 0.7594767013672747 0.020877729084123386 0.7289978114798401 0.7141230677002817 0.6895545422137483 0.7117325665326398
0 0.7702339566216633 0.014901476165018572 0.7343764391070344 0.7141230677002817 0.780991211876052 0.7153183182841026 0.8195380432042781 0.014901476165018572
0 0.8338810502101296 0.01370622558119761 0.784576963627515 0.7129278171164607 0.829398860520801 0.7177088194517446 0.8858744506063415 0.017291977332660496
0 0.8921495161714015 0.014901476165018572 0.8311917363965324 0.7141230677002817 0.8733243194762214 0.7105373159488187 0.9405571648161505 0.01848722791648146
0 0.9477286683190763 0.01370622558119761 0.9898612513987652 0.01370622558119761 0.9181462163695074 0.703365812445893 0.8769100712276843 0.7093420653649978
