0 0.0 0.35617001985407465 0.038302455327354525 0.35320893081117016 0.1293559433966669 1.325926681405288 0.07494593223329732 1.3333333333333333 0.0005485700303225587 0.6463567460587125
0 0.04163368050062205 0.3517283862897179 0.10492695879270506 0.3517283862897179 0.1837659545600365 1.3303683149696446 0.13157676017884526 1.3333333333333333
0 0.10936859235706176 0.3487672972468135 0.16822023708478803 0.34432566368245676 0.2426175992877628 1.3244461368838356 0.19042840490657156 1.3333333333333333
0 0.17821391260459063 0.34432566368245676 0.24372800767885197 0.3398840301181001 0.3048004691887566 1.333329404012549 0.24705923285211953 1.333329404012549
0 0.25372168319865457 0.33840348559664785 0.31590455309964843 0.3369229410751956 0.3647625223075721 1.333329404012549 0.3081316943620242 1.333329404012549
0 0.32589822861945095 0.3398840301181001 0.3869706901293556 0.33544239655374336 0.4247245754263876 1.333329404012549 0.370314564263018 1.3333333333333333
0 0.3969643656491582 0.32952021846793444 0.4624784607234196 0.320636951339221 0.4924594872828273 1.3318488594910969 0.43138702577292265 1.333329404012549
0 0.47025131946104376 0.32952021846793444 0.5368758229263944 0.3250785849035777 0.5513111320105536 1.3303683149696446 0.49356989567391646 1.3303683149696446
0 0.5468694984461969 0.320636951339221 0.6146044103026366 0.31767586229631656 0.617935635475904 1.333329404012549 0.560194399139267 1.333329404012549
0 0.63681257812442 0.31027313968905534 0.7012162648075922 0.31027313968905534 0.6912225892877897 1.333329404012549 0.6312605361689743 1.3333333333333333
0 0.7023266731986815 0.3147147732534121 0.75 0.3147147732534121 0.75 1.3333333333333333 0.6934434060699681 1.3288877704481923
