0 0.0 0.13744740532959326 0.02717391304347824 0.1332398316970547 0.11448106591865356 0.9845722300140253 0.03558906030855538 0.9887798036465638 0.0 0.6900420757363254
0 0.03558906030855538 0.13744740532959326 0.12394810659186534 0.1332398316970547 0.19547685834502102 0.9873772791023844 0.11974053295932677 0.9859747545582048
0 0.13131136044880784 0.1332398316970547 0.2270336605890603 0.1332398316970547 0.2796283309957924 0.9803646563814867 0.1975806451612903 0.9929873772791024
0 0.23334502103786814 0.13744740532959326 0.31539270687237025 0.1332398316970547 0.354312762973352 0.9789621318373071 0.28383590462833097 0.9831697054698456
0 0.32275596072931273 0.1332398316970547 0.4121669004207574 0.1332398316970547 0.43215287517531553 0.9929873772791024 0.35746844319775595 0.9915848527349229
0 0.4174263674614306 0.1276297335203366 0.5068373071528751 0.13183730715287517 0.5173562412342215 0.9915848527349229 0.43530855539971947 0.9985974754558204
0 0.5152524544179523 0.13183730715287517 0.6025596072931275 0.1276297335203366 0.5962482468443198 0.9915848527349229 0.5194600280504909 0.997194950911641
0 0.6141304347826086 0.1276297335203366 0.701437587657784 0.1276297335203366 0.6793478260869565 0.9915848527349229 0.6004558204768583 1.0
0 0.7130084151472651 0.12482468443197756 0.7929523141654978 0.12482468443197756 0.7634992987377278 1.0 0.689866760168303 0.9985974754558204
0 0.8055750350631136 0.11921458625525946 0.8886746143057503 0.12201963534361852 0.8434431977559607 1.0 0.7687587657784011 1.0
0 0.8991935483870968 0.11640953716690043 0.9865007012622721 0.1150070126227209 0.9307503506311359 0.997194950911641 0.8518583450210379 0.997194950911641
