0 0.04260163747892236 0.1495895239307379 0.08755453918038292 0.1495895239307379 0.069554986182155 0.904377197540698 0.01338707831324349 0.9062573108868904
0 0.09108391181995487 0.15056397282984155 0.1450072426112269 0.14088542627756195 0.12841544852160472 0.9068732534151183 0.07138115633852857 0.9068732534151183
0 0.15122916539483522 0.14088542627756195 0.20411550905550585 0.1367374777551564 0.1875237149658837 0.9068732534151183 0.1315264099134089 0.9096385524300554
0 0.20722647044731 0.13950277677009343 0.2652977497609876 0.13812012726262493 0.25285390419377096 0.916551799967398 0.19063467635768785 0.9151691504599294
0 0.2735936468057986 0.13812012726262493 0.32336902907466514 0.13812012726262493 0.3129991577686513 0.9096385524300554 0.2590758269773793 0.9124038514449923
0 0.32751697759707066 0.13950277677009343 0.3731444113435316 0.1367374777551564 0.37107043708232884 0.9151691504599294 0.3192210805522596 0.9082559029225867
0 0.3804033212577413 0.13120687972528236 0.43536363917961474 0.13258952923275089 0.4364006263102161 0.9151691504599294 0.3772923598659372 0.9124038514449923
0 0.4436595362244258 0.12844158071034534 0.49758286701569776 0.1270589312028768 0.49861985414629917 0.9179344494748665 0.4395115877020202 0.916551799967398
0 0.5058787640605089 0.12291098268047129 0.5577281205905781 0.12014568366553426 0.5639500433741864 0.9193170989823349 0.5027678026687048 0.9206997484898035
0 0.5660240176353891 0.11876303415806574 0.6220213226878639 0.12014568366553426 0.6334281811244791 0.9206997484898035 0.5691349790271933 0.9234650475047405
0 0.6272062583408708 0.12152833317300277 0.684240550523947 0.1242936321879398 0.6997953574829678 0.9179344494748665 0.6386131167774861 0.9206997484898035
0 0.6883884990463526 0.12567628169540832 0.7423118298376246 0.12567628169540832 0.7640885595802537 0.913786500952461 0.7070542673971776 0.913786500952461
0 0.7495707397518343 0.12152833317300277 0.8055680448043091 0.11876303415806574 0.8314927230693437 0.916551799967398 0.7671995209720578 0.916551799967398
0 0.8138639418491201 0.11461508563566021 0.8667502855097908 0.10493653908338062 0.896822912297231 0.9234650475047405 0.8356406715917493 0.916551799967398
0 0.8771201568158047 0.10493653908338062 0.937265410390685 0.10078859056097508 0.9745969470923349 0.922082397997272 0.9144516935174545 0.922082397997272
