0 0.0 0.08835904628330997 0.06714586255259465 0.09256661991584852 0.041900420757363235 0.8948106591865358 0.0 0.9004207573632539
0 0.07766479663394107 0.09256661991584852 0.13972650771388498 0.09256661991584852 0.11658485273492285 0.8990182328190743 0.04715988779803644 0.8976157082748949
0 0.14708976157082748 0.0967741935483871 0.2144109396914446 0.09957924263674615 0.1902173913043478 0.9032258064516129 0.12289621318373069 0.9004207573632539
0 0.21861851332398313 0.10098176718092566 0.2848877980364656 0.10378681626928471 0.2659537166900421 0.906030855539972 0.19652875175315565 0.908835904628331
0 0.28804347826086957 0.10518934081346425 0.3553646563814867 0.11079943899018234 0.342741935483871 0.9046283309957924 0.269109396914446 0.9102384291725105
0 0.36272791023842915 0.1093969144460028 0.4268934081346424 0.1150070126227209 0.4174263674614306 0.908835904628331 0.3469495091164095 0.9116409537166901
0 0.4332047685834502 0.1093969144460028 0.49421458625525944 0.1150070126227209 0.4889551192145863 0.9116409537166901 0.4184782608695652 0.9144460028050491
0 0.501577840112202 0.11360448807854137 0.5646914446002804 0.11781206171107995 0.5646914446002804 0.9158485273492286 0.4931626928471248 0.9144460028050491
0 0.5720546984572229 0.12061711079943899 0.6362201963534361 0.12061711079943899 0.6372720897615708 0.9172510518934082 0.5667952314165497 0.9172510518934082
0 0.6446353436185133 0.12061711079943899 0.7077489481065918 0.12482468443197756 0.7077489481065918 0.9158485273492286 0.6435834502103785 0.9242636746143057
0 0.7119565217391304 0.12061711079943899 0.7750701262272089 0.12201963534361852 0.7803295932678822 0.9186535764375876 0.7151122019635343 0.9200561009817672
0 0.7792776998597475 0.12482468443197756 0.842391304347826 0.1276297335203366 0.8476507713884993 0.9200561009817672 0.783485273492286 0.9200561009817672
0 0.8508064516129031 0.12903225806451613 0.912868162692847 0.1332398316970547 0.919179523141655 0.9186535764375876 0.857117812061711 0.9228611500701261
0 0.919179523141655 0.13464235624123422 0.9812412342215988 0.13744740532959326 0.989656381486676 0.9228611500701261 0.9254908835904627 0.9172510518934082
