0 0.05050000 0.87416667 0.02050000 0.86950000 0.01275000 0.86583333 0.00887500 0.85766667 0.00262500 0.70900000 0.00012500 0.70466667 0.00025000 0.27150000 0.02750000 0.27150000 0.03462500 0.27566667 0.05062500 0.64733333 0.06262500 0.85600000 0.06187500 0.86933333
0 0.11975000 0.88983333 0.07250000 0.88583333 0.06762500 0.88166667 0.06562500 0.87133333 0.03262500 0.19366667 0.03287500 0.17800000 0.03725000 0.17416667 0.09825000 0.17683333 0.10312500 0.18966667 0.12837500 0.85766667 0.12712500 0.88466667
0 0.10370370 0.17222222 0.17129630 0.17592593 0.19351852 0.89074074 0.12870370 0.88950617
0 0.24675000 0.90150000 0.19750000 0.89916667 0.19287500 0.88933333 0.19162500 0.77166667 0.18112500 0.53000000 0.17762500 0.39000000 0.17737500 0.25200000 0.17337500 0.17766667 0.17775000 0.17283333 0.23275000 0.17450000 0.24162500 0.17800000 0.24337500 0.18966667 0.24987500 0.45000000 0.25337500 0.87233333 0.25312500 0.89666667
0 0.31525000 0.90883333 0.25512500 0.90366667 0.24825000 0.17850000 0.31575000 0.18150000 0.31912500 0.18733333 0.31862500 0.86100000 0.31837500 0.90300000
0 0.38100000 0.91883333 0.33075000 0.91550000 0.32225000 0.91250000 0.32037500 0.90466667 0.32037500 0.18533333 0.32525000 0.17983333 0.39275000 0.18183333 0.39537500 0.18966667 0.38862500 0.89333333 0.38762500 0.91233333
0 0.42125000 0.91616667 0.39675000 0.91416667 0.39462500 0.90466667 0.39887500 0.21700000 0.40450000 0.18850000 0.47100000 0.18883333 0.47387500 0.19833333 0.45987500 0.90633333 0.45500000 0.91483333
0 0.52000000 0.93483333 0.46750000 0.93216667 0.46287500 0.92933333 0.46212500 0.92000000 0.47512500 0.23933333 0.47862500 0.17500000 0.48550000 0.17183333 0.53275000 0.17350000 0.54987500 0.18200000 0.52762500 0.92833333
0 0.59600000 0.92983333 0.53700000 0.92516667 0.53162500 0.92000000 0.55462500 0.18933333 0.55675000 0.18283333 0.56325000 0.18150000 0.62700000 0.18383333 0.63187500 0.18933333 0.60087500 0.91900000
0 0.61550000 0.95116667 0.60737500 0.94633333 0.60487500 0.92033333 0.63487500 0.17733333 0.64525000 0.16816667 0.71700000 0.17083333 0.71987500 0.17400000 0.71937500 0.19066667 0.67812500 0.93966667 0.67400000 0.95083333
0 0.72685185 0.16728395 0.80833333 0.16851852 0.75648148 0.96358025 0.69259259 0.96234568
