0 0.05833333 0.17474747 0.14621212 0.16363636 0.23181818 0.98080808 0.14848485 0.99494949
0 0.29350000 0.96283333 0.25300000 0.95550000 0.24625000 0.95183333 0.24362500 0.94333333 0.17787500 0.20800000 0.17712500 0.18600000 0.18075000 0.18316667 0.24000000 0.17383333 0.24850000 0.17550000 0.25137500 0.18200000 0.26262500 0.28333333 0.30962500 0.94933333 0.30675000 0.96016667
0 0.37500000 0.98083333 0.31950000 0.97583333 0.31287500 0.96233333 0.25887500 0.20233333 0.25837500 0.17800000 0.26350000 0.17450000 0.32875000 0.16950000 0.34687500 0.17400000 0.38712500 0.95166667 0.38512500 0.97466667
0 0.44025000 0.98583333 0.39625000 0.98350000 0.39112500 0.96766667 0.35187500 0.18000000 0.35287500 0.17033333 0.36125000 0.16616667 0.43225000 0.16383333 0.43712500 0.16933333 0.46537500 0.96533333 0.46300000 0.98250000
0 0.49500000 0.99050000 0.47475000 0.98850000 0.46862500 0.97766667 0.44062500 0.17233333 0.44137500 0.16633333 0.44850000 0.16116667 0.52150000 0.15716667 0.53212500 0.16766667 0.54987500 0.96800000 0.54912500 0.98233333 0.54525000 0.98716667
0 0.57825000 0.98716667 0.56000000 0.98416667 0.55487500 0.96600000 0.53762500 0.16700000 0.54475000 0.15716667 0.62000000 0.15350000 0.62412500 0.15833333 0.62937500 0.97466667 0.61975000 0.98383333
0 0.67850000 0.98350000 0.64175000 0.98150000 0.63362500 0.96800000 0.62862500 0.15833333 0.63800000 0.15283333 0.71125000 0.14983333 0.71512500 0.15433333 0.71537500 0.19966667 0.71112500 0.97100000 0.70500000 0.98016667
0 0.75825000 0.98150000 0.72050000 0.97916667 0.71562500 0.96700000 0.71937500 0.15800000 0.72125000 0.15050000 0.73200000 0.14683333 0.80300000 0.14483333 0.80737500 0.15300000 0.79462500 0.96733333 0.78750000 0.97883333
0 0.81100000 0.96450000 0.79825000 0.96383333 0.79587500 0.95233333 0.80887500 0.15066667 0.88900000 0.14583333 0.89412500 0.15000000 0.89412500 0.19133333 0.87162500 0.95133333 0.86500000 0.95983333
0 0.90681818 0.13737374 0.99848485 0.12727273 0.99848485 0.22828283 0.95606061 0.97171717 0.87424242 0.96464646
