0 0.08134921 0.84413580 0.07180060 0.84171076 0.01302083 0.44708995 0.00235615 0.39285714 0.00012401 0.39153439 0.00024802 0.08223104 0.01413690 0.08134921 0.01946925 0.08818342 0.03211806 0.19753086 0.04154266 0.24514991 0.05344742 0.34259259 0.05691964 0.35317460 0.06634425 0.44312169 0.08519345 0.55643739 0.12165179 0.81393298 0.12264385 0.82627866 0.11979167 0.83090829
0 0.13913690 0.83796296 0.12686012 0.83421517 0.12214782 0.80511464 0.10652282 0.68121693 0.09511409 0.61243386 0.09238591 0.57186949 0.07899306 0.50264550 0.07378472 0.45546737 0.06832837 0.43650794 0.05791171 0.33068783 0.04873512 0.28483245 0.04377480 0.23633157 0.03707837 0.20943563 0.03583829 0.18165785 0.02442956 0.10758377 0.02628968 0.09589947 0.08060516 0.08708113 0.08916171 0.12698413 0.17547123 0.82186949 0.17013889 0.83046737
0 0.20262897 0.83840388 0.18179563 0.83619929 0.17745536 0.82010582 0.09015377 0.10758377 0.09151786 0.10339506 0.15451389 0.09810406 0.15835813 0.10361552 0.16257440 0.14550265 0.16257440 0.17813051 0.16629464 0.21075838 0.19208829 0.45546737 0.19556052 0.51146384 0.20176091 0.54497354 0.21143353 0.68430335 0.20944940 0.83156966
0 0.25446429 0.83575838 0.24355159 0.83487654 0.23846726 0.82627866 0.23325893 0.76102293 0.16827877 0.17768959 0.16356647 0.10802469 0.16989087 0.10119048 0.21577381 0.09898589 0.22147817 0.10295414 0.22408234 0.11243386 0.25235615 0.38492063 0.25409226 0.42768959 0.28683036 0.79144621 0.28707837 0.81481481 0.28323413 0.82649912
0 0.30431548 0.84016755 0.29451885 0.83553792 0.28955853 0.78791887 0.26574901 0.48236332 0.23995536 0.19356261 0.23400298 0.11155203 0.23561508 0.10692240 0.28794643 0.10559965 0.29278274 0.11111111 0.33023313 0.57583774 0.34660218 0.81966490 0.34610615 0.82627866 0.34201389 0.83090829
0 0.36259921 0.83575838 0.35292659 0.83443563 0.35131448 0.82451499 0.32552083 0.12125220 0.32638889 0.11529982 0.33060516 0.11397707 0.37723214 0.11133157 0.38157242 0.12698413 0.39000496 0.34611993 0.40215774 0.82275132 0.39657738 0.83179012
0 0.42857143 0.83531746 0.40823413 0.83443563 0.40562996 0.83024691 0.38888889 0.10559965 0.44469246 0.11089065 0.44878472 0.11728395 0.45473710 0.82363316 0.45163690 0.83090829
0 0.46800595 0.83928571 0.45932540 0.83487654 0.45746528 0.82231041 0.45126488 0.11640212 0.45486111 0.10912698 0.50396825 0.11133157 0.50830853 0.11948854 0.50880456 0.82892416 0.50595238 0.83487654
0 0.53720238 0.84104938 0.52554563 0.84016755 0.51388889 0.83179012 0.51277282 0.82716049 0.50979663 0.13756614 0.51029266 0.12654321 0.51339286 0.12147266 0.56473214 0.12103175 0.56932044 0.12698413 0.56684028 0.28703704 0.56659226 0.81525573 0.56448413 0.83090829 0.55233135 0.83840388
0 0.58878968 0.83928571 0.57638889 0.83796296 0.57204861 0.83421517 0.57056052 0.82671958 0.57403274 0.12786596 0.57626488 0.11596120 0.58010913 0.11133157 0.62425595 0.11089065 0.63206845 0.12389771 0.62958829 0.15608466 0.62115575 0.82407407 0.61681548 0.83355379
0 0.65054563 0.84193122 0.62673611 0.83972663 0.62313988 0.83024691 0.63330853 0.13095238 0.63467262 0.12323633 0.63988095 0.12103175 0.69221230 0.12191358 0.69580853 0.12522046 0.69729663 0.13536155 0.69184028 0.21693122 0.67373512 0.82716049 0.67113095 0.83840388
0 0.69394841 0.84237213 0.67931548 0.83840388 0.67671131 0.82231041 0.69332837 0.26014109 0.69977679 0.12654321 0.70213294 0.11926808 0.70709325 0.11794533 0.75223214 0.11882716 0.75781250 0.12654321 0.75657242 0.18606702 0.73003472 0.82495591 0.72519841 0.83619929
0 0.74727183 0.84060847 0.73586310 0.83840388 0.73201885 0.82275132 0.76103671 0.13756614 0.76289683 0.12940917 0.76959325 0.12676367 0.81423611 0.12852734 0.81609623 0.13800705 0.81187996 0.25485009 0.78360615 0.82451499 0.77926587 0.83664021
0 0.91245040 0.84325397 0.89285714 0.83884480 0.88653274 0.82231041 0.89645337 0.71252205 0.89992560 0.70149912 0.90042163 0.68694885 0.90314980 0.68562610 0.91530258 0.53262787 0.92026290 0.51366843 0.92323909 0.45414462 0.95424107 0.14153439 0.96056548 0.13381834 0.99975198 0.13425926 0.99975198 0.23324515 0.99714782 0.24074074 0.98375496 0.39285714 0.97656250 0.44047619 0.96763393 0.56525573 0.95200893 0.70061728 0.95275298 0.72089947 0.94109623 0.83024691 0.93960813 0.83818342 0.93551587 0.84104938
0 0.83595938 0.12867863 0.88410364 0.13040772 0.83498677 0.83673963 0.78732882 0.83933326
0 0.90890523 0.12954318 0.95364535 0.13732407 0.88069950 0.82809420 0.83595938 0.82895874
