0 0.08680556 0.99955908 0.02442956 0.99955908 0.00012401 0.53130511 0.00024802 0.00022046 0.04042659 0.00022046 0.06659226 0.01190476
0 0.15277778 0.99955908 0.09238591 0.99955908 0.07155258 0.11507937 0.06981647 0.01278660 0.07217262 0.00639330 0.10763889 0.00771605 0.14657738 0.02094356 0.15017361 0.02733686
0 0.21056548 0.99955908 0.15600198 0.99955908 0.15538194 0.99426808 0.15339782 0.08156966 0.15389385 0.03130511 0.15972222 0.02579365 0.21800595 0.03417108 0.22743056 0.04078483 0.22978671 0.05335097
0 0.26934524 0.99955908 0.21527778 0.99955908 0.21490575 0.99426808 0.23152282 0.05291005 0.23263889 0.04828042 0.24727183 0.04607584 0.29836310 0.05401235 0.30295139 0.06216931
0 0.32762897 0.99955908 0.27331349 0.99955908 0.27269345 0.99559083 0.30121528 0.13977072 0.30468750 0.06393298 0.31001984 0.05445326 0.35515873 0.06062610 0.37388393 0.07231041 0.35801091 0.43959436
0 0.35367063 0.99955908 0.33209325 0.99955908 0.33172123 0.97134039 0.35528274 0.54144621 0.37512401 0.08024691 0.38169643 0.07076720 0.41220238 0.08487654 0.41617063 0.07870370 0.42212302 0.08002646 0.42385913 0.08531746 0.43452381 0.08796296 0.43663194 0.10317460 0.38107639 0.97839506 0.37748016 0.98567019
0 0.39732143 0.98699295 0.38368056 0.98434744 0.38306052 0.96693122 0.41778274 0.46252205 0.43812004 0.09391534 0.44444444 0.08575838 0.46676587 0.09325397 0.49429563 0.09413580 0.49739583 0.10273369 0.49069940 0.20546737 0.46118552 0.55908289 0.43191964 0.96560847 0.42782738 0.97552910
0 0.44370040 0.98170194 0.43390377 0.97089947 0.43464782 0.94664903 0.46540179 0.57231041 0.49813988 0.11948854 0.50223214 0.09810406 0.53621032 0.10383598 0.55146329 0.11375661 0.55146329 0.14417989 0.51773313 0.51410935 0.50806052 0.58818342 0.50285218 0.68562610 0.47904266 0.94841270 0.47098214 0.96847443
0 0.49057540 0.96318342 0.48177083 0.95502646 0.48226687 0.92328042 0.49640377 0.79100529 0.53187004 0.36111111 0.54228671 0.27557319 0.55543155 0.11860670 0.55679563 0.11133157 0.56001984 0.11574074 0.59623016 0.11926808 0.60602679 0.13315697 0.60602679 0.15388007 0.57056052 0.45943563 0.52616567 0.93694885 0.51760913 0.95171958
0 0.53844246 0.93805115 0.52814980 0.93562610 0.52914187 0.91754850 0.60925099 0.13624339 0.61098710 0.12698413 0.61532738 0.12279541 0.64682540 0.12852734 0.65042163 0.14329806 0.60652282 0.52072310 0.56584821 0.92063492 0.55977183 0.93187831
0 0.58457341 0.93364198 0.57043651 0.93231922 0.56758433 0.92768959 0.56758433 0.91578483 0.61793155 0.44047619 0.65414187 0.13139330 0.65897817 0.12676367 0.69543651 0.13470018 0.70200893 0.13888889 0.70176091 0.15343915 0.63802083 0.63844797 0.60949901 0.90828924 0.60590278 0.92438272
0 0.70593786 0.14188928 0.75009679 0.15156794 0.64786585 0.92155977 0.60975610 0.92801222
0 0.75009679 0.14511550 0.79123113 0.15694498 0.68174119 0.90865488 0.65089044 0.91510733
0 0.70362103 0.90939153 0.68824405 0.90762787 0.68415179 0.90079365 0.68415179 0.89285714 0.75930060 0.36199295 0.77641369 0.26014109 0.78236607 0.20414462 0.79265873 0.15806878 0.83258929 0.16600529 0.83519345 0.17328042 0.83370536 0.19003527 0.82750496 0.21781305 0.78633433 0.48677249 0.77021329 0.57275132 0.76847718 0.59656085 0.72160218 0.89726631 0.71577381 0.90542328
0 0.83962447 0.17092528 0.87652439 0.17845313 0.75554104 0.89897621 0.72529520 0.90757947
0 0.88075881 0.17845313 0.91463415 0.19243343 0.78760163 0.88929754 0.76763937 0.90005162 0.75917054 0.90112703
0 0.91402923 0.18275476 0.94790457 0.19243343 0.81421796 0.88176969 0.79002129 0.88822214
0 0.95213899 0.19028262 0.99145858 0.20318751 0.85414247 0.87961888 0.82510647 0.88499591
0 0.99690283 0.20211210 0.99932249 0.32685938 0.88015389 0.86671398 0.85777197 0.87316643
0 0.99750774 0.34191509 0.99750774 0.48171807 0.91100465 0.86133695 0.88317847 0.86563858
