0 0.07760141 0.82899306 0.06128748 0.82676091 0.05533510 0.81919643 0.04475309 0.53769841 0.03549383 0.11111111 0.03902116 0.10367063 0.05291005 0.10131448 0.11772487 0.10354663 0.12367725 0.12326389 0.13073192 0.81473214 0.12698413 0.82775298
0 0.19532628 0.83345734 0.14329806 0.83023313 0.13470018 0.81150794 0.12632275 0.11160714 0.14373898 0.10677083 0.20899471 0.10999504 0.22111993 0.11259921 0.22420635 0.11929563 0.21009700 0.82390873 0.20745150 0.83035714
0 0.27204586 0.83916171 0.22178131 0.83519345 0.21450617 0.83010913 0.22641093 0.12326389 0.23280423 0.10999504 0.25176367 0.10925099 0.30423280 0.11123512 0.31900353 0.11879960 0.28725750 0.82837302 0.28417108 0.83655754
0 0.36243386 0.84337798 0.31172840 0.84188988 0.29387125 0.83234127 0.32076720 0.12251984 0.32671958 0.11520337 0.33994709 0.11396329 0.41446208 0.11867560 0.41909171 0.13616071 0.37367725 0.83085317
0 0.42063492 0.84561012 0.38227513 0.84362599 0.37852734 0.82415675 0.42305996 0.12673611 0.42879189 0.11135913 0.44356261 0.10900298 0.50705467 0.11123512 0.52050265 0.12028770 0.45304233 0.83630952 0.44753086 0.84387401
0 0.51234568 0.85057044 0.47685185 0.84598214 0.47288360 0.82217262 0.52711640 0.12276786 0.52954145 0.11867560 0.60052910 0.11917163 0.62014991 0.12723214 0.54960317 0.82688492 0.54519400 0.84747024
0 0.66622575 0.86346726 0.63844797 0.86346726 0.62411817 0.85838294 0.61397707 0.83110119 0.62544092 0.13467262 0.63183422 0.12710813 0.66225750 0.12611607 0.72089947 0.12810020 0.72420635 0.13368056 0.70083774 0.85788690 0.69356261 0.86272321
0 0.76455026 0.86073909 0.71428571 0.86024306 0.70480600 0.85342262 0.72949735 0.13169643 0.73280423 0.12686012 0.75132275 0.12537202 0.80335097 0.12611607 0.81238977 0.13492063 0.77667549 0.83730159 0.77447090 0.85788690
0 0.84215168 0.86272321 0.79144621 0.86024306 0.78152557 0.85069444 0.81679894 0.13888889 0.83024691 0.13231647 0.90476190 0.12983631 0.90939153 0.19146825 0.87632275 0.60912698 0.85295414 0.85763889
0 0.91225750 0.86768353 0.86948854 0.86569940 0.86044974 0.85912698 0.86000882 0.84573413 0.91820988 0.15054563 0.99691358 0.14744544 0.99955908 0.29960317 0.93761023 0.85863095 0.93518519 0.86569940
