0 0.53725000 0.99966667 0.51375000 0.99966667 0.51337500 0.99400000 0.54362500 0.76100000 0.58012500 0.42400000 0.62587500 0.05600000 0.63275000 0.03716667 0.65275000 0.03616667 0.65662500 0.04066667 0.65512500 0.06166667
0 0.51100000 0.99966667 0.48375000 0.99966667 0.48437500 0.97900000 0.50862500 0.76866667 0.51462500 0.74600000 0.51762500 0.68566667 0.55937500 0.31866667 0.56487500 0.30466667 0.59537500 0.05033333 0.59950000 0.03883333 0.62325000 0.03983333 0.62337500 0.07600000
0 0.48125000 0.99966667 0.45562500 0.99966667 0.46137500 0.93033333 0.55662500 0.05300000 0.56450000 0.03483333 0.58275000 0.03316667 0.58937500 0.03766667 0.59087500 0.04933333
0 0.45275000 0.99966667 0.42587500 0.99966667 0.42987500 0.93900000 0.52137500 0.04966667 0.52575000 0.03316667 0.54925000 0.03283333 0.55587500 0.04100000 0.55562500 0.06233333
0 0.42100000 0.99966667 0.39412500 0.99966667 0.39562500 0.96566667 0.48487500 0.07733333 0.49075000 0.04450000 0.51375000 0.04116667 0.51962500 0.04800000 0.51437500 0.11166667
0 0.39300000 0.99966667 0.37175000 0.99966667 0.37162500 0.99500000 0.45312500 0.10733333 0.46187500 0.04933333 0.48275000 0.04850000 0.48687500 0.05533333 0.48387500 0.09433333 0.40637500 0.84500000 0.40112500 0.92833333 0.39662500 0.93166667
0 0.36850000 0.99966667 0.34487500 0.99966667 0.35162500 0.91633333 0.42762500 0.07133333 0.43175000 0.05283333 0.44900000 0.04883333 0.45762500 0.05666667 0.45162500 0.13033333
0 0.34350000 0.99966667 0.31925000 0.99966667 0.32037500 0.97100000 0.35612500 0.57300000 0.39512500 0.06466667 0.39925000 0.05283333 0.42000000 0.05183333 0.42612500 0.06100000 0.42087500 0.14400000
0 0.31700000 0.99966667 0.29325000 0.99966667 0.29287500 0.99233333 0.34512500 0.26400000 0.36137500 0.05766667 0.36525000 0.04716667 0.38650000 0.04783333 0.39437500 0.05666667 0.38937500 0.14366667
0 0.29025000 0.99966667 0.26600000 0.99966667 0.26662500 0.98066667 0.32862500 0.06400000 0.33325000 0.04783333 0.34975000 0.04783333 0.35762500 0.05300000 0.35962500 0.06300000 0.35737500 0.15833333 0.34512500 0.25233333
0 0.26425000 0.99966667 0.24050000 0.99966667 0.24012500 0.99433333 0.27712500 0.46333333 0.29862500 0.07700000 0.30300000 0.05750000 0.32200000 0.05650000 0.32737500 0.06400000 0.32662500 0.09966667
0 0.23750000 0.99966667 0.21937500 0.99966667 0.22037500 0.95333333 0.26662500 0.14366667 0.27312500 0.06400000 0.27575000 0.05850000 0.28500000 0.05783333 0.29937500 0.06433333 0.29387500 0.20566667 0.28662500 0.25933333 0.24437500 0.94900000
0 0.21475000 0.99966667 0.19162500 0.99966667 0.19287500 0.93933333 0.23612500 0.07033333 0.23975000 0.05683333 0.25325000 0.05650000 0.26812500 0.06466667 0.26837500 0.10800000 0.23787500 0.55266667 0.23262500 0.72133333
0 0.18825000 0.99966667 0.16575000 0.99966667 0.16562500 0.97366667 0.20212500 0.07233333 0.20525000 0.05550000 0.21800000 0.05483333 0.23412500 0.06200000 0.23487500 0.08800000
0 0.16325000 0.99966667 0.14262500 0.99966667 0.14837500 0.79533333 0.17237500 0.09866667 0.17537500 0.06333333 0.19100000 0.05883333 0.20162500 0.06300000 0.20187500 0.08500000
0 0.14125000 0.99966667 0.11225000 0.99966667 0.11212500 0.99133333 0.13637500 0.17733333 0.14237500 0.06533333 0.15175000 0.06183333 0.16625000 0.06316667 0.16962500 0.06833333 0.17062500 0.14300000 0.15387500 0.48733333
0 0.04300000 0.99966667 0.01262500 0.99966667 0.01112500 0.06033333 0.02325000 0.05516667 0.04200000 0.05983333 0.04412500 0.08000000
0 0.04500000 0.05222222 0.07333333 0.05222222 0.06833333 0.99555556 0.04500000 0.99777778
0 0.10000000 0.07111111 0.12083333 0.07111111 0.10086440 0.99966667 0.08333333 0.99966667
0 0.12166667 0.07333333 0.14333333 0.07333333 0.11179152 0.99966667 0.09750000 0.99966667
