0 0.07675000 0.80750000 0.06125000 0.80716667 0.05562500 0.80233333 0.01137500 0.61700000 0.00012500 0.58333333 0.00025000 0.17683333 0.01037500 0.20333333 0.02237500 0.25633333 0.03262500 0.31666667 0.13187500 0.79100000 0.13100000 0.79616667 0.12325000 0.79916667
0 0.15825000 0.79950000 0.13850000 0.79716667 0.12987500 0.76833333 0.03337500 0.30266667 0.02762500 0.26033333 0.01612500 0.21766667 0.00587500 0.15866667 0.00975000 0.14916667 0.05450000 0.14183333 0.09600000 0.14050000 0.10287500 0.15066667 0.21037500 0.77966667 0.20962500 0.78733333 0.20125000 0.79283333
0 0.22450000 0.78816667 0.21600000 0.78750000 0.21262500 0.77966667 0.15237500 0.40833333 0.11137500 0.17800000 0.10712500 0.14266667 0.12700000 0.13483333 0.18175000 0.13350000 0.18712500 0.14266667 0.19287500 0.17033333 0.20387500 0.27966667 0.20962500 0.29800000 0.21437500 0.34200000 0.21737500 0.34600000 0.22287500 0.40466667 0.23262500 0.45533333 0.23737500 0.50666667 0.24812500 0.56466667 0.24962500 0.59066667 0.27612500 0.76633333 0.27562500 0.77300000 0.26725000 0.77983333
0 0.30300000 0.79250000 0.28350000 0.78850000 0.27887500 0.76866667 0.21962500 0.35766667 0.19187500 0.14200000 0.19375000 0.13316667 0.20450000 0.12650000 0.27500000 0.12216667 0.28112500 0.12600000 0.28337500 0.13733333 0.32362500 0.49733333 0.34762500 0.74500000 0.34500000 0.78850000
0 0.35875000 0.78250000 0.35287500 0.77566667 0.34037500 0.62733333 0.28562500 0.13133333 0.28775000 0.11850000 0.35625000 0.11250000 0.36925000 0.11416667 0.37412500 0.12100000 0.42037500 0.76266667 0.41275000 0.77316667
0 0.45000000 0.77516667 0.42650000 0.77183333 0.42237500 0.76100000 0.40287500 0.45233333 0.37762500 0.13133333 0.37837500 0.11933333 0.38675000 0.10950000 0.44500000 0.10283333 0.45225000 0.10383333 0.45787500 0.11233333 0.46862500 0.16866667 0.49062500 0.71933333 0.48662500 0.77033333
0 0.50225000 0.77350000 0.49637500 0.77100000 0.49387500 0.74566667 0.47112500 0.14700000 0.47187500 0.10533333 0.47875000 0.09483333 0.54900000 0.09216667 0.55775000 0.09483333 0.56162500 0.10866667 0.56437500 0.75366667 0.56075000 0.76416667
0 0.58600000 0.77283333 0.57275000 0.77116667 0.56837500 0.76400000 0.56712500 0.75066667 0.56462500 0.37566667 0.56687500 0.09200000 0.56825000 0.08750000 0.57800000 0.08316667 0.65050000 0.08016667 0.65812500 0.08800000 0.65712500 0.15366667 0.63787500 0.75966667 0.63025000 0.76750000
0 0.66075000 0.77183333 0.64262500 0.76366667 0.64087500 0.74200000 0.65712500 0.22400000 0.66537500 0.08400000 0.67375000 0.07150000 0.74850000 0.06750000 0.75212500 0.07266667 0.71562500 0.74466667 0.71275000 0.75150000
0 0.73650000 0.75916667 0.72475000 0.75750000 0.71987500 0.74933333 0.71962500 0.70066667 0.75587500 0.07600000 0.76000000 0.06416667 0.77100000 0.05883333 0.85325000 0.05650000 0.85487500 0.08400000 0.79912500 0.73700000 0.79500000 0.74650000 0.78875000 0.75016667
0 0.91250000 0.04111111 0.98083333 0.03777778 0.86750000 0.72666667 0.81083333 0.74666667
0 0.99583333 0.10222222 0.91333333 0.74666667 0.95333333 0.72444444 0.99975000 0.40173810
