0 0.09176587 0.76432981 0.07242063 0.76388889 0.06560020 0.75176367 0.01178075 0.16534392 0.00235615 0.07363316 0.00012401 0.07186949 0.00024802 0.00022046 0.08308532 0.00022046 0.08444940 0.00573192 0.11371528 0.37522046 0.11793155 0.45811287 0.14223710 0.74779541 0.14124504 0.75661376 0.13591270 0.76124339
0 0.18526786 0.76565256 0.15004960 0.76565256 0.14521329 0.75661376 0.09337798 0.07671958 0.08978175 0.00022046 0.17497520 0.00044092 0.20324901 0.47486772 0.22234623 0.73500882 0.22234623 0.75617284 0.21949405 0.76300705
0 0.28447421 0.77314815 0.23263889 0.76962081 0.22606647 0.76322751 0.20796131 0.49779541 0.17956349 0.00022046 0.27182540 0.00022046 0.27343750 0.01014109 0.28484623 0.35185185 0.29675099 0.57495591 0.30121528 0.74955908 0.29910714 0.76697531
0 0.37152778 0.77270723 0.31522817 0.76873898 0.31088790 0.75925926 0.28931052 0.26587302 0.28075397 0.00022046 0.36966766 0.00044092 0.37760417 0.20149912 0.38678075 0.73412698 0.38430060 0.76719577
0 0.40823413 0.77535273 0.39856151 0.77270723 0.39694940 0.75837743 0.37909226 0.00044092 0.47172619 0.00022046 0.47507440 0.76146384 0.47048611 0.76873898
0 0.55357143 0.77402998 0.48635913 0.77226631 0.48177083 0.76278660 0.47792659 0.00022046 0.57031250 0.00044092 0.56237599 0.73500882 0.56063988 0.76410935 0.55753968 0.77270723
0 0.64508929 0.76962081 0.57762897 0.76917989 0.57217262 0.76653439 0.56981647 0.75573192 0.57180060 0.32583774 0.57886905 0.00022046 0.66728671 0.00044092 0.65166171 0.66534392 0.65091766 0.68694885 0.64868552 0.68959436 0.65190972 0.69620811 0.65190972 0.71384480 0.64893353 0.76366843
0 0.72147817 0.77843915 0.66493056 0.77667549 0.65811012 0.77116402 0.65637401 0.76058201 0.66207837 0.42283951 0.67646329 0.02116402 0.68005952 0.00022046 0.77405754 0.00022046 0.74119544 0.74382716 0.73635913 0.77535273
0 0.81076389 0.77314815 0.75446429 0.77226631 0.74913194 0.76719577 0.74516369 0.75044092 0.75954861 0.40873016 0.77914187 0.03571429 0.78323413 0.00022046 0.87648810 0.00022046 0.82849702 0.75749559 0.82589286 0.76829806
0 0.85987103 0.77447090 0.84226190 0.77358907 0.83792163 0.76851852 0.83444940 0.72883598 0.85677083 0.48544974 0.87338790 0.26455026 0.87636409 0.18562610 0.88405258 0.11992945 0.89174107 0.00617284 0.89360119 0.00022046 0.98759921 0.00022046 0.92100694 0.76410935 0.91691468 0.77314815
