0 0.05350000 0.79850000 0.02525000 0.79816667 0.01775000 0.79583333 0.01712500 0.79200000 0.00687500 0.16166667 0.00925000 0.14616667 0.02975000 0.14250000 0.04750000 0.14316667 0.05137500 0.15600000 0.05887500 0.77333333 0.05862500 0.79533333
0 0.08825000 0.80316667 0.06850000 0.80250000 0.06200000 0.79916667 0.06012500 0.79300000 0.05387500 0.16200000 0.05487500 0.14933333 0.06050000 0.14550000 0.09550000 0.14583333 0.10062500 0.15733333 0.10562500 0.79600000 0.09975000 0.80250000
0 0.13950000 0.80616667 0.11125000 0.80550000 0.10612500 0.79600000 0.10262500 0.33366667 0.10312500 0.16966667 0.10750000 0.14683333 0.13600000 0.15050000 0.15137500 0.15833333 0.15512500 0.39533333 0.15262500 0.49266667 0.15462500 0.79533333 0.15225000 0.80416667
0 0.18925000 0.80816667 0.15975000 0.80716667 0.15412500 0.80266667 0.15162500 0.16166667 0.15337500 0.15500000 0.15700000 0.15350000 0.19425000 0.15383333 0.19737500 0.15800000 0.19837500 0.17233333 0.20212500 0.79966667 0.19775000 0.80683333
0 0.24350000 0.80916667 0.20550000 0.80683333 0.20387500 0.79600000 0.20287500 0.18466667 0.20337500 0.15833333 0.20500000 0.15416667 0.21250000 0.15250000 0.24400000 0.15383333 0.24687500 0.17533333 0.25087500 0.49633333 0.25062500 0.79766667 0.24937500 0.80666667
0 0.28325000 0.81183333 0.25725000 0.81083333 0.25337500 0.80266667 0.25187500 0.19333333 0.25337500 0.15800000 0.25625000 0.15050000 0.26375000 0.14750000 0.28950000 0.15050000 0.29937500 0.15733333 0.30037500 0.16533333 0.30062500 0.80333333 0.29575000 0.81016667
0 0.33800000 0.81483333 0.30625000 0.81283333 0.30237500 0.81066667 0.30187500 0.80400000 0.30312500 0.18966667 0.30437500 0.15700000 0.30675000 0.15016667 0.31325000 0.14883333 0.34600000 0.14950000 0.34862500 0.15800000 0.34637500 0.18533333 0.34912500 0.29533333 0.34762500 0.80233333 0.34600000 0.81283333
0 0.38550000 0.81683333 0.35375000 0.81650000 0.34962500 0.81066667 0.35112500 0.16733333 0.35237500 0.15000000 0.36050000 0.14516667 0.39225000 0.14650000 0.39837500 0.15066667 0.39962500 0.15833333 0.39862500 0.79166667 0.39762500 0.81433333
0 0.44200000 0.81916667 0.40450000 0.81816667 0.39987500 0.81133333 0.40187500 0.15066667 0.40425000 0.14583333 0.41575000 0.14416667 0.44725000 0.14550000 0.45012500 0.15666667 0.44837500 0.79800000 0.44787500 0.81433333
0 0.49025000 0.82150000 0.45175000 0.81950000 0.44962500 0.81466667 0.45287500 0.18933333 0.45512500 0.15066667 0.46500000 0.14583333 0.49475000 0.14650000 0.49987500 0.15700000 0.49812500 0.76900000 0.49712500 0.81533333
0 0.53050000 0.82383333 0.50550000 0.82250000 0.49862500 0.81833333 0.50162500 0.17200000 0.50387500 0.14666667 0.51950000 0.14283333 0.54525000 0.14416667 0.55087500 0.14833333 0.54712500 0.81866667 0.54475000 0.82283333
0 0.59600000 0.82583333 0.55225000 0.82416667 0.54887500 0.81833333 0.55312500 0.16166667 0.55487500 0.14666667 0.56025000 0.14450000 0.60000000 0.14450000 0.60287500 0.15033333 0.59862500 0.81600000
0 0.63900000 0.82783333 0.60825000 0.82650000 0.60275000 0.82416667 0.60037500 0.81600000 0.60562500 0.18833333 0.60712500 0.14700000 0.61500000 0.14116667 0.65025000 0.14250000 0.65575000 0.14483333 0.65712500 0.15033333 0.64962500 0.81833333 0.64675000 0.82450000
0 0.69750000 0.82850000 0.67675000 0.81816667 0.65450000 0.82116667 0.65137500 0.81566667 0.65962500 0.15833333 0.66037500 0.14666667 0.66925000 0.14150000 0.70350000 0.14216667 0.71062500 0.14766667 0.70212500 0.82266667
0 0.74875000 0.83116667 0.71575000 0.83050000 0.70362500 0.82400000 0.70812500 0.43933333 0.71437500 0.14733333 0.72075000 0.14150000 0.76000000 0.14050000 0.76387500 0.14666667 0.76312500 0.29933333 0.75287500 0.81566667
0 0.79900000 0.83250000 0.75600000 0.82783333 0.75412500 0.82133333 0.76737500 0.15966667 0.77200000 0.14083333 0.81925000 0.13450000 0.82437500 0.14133333 0.81937500 0.37766667 0.80462500 0.81166667 0.80337500 0.82800000
0 0.85075000 0.83650000 0.82250000 0.83450000 0.80512500 0.82633333 0.81112500 0.74766667 0.82962500 0.17700000 0.83162500 0.14366667 0.83650000 0.13483333 0.88650000 0.13050000 0.89087500 0.13500000 0.89062500 0.15966667 0.86187500 0.79333333 0.85937500 0.83166667
0 0.89000000 0.83550000 0.86450000 0.83150000 0.86237500 0.81433333 0.87237500 0.66633333 0.89437500 0.14133333 0.90175000 0.13450000 0.93925000 0.13483333 0.95037500 0.14333333 0.94587500 0.18566667 0.93637500 0.41233333 0.91262500 0.82300000 0.90825000 0.83483333
0 0.95600000 0.83183333 0.91362500 0.82633333 0.93737500 0.44366667 0.94987500 0.18033333 0.95525000 0.13983333 0.99775000 0.13816667 0.99975000 0.13866667 0.99975000 0.24966667 0.99387500 0.30466667 0.96137500 0.82666667
