0 0.01884921 0.11640212 0.01574901 0.12411817 0.09387401 0.98390653 0.06907242 0.98611111 0.05047123 0.98390653 0.00086806 0.49889771 0.00024802 0.11970899
0 0.01822917 0.12411817 0.10751488 0.10978836 0.17671927 0.99955908 0.09573413 0.99955908
0 0.11247520 0.10868607 0.20300099 0.09435626 0.26624504 0.99492945 0.18067956 0.99603175
0 0.20858135 0.09325397 0.29972718 0.07671958 0.35677083 0.99603175 0.26686508 0.99382716
0 0.30530754 0.07892416 0.40451389 0.06238977 0.44605655 0.99603175 0.36173115 0.99382716
0 0.41567460 0.05798060 0.51426091 0.04475309 0.54836310 0.99713404 0.45535714 0.99713404
0 0.52914187 0.03593474 0.63578869 0.02270723 0.65625000 0.99823633 0.55890377 0.99933862
0 0.64756944 0.01829806 0.75731647 0.00066138 0.76847718 0.99272487 0.66369048 0.99272487
0 0.77839782 0.00066138 0.90674603 0.00176367 0.89436985 0.99955908 0.77653770 0.99955908
0 0.91852679 0.00396825 0.99975198 0.00176367 0.99975198 0.99823633 0.90178571 0.99492945
