0 0.06128748 0.26302083 0.03527337 0.26227679 0.02976190 0.25992063 0.01080247 0.14707341 0.00242504 0.10491071 0.00022046 0.10441468 0.00044092 0.07601687 0.04497354 0.07502480 0.05048501 0.07787698 0.05445326 0.08606151 0.07914462 0.25868056 0.07627866 0.26227679
0 0.05511464 0.07496280 0.11078042 0.07465278 0.13062169 0.26283482 0.07936508 0.26376488
0 0.18606702 0.26550099 0.14241623 0.26475694 0.13866843 0.26314484 0.13734568 0.26041667 0.12014991 0.08432540 0.12059083 0.07638889 0.12522046 0.07477679 0.14682540 0.07428075 0.17372134 0.07552083 0.17702822 0.08060516 0.18937390 0.24751984 0.18937390 0.26091270
0 0.22971781 0.26649306 0.19708995 0.26500496 0.19334215 0.26314484 0.19113757 0.25967262 0.17923280 0.08283730 0.18143739 0.07638889 0.19091711 0.07428075 0.23148148 0.07552083 0.23699295 0.08085317 0.24360670 0.26190476 0.24029982 0.26624504
0 0.27998236 0.26822917 0.24823633 0.26624504 0.24492945 0.26165675 0.24007937 0.08010913 0.24382716 0.07601687 0.25529101 0.07502480 0.27954145 0.07527282 0.29056437 0.07750496 0.29343034 0.08035714 0.29519400 0.08928571 0.29783951 0.26388889 0.29541446 0.26773313
0 0.34215168 0.26822917 0.32098765 0.26773313 0.31084656 0.26599702 0.30092593 0.25198413 0.29695767 0.10416667 0.29783951 0.08134921 0.29916226 0.07812500 0.30291005 0.07626488 0.34744268 0.07626488 0.35163139 0.07936508 0.35207231 0.26364087 0.34964727 0.26599702
0 0.40432099 0.26922123 0.36067019 0.26847718 0.35736332 0.26760913 0.35515873 0.26364087 0.35515873 0.08333333 0.35736332 0.07713294 0.36419753 0.07576885 0.40696649 0.07626488 0.41181658 0.07750496 0.41380071 0.07986111 0.40983245 0.26388889 0.40895062 0.26760913
0 0.45458554 0.27021329 0.41622575 0.26897321 0.41203704 0.26785714 0.41071429 0.26091270 0.41512346 0.08035714 0.41975309 0.07700893 0.43694885 0.07552083 0.47089947 0.07601687 0.47376543 0.07961310 0.46582892 0.26711310 0.46340388 0.26971726
0 0.51366843 0.27145337 0.47663139 0.27120536 0.46957672 0.27021329 0.46671076 0.26810516 0.47641093 0.07936508 0.47883598 0.07676091 0.48500882 0.07601687 0.52777778 0.07601687 0.53020282 0.07638889 0.53373016 0.07986111 0.53373016 0.10763889 0.52447090 0.25917659 0.52270723 0.26810516 0.51807760 0.27095734
0 0.56084656 0.27294147 0.53350970 0.27170139 0.52667549 0.26736111 0.53858025 0.08804563 0.54034392 0.07936508 0.54541446 0.07700893 0.59215168 0.07775298 0.59589947 0.08010913 0.59678131 0.08308532 0.58134921 0.26785714 0.57627866 0.27219742
0 0.63359788 0.27318948 0.58818342 0.27269345 0.58399471 0.26810516 0.59942681 0.08730159 0.60163139 0.08035714 0.60714286 0.07824901 0.64770723 0.07849702 0.65365961 0.08085317 0.65718695 0.08680556 0.64087302 0.26562500 0.63910935 0.27182540
0 0.68121693 0.27442956 0.64638448 0.27393353 0.64131393 0.27157738 0.64087302 0.26760913 0.66027337 0.08308532 0.66269841 0.07874504 0.67195767 0.07676091 0.71693122 0.07725694 0.72200176 0.07986111 0.72200176 0.08432540 0.70083774 0.26760913 0.69753086 0.27318948
0 0.73412698 0.27517361 0.70943563 0.27467758 0.70304233 0.27157738 0.70392416 0.24975198 0.71406526 0.18477183 0.71979718 0.11507937 0.72464727 0.08432540 0.72729277 0.07911706 0.73368607 0.07700893 0.77292769 0.07750496 0.78417108 0.07986111 0.78417108 0.09027778 0.76080247 0.26661706 0.75903880 0.27182540 0.75617284 0.27393353
0 0.79497354 0.27542163 0.77160494 0.27492560 0.76499118 0.27368552 0.76168430 0.27157738 0.76212522 0.25917659 0.78196649 0.11408730 0.78858025 0.08110119 0.79034392 0.07862103 0.79541446 0.07676091 0.81922399 0.07676091 0.84611993 0.07973710 0.84854497 0.08953373 0.83311287 0.17733135 0.82208995 0.26810516 0.81988536 0.27207341 0.81393298 0.27467758
0 0.86022928 0.27641369 0.83156966 0.27566964 0.82517637 0.27182540 0.82958554 0.22247024 0.83752205 0.18576389 0.84501764 0.12500000 0.85559965 0.08010913 0.86463845 0.07775298 0.89682540 0.07800099 0.91335979 0.08035714 0.91291887 0.09722222 0.87852734 0.27132937 0.87037037 0.27566964
0 0.92019400 0.27715774 0.88668430 0.27566964 0.88293651 0.27182540 0.89572310 0.19642857 0.91997354 0.08482143 0.92305996 0.08010913 0.92945326 0.07849702 0.97574956 0.07948909 0.97949735 0.08060516 0.98082011 0.08457341 0.96141975 0.16393849 0.94069665 0.26835317 0.93650794 0.27566964
0 0.98192240 0.27765377 0.94753086 0.27666171 0.94290123 0.27529762 0.94201940 0.27058532 0.98170194 0.08878968 0.98765432 0.07998512 0.99955908 0.07924107 0.99955908 0.27678571
0 0.56525573 0.38529266 0.48765432 0.38256448 0.46516755 0.38306052 0.42945326 0.38157242 0.36948854 0.38107639 0.34082892 0.37859623 0.31305115 0.37785218 0.30643739 0.37636409 0.30268959 0.37276786 0.30357143 0.35044643 0.30776014 0.34784226 0.32583774 0.34561012 0.36155203 0.34387401 0.45326279 0.34561012 0.46296296 0.34759425 0.47089947 0.34784226 0.50661376 0.34709821 0.52954145 0.34833829 0.56172840 0.34734623 0.60008818 0.34858631 0.60780423 0.35317460 0.60868607 0.35714286 0.60736332 0.37375992 0.60383598 0.38070437 0.59964727 0.38231647 0.58730159 0.38405258
0 0.03350970 0.53038194 0.00022046 0.52827381 0.00044092 0.37140377 0.01366843 0.37189980 0.02248677 0.37462798 0.02667549 0.38467262 0.02843915 0.41765873 0.03461199 0.47172619 0.03858025 0.49206349 0.03990300 0.51314484 0.03990300 0.52604167 0.03769841 0.52951389
0 0.02810847 0.37134177 0.08322310 0.37320188 0.09479718 0.53286210 0.04243827 0.53255208
0 0.08708113 0.37444196 0.13668430 0.37320188 0.15046296 0.53100198 0.14329806 0.53286210 0.12566138 0.53255208 0.10692240 0.53255208 0.09975750 0.53162202
0 0.14384921 0.37320188 0.19290123 0.37382192 0.20061728 0.53100198 0.19620811 0.53348214 0.15321869 0.53224206
0 0.19345238 0.37568204 0.24526014 0.37692212 0.25077160 0.53410218 0.20227072 0.53410218
0 0.24581129 0.37723214 0.29872134 0.37909226 0.29927249 0.53906250 0.25187390 0.53689236
0 0.34611993 0.53906250 0.32231041 0.53881448 0.31481481 0.53757440 0.30687831 0.53807044 0.30224868 0.53249008 0.30092593 0.39037698 0.30224868 0.38318452 0.30952381 0.38008433 0.33818342 0.38082837 0.34964727 0.38281250 0.35251323 0.38665675 0.35119048 0.53125000 0.34986772 0.53720238
0 0.38977072 0.54079861 0.36067019 0.53980655 0.35449735 0.53831845 0.35251323 0.53571429 0.35471781 0.40178571 0.35648148 0.38492063 0.36155203 0.38281250 0.40079365 0.38355655 0.40542328 0.38492063 0.40630511 0.38740079 0.40586420 0.45808532 0.40233686 0.53397817 0.40035273 0.53856647
0 0.44488536 0.54253472 0.40784832 0.54203869 0.40498236 0.54117063 0.40321869 0.53819444 0.40586420 0.51463294 0.40895062 0.38814484 0.41225750 0.38479663 0.41710758 0.38405258 0.44135802 0.38430060 0.45194004 0.38603671 0.45943563 0.38603671 0.46318342 0.38864087 0.45745150 0.48065476 0.45656966 0.53199405 0.45392416 0.53918651 0.45061728 0.54129464
0 0.47971781 0.54303075 0.46340388 0.54228671 0.46009700 0.54117063 0.45833333 0.53794643 0.46494709 0.38864087 0.46693122 0.38628472 0.47089947 0.38578869 0.51322751 0.38678075 0.51653439 0.39012897 0.50771605 0.53869048 0.50639330 0.54117063 0.50176367 0.54253472
0 0.55335097 0.54501488 0.51366843 0.54402282 0.50903880 0.53918651 0.51697531 0.39930556 0.51873898 0.38888889 0.52160494 0.38678075 0.56172840 0.38702877 0.56437390 0.38727679 0.56679894 0.38963294 0.56194885 0.50347222 0.55798060 0.54191468
0 0.60405644 0.54650298 0.56349206 0.54575893 0.56018519 0.54191468 0.56018519 0.52852183 0.56988536 0.38963294 0.57231041 0.38752480 0.57583774 0.38702877 0.61155203 0.38554067 0.61552028 0.38603671 0.62014991 0.39012897 0.62059083 0.41071429 0.61397707 0.46676587 0.60868607 0.54265873 0.60692240 0.54538690
0 0.65299824 0.54799107 0.61552028 0.54699901 0.61177249 0.54513889 0.61044974 0.54265873 0.62235450 0.40004960 0.62544092 0.38864087 0.62874780 0.38603671 0.63888889 0.38504464 0.67019400 0.38504464 0.67482363 0.38591270 0.67791005 0.38938492 0.67173721 0.45907738 0.66071429 0.53993056 0.65850970 0.54563492
0 0.70194004 0.54848710 0.67724868 0.54848710 0.66666667 0.54724702 0.66468254 0.54563492 0.66380071 0.53918651 0.68011464 0.38913690 0.68606702 0.38603671 0.70899471 0.38554067 0.72883598 0.38702877 0.73302469 0.39236111 0.73302469 0.39657738 0.71450617 0.54290675 0.71075838 0.54774306
0 0.74779541 0.55022321 0.72089947 0.54873512 0.71715168 0.54662698 0.71582892 0.54389881 0.72817460 0.45411706 0.73214286 0.40823413 0.73611111 0.39037698 0.74029982 0.38628472 0.77204586 0.38628472 0.77557319 0.38752480 0.78703704 0.38752480 0.79078483 0.39236111 0.77270723 0.53100198 0.76829806 0.54861111 0.76410935 0.54997520
0 0.81084656 0.55171131 0.78350970 0.55121528 0.77270723 0.54885913 0.77138448 0.54389881 0.77402998 0.52256944 0.79387125 0.39161706 0.79519400 0.38963294 0.80070547 0.38727679 0.81878307 0.38653274 0.82627866 0.38752480 0.82980600 0.38603671 0.83421517 0.38603671 0.84215168 0.38653274 0.84722222 0.38888889 0.84810406 0.40252976 0.84413580 0.41567460 0.84193122 0.43923611 0.83223104 0.48759921 0.82958554 0.51835317 0.82605820 0.52926587 0.82429453 0.54737103 0.82054674 0.55047123
0 0.87301587 0.55419147 0.84435626 0.55344742 0.83333333 0.55220734 0.82914462 0.54910714 0.82958554 0.54017857 0.85119048 0.39062500 0.85251323 0.38864087 0.85537919 0.38777282 0.86992945 0.38802083 0.88932981 0.38628472 0.90542328 0.38913690 0.90630511 0.40302579 0.89219577 0.47817460 0.88999118 0.50223214 0.88161376 0.54712302 0.87808642 0.55282738
0 0.02700617 0.90116567 0.07220018 0.89434524 0.11849647 0.99820188 0.07826279 0.99882192
0 0.02149471 0.77684772 0.06393298 0.78180804 0.05180776 0.64508929 0.00110229 0.64291915
0 0.06779101 0.77901786 0.11353616 0.78211806 0.10361552 0.64632937 0.05566578 0.64632937
0 0.15928131 0.78180804 0.11849647 0.78211806 0.10967813 0.64570933 0.15652557 0.64601935
0 0.20888448 0.78552827 0.20282187 0.64942956 0.15707672 0.65004960 0.16313933 0.78676835
0 0.40950176 0.65593998 0.45469577 0.65687004 0.44973545 0.79668899 0.40343915 0.79637897
0 0.46020723 0.65842014 0.48941799 0.65656002 0.50374780 0.65935020 0.49713404 0.79823909 0.47123016 0.79792907 0.45028660 0.79792907
0 0.50981041 0.66059028 0.55555556 0.66276042 0.54783951 0.80474950 0.53461199 0.80350942 0.49933862 0.80226935
0 0.55776014 0.66462054 0.60626102 0.66493056 0.59799383 0.80629960 0.55004409 0.80536954
0 0.60956790 0.66462054 0.66137566 0.66524058 0.64814815 0.80722966 0.60130071 0.80567956
0 0.25220459 0.78881448 0.21825397 0.78807044 0.21494709 0.78720238 0.21141975 0.78397817 0.20701058 0.65352183 0.20921517 0.65004960 0.21296296 0.64818948 0.22619048 0.64794147 0.24823633 0.64918155 0.25242504 0.65054563 0.25507055 0.65401786 0.25418871 0.72767857 0.25595238 0.77678571 0.25507055 0.78645833
0 0.29276896 0.79055060 0.26410935 0.78931052 0.25992063 0.78720238 0.25859788 0.78373016 0.25727513 0.65798611 0.25859788 0.65302579 0.26322751 0.65091766 0.29541446 0.65141369 0.30246914 0.65265377 0.30401235 0.65376984 0.30313051 0.78745040 0.29938272 0.78980655
0 0.34479718 0.79352679 0.31084656 0.79179067 0.30621693 0.78993056 0.30445326 0.78745040 0.30489418 0.65873016 0.30621693 0.65476190 0.31084656 0.65190972 0.32231041 0.65339782 0.34700176 0.65364583 0.35163139 0.65550595 0.35427690 0.66021825 0.35163139 0.79141865 0.34964727 0.79278274
0 0.39285714 0.79675099 0.36111111 0.79501488 0.35692240 0.79365079 0.35515873 0.79117063 0.35692240 0.66889881 0.35912698 0.65724206 0.36199295 0.65488591 0.36419753 0.65463790 0.39991182 0.65513393 0.40454145 0.65674603 0.40586420 0.65997024 0.40586420 0.70535714 0.40321869 0.74231151 0.40233686 0.79017857 0.39969136 0.79489087 0.39682540 0.79650298
0 0.68915344 0.80915179 0.65784832 0.80865575 0.65277778 0.80679563 0.66335979 0.67782738 0.66556437 0.66914683 0.66975309 0.66728671 0.67636684 0.66679067 0.70943563 0.66728671 0.71362434 0.67013889 0.71406526 0.67385913 0.70745150 0.72420635 0.70260141 0.78224206 0.69907407 0.80357143 0.69731041 0.80753968 0.69400353 0.80890377
0 0.73368607 0.81138393 0.70943563 0.81088790 0.70436508 0.80902778 0.70260141 0.80654762 0.70304233 0.79141865 0.71582892 0.67435516 0.71671076 0.67187500 0.72089947 0.66951885 0.75837743 0.66927083 0.76366843 0.67026290 0.76521164 0.67261905 0.76521164 0.68973214 0.76124339 0.71155754 0.75022046 0.80456349 0.74889771 0.80778770 0.74426808 0.81088790
0 0.79541446 0.81336806 0.75661376 0.81187996 0.75374780 0.81051587 0.75110229 0.80679563 0.76080247 0.74826389 0.76256614 0.71403770 0.76653439 0.68601190 0.77050265 0.67088294 0.77204586 0.66976687 0.77910053 0.66927083 0.81040564 0.67001488 0.81525573 0.67075893 0.81900353 0.67361111 0.81900353 0.68377976 0.81194885 0.74057540 0.80533510 0.77827381 0.80401235 0.79588294 0.80048501 0.81076389
0 0.84964727 0.81510417 0.81040564 0.81262401 0.80621693 0.81150794 0.80401235 0.80704365 0.81371252 0.73189484 0.82032628 0.69791667 0.82208995 0.67658730 0.82495591 0.67249504 0.83245150 0.67150298 0.84832451 0.67175099 0.86948854 0.67348710 0.87323633 0.67757937 0.85515873 0.80853175 0.85427690 0.81200397
0 0.89726631 0.81535218 0.86684303 0.81485615 0.86199295 0.81386409 0.85868607 0.81101190 0.87632275 0.67857143 0.87720459 0.67658730 0.88139330 0.67373512 0.91798942 0.67323909 0.92372134 0.67423115 0.92482363 0.67534722 0.92526455 0.68675595 0.91115520 0.76388889 0.90542328 0.80902778 0.90277778 0.81374008
0 0.94753086 0.81981647 0.91622575 0.81956845 0.91358025 0.81882440 0.90895062 0.81448413 0.90850970 0.80803571 0.91247795 0.79538690 0.91468254 0.77356151 0.91732804 0.76388889 0.91776896 0.75223214 0.92305996 0.72247024 0.92791005 0.68105159 0.93165785 0.67819940 0.93827160 0.67596726 0.96737213 0.67596726 0.98082011 0.67931548 0.98302469 0.68129960 0.98346561 0.68551587 0.97332451 0.72519841 0.96891534 0.76190476 0.95745150 0.81448413 0.95458554 0.81907242
0 0.99955908 0.82353671 0.97354497 0.82229663 0.96340388 0.82006448 0.96053792 0.81671627 0.96274250 0.79687500 0.96891534 0.77058532 0.98214286 0.69717262 0.98611111 0.68303571 0.99074074 0.67844742 0.99955908 0.67881944
