0 0.06300000 0.78750000 0.04450000 0.78616667 0.03937500 0.78100000 0.00787500 0.61933333 0.00237500 0.59400000 0.00012500 0.59300000 0.00025000 0.32216667 0.00612500 0.32633333 0.01162500 0.34633333 0.01662500 0.38400000 0.03712500 0.48333333 0.05062500 0.56833333 0.08662500 0.76033333 0.08737500 0.77166667 0.08475000 0.77650000 0.07275000 0.78483333
0 0.11575000 0.78150000 0.09450000 0.78050000 0.09037500 0.77533333 0.08737500 0.76300000 0.00737500 0.31366667 0.00012500 0.29800000 0.00025000 0.25083333 0.03275000 0.24983333 0.03762500 0.26366667 0.04312500 0.30700000 0.04562500 0.31066667 0.05087500 0.34933333 0.06187500 0.40066667 0.06737500 0.44300000 0.07687500 0.48733333 0.12037500 0.74500000 0.12337500 0.76833333 0.12212500 0.77600000
0 0.15475000 0.78616667 0.13475000 0.78516667 0.12537500 0.77566667 0.08562500 0.52833333 0.04012500 0.27066667 0.03887500 0.25933333 0.04125000 0.25383333 0.07125000 0.24983333 0.07825000 0.25083333 0.08137500 0.25533333 0.15887500 0.76066667 0.16087500 0.78233333
0 0.18825000 0.79283333 0.17175000 0.79150000 0.16450000 0.78750000 0.16312500 0.78333333 0.10087500 0.37033333 0.08637500 0.28833333 0.08262500 0.26066667 0.08600000 0.25383333 0.11900000 0.25150000 0.12862500 0.25633333 0.14562500 0.38500000 0.15512500 0.43166667 0.16487500 0.51733333 0.20262500 0.77866667 0.20125000 0.79116667
0 0.23675000 0.79650000 0.20925000 0.79350000 0.20437500 0.78633333 0.18362500 0.62666667 0.13337500 0.28800000 0.13012500 0.25966667 0.13375000 0.25516667 0.17025000 0.25250000 0.17612500 0.26033333 0.18587500 0.32633333 0.19187500 0.39300000 0.20237500 0.44866667 0.20712500 0.50233333 0.21812500 0.57366667 0.24062500 0.76300000 0.24312500 0.79133333
0 0.26900000 0.80050000 0.24700000 0.79650000 0.24287500 0.77833333 0.23362500 0.68966667 0.17962500 0.27166667 0.17912500 0.26000000 0.18650000 0.25583333 0.21684783 0.25507246 0.21962500 0.31500000 0.22312500 0.34166667 0.23804348 0.44420290 0.25312500 0.56400000 0.26012500 0.62233333 0.26387500 0.65066667 0.28187500 0.79333333 0.27950000 0.79916667
0 0.21576087 0.26521739 0.25978261 0.26449275 0.32065217 0.80507246 0.28532609 0.80652174
0 0.27010870 0.26231884 0.31413043 0.26159420 0.36250000 0.81086957 0.32608696 0.81014493
0 0.39425000 0.82083333 0.36975000 0.81783333 0.36487500 0.81000000 0.36362500 0.80100000 0.31537500 0.27266667 0.31800000 0.26450000 0.33450000 0.26016667 0.35650000 0.25950000 0.35937500 0.26333333 0.40137500 0.77933333 0.40312500 0.81500000 0.40050000 0.81983333
0 0.43500000 0.82450000 0.41225000 0.82350000 0.40587500 0.81866667 0.36512500 0.30366667 0.36412500 0.26766667 0.40712500 0.26400000 0.41337500 0.32433333 0.41412500 0.36433333 0.42162500 0.43433333 0.44462500 0.80866667 0.44362500 0.82166667
0 0.47200000 0.82816667 0.45400000 0.82750000 0.44587500 0.81900000 0.41212500 0.27600000 0.41475000 0.26983333 0.46187500 0.26733333 0.46162500 0.29600000 0.48712500 0.81066667 0.48525000 0.82383333
0 0.46141304 0.27173913 0.51195652 0.26884058 0.52736486 0.83603604 0.48858696 0.82391304
0 0.51358696 0.27246377 0.55978261 0.27101449 0.56993243 0.84144144 0.53141892 0.83783784
0 0.56250000 0.27173913 0.61141304 0.27101449 0.60979730 0.84774775 0.57331081 0.84414414
0 0.61684783 0.27681159 0.66684783 0.27391304 0.65439189 0.85855856 0.61250000 0.85495495 0.61739130 0.28550725
0 0.66847826 0.27753623 0.71956522 0.27608696 0.69966216 0.86126126 0.65709459 0.86306306
0 0.72119565 0.27608696 0.76902174 0.27391304 0.74155405 0.85045045 0.70304054 0.84414414
0 0.77554348 0.27898551 0.83369565 0.27753623 0.78817568 0.86126126 0.74493243 0.85495495
0 0.83967391 0.27971014 0.89239130 0.27681159 0.83277027 0.86756757 0.78952703 0.86486486
0 0.92500000 0.25000000 0.99836957 0.25000000 0.99891304 0.59420290 0.95304054 0.90720721 0.84966216 0.90000000
0 0.89898649 0.90180180
