0 0.00083333 0.19000000 0.05916667 0.19111111 0.11500000 0.88777778 0.06166667 0.89000000 0.00000000 0.25962963
0 0.16050000 0.89083333 0.12300000 0.88916667 0.11762500 0.87266667 0.06387500 0.22300000 0.06362500 0.19733333 0.06775000 0.19516667 0.11600000 0.19583333 0.12300000 0.19750000 0.12537500 0.20433333 0.17137500 0.87300000 0.17012500 0.88800000
0 0.21400000 0.88750000 0.17775000 0.88716667 0.17462500 0.88033333 0.12737500 0.21700000 0.12712500 0.20133333 0.13075000 0.19683333 0.18975000 0.19650000 0.19262500 0.20033333 0.22987500 0.87900000 0.22575000 0.88650000
0 0.26950000 0.88816667 0.23775000 0.88783333 0.23137500 0.88200000 0.21362500 0.52400000 0.19437500 0.22533333 0.19412500 0.20466667 0.20150000 0.19850000 0.25250000 0.20050000 0.25637500 0.20900000 0.27287500 0.53300000 0.28262500 0.85600000 0.28187500 0.88166667
0 0.33175000 0.89150000 0.29175000 0.88983333 0.28712500 0.87766667 0.26087500 0.22700000 0.26062500 0.20533333 0.26375000 0.20083333 0.31475000 0.20016667 0.32087500 0.20533333 0.33937500 0.87300000 0.33812500 0.88900000
0 0.37000000 0.89150000 0.34550000 0.89083333 0.34262500 0.88500000 0.32362500 0.21000000 0.32625000 0.20316667 0.38050000 0.20350000 0.38512500 0.21966667 0.39387500 0.88366667 0.38950000 0.89016667
0 0.43100000 0.89216667 0.40050000 0.88983333 0.39662500 0.88500000 0.38762500 0.21700000 0.38837500 0.20533333 0.39200000 0.20383333 0.44350000 0.20716667 0.44637500 0.21533333 0.44812500 0.87366667 0.44500000 0.88950000
0 0.46800000 0.89116667 0.45475000 0.89050000 0.45237500 0.88500000 0.44837500 0.21566667 0.45125000 0.20683333 0.47475000 0.20550000 0.50825000 0.20883333 0.51187500 0.22033333 0.50962500 0.61800000 0.50612500 0.88166667 0.50075000 0.88916667
0 0.53450000 0.88650000 0.51275000 0.88616667 0.50862500 0.88100000 0.51462500 0.21933333 0.51612500 0.20900000 0.52100000 0.20483333 0.57175000 0.20783333 0.57412500 0.22000000 0.55712500 0.87366667 0.55300000 0.88516667
0 0.58625000 0.88416667 0.56425000 0.88350000 0.56087500 0.87733333 0.57637500 0.21233333 0.58325000 0.20650000 0.62700000 0.20750000 0.63287500 0.20966667 0.63387500 0.21733333 0.61012500 0.87766667 0.60775000 0.88250000
0 0.65625000 0.87816667 0.61600000 0.87783333 0.61287500 0.87333333 0.63462500 0.23066667 0.63875000 0.21116667 0.68925000 0.21516667 0.69262500 0.22100000 0.66637500 0.84433333 0.66412500 0.87366667
0 0.67525000 0.87450000 0.66925000 0.87350000 0.66787500 0.86766667 0.69512500 0.21666667 0.70075000 0.21250000 0.71600000 0.21650000 0.74825000 0.21650000 0.75212500 0.22166667 0.71487500 0.85633333 0.70925000 0.87116667
0 0.74575000 0.87450000 0.72025000 0.87350000 0.71612500 0.86066667 0.75437500 0.21600000 0.76100000 0.20850000 0.80700000 0.21050000 0.81237500 0.21300000 0.81287500 0.23633333 0.76912500 0.86900000 0.76425000 0.87350000
0 0.80025000 0.87216667 0.77250000 0.87083333 0.77012500 0.86466667 0.81312500 0.24800000 0.81725000 0.21250000 0.85475000 0.21183333 0.87462500 0.22033333 0.87062500 0.28333333 0.82312500 0.85133333 0.81975000 0.86950000
0 0.83825000 0.87383333 0.82575000 0.86983333 0.82462500 0.85966667 0.83387500 0.74466667 0.84187500 0.68600000 0.84487500 0.60666667 0.87637500 0.22866667 0.87837500 0.21933333 0.88400000 0.21283333 0.93250000 0.21283333 0.93712500 0.21733333 0.93637500 0.23733333 0.87312500 0.86200000 0.86900000 0.87050000
0 0.92325000 0.87183333 0.87800000 0.87016667 0.87437500 0.86300000 0.88912500 0.73266667 0.92662500 0.32600000 0.93962500 0.21333333 0.94350000 0.21050000 0.98975000 0.21283333 0.99462500 0.21533333 0.99537500 0.22333333 0.98362500 0.34500000 0.93662500 0.77733333
0 0.97700000 0.87450000 0.94525000 0.87350000 0.92762500 0.86800000 0.96812500 0.51233333 0.99287500 0.25566667 0.99762500 0.22000000 0.99975000 0.21850000 0.99975000 0.73400000 0.99787500 0.73500000 0.99337500 0.76733333 0.98337500 0.86533333
