0 0.12800000 0.88950000 0.10275000 0.88583333 0.09437500 0.86566667 0.03687500 0.57200000 0.03487500 0.54033333 0.02112500 0.49033333 0.01287500 0.42800000 0.00012500 0.38500000 0.00025000 0.13850000 0.05300000 0.13650000 0.05887500 0.13966667 0.06237500 0.15133333 0.08562500 0.32533333 0.12412500 0.56333333 0.14137500 0.70200000 0.17037500 0.88000000 0.16650000 0.88716667
0 0.21300000 0.89950000 0.17875000 0.89716667 0.17287500 0.88833333 0.07887500 0.24766667 0.06712500 0.15400000 0.06825000 0.14150000 0.16237500 0.14266667 0.17937500 0.33300000 0.20162500 0.50166667 0.24337500 0.89166667 0.23975000 0.89683333
0 0.31075000 0.92450000 0.26775000 0.91950000 0.25200000 0.91350000 0.24762500 0.90300000 0.17212500 0.23966667 0.16437500 0.16233333 0.16625000 0.14816667 0.25600000 0.14550000 0.26187500 0.15500000 0.27662500 0.37700000 0.29587500 0.54766667 0.31112500 0.76700000 0.31037500 0.84233333 0.32062500 0.91600000 0.31850000 0.92250000
0 0.37725000 0.95116667 0.33800000 0.94683333 0.32962500 0.93666667 0.26787500 0.17133333 0.26837500 0.15700000 0.27925000 0.15083333 0.36600000 0.15183333 0.37700000 0.15350000 0.37837500 0.15800000 0.39237500 0.41900000 0.40737500 0.79300000 0.40412500 0.85733333 0.40837500 0.86033333 0.40987500 0.92066667 0.40725000 0.94416667
0 0.46125000 0.93016667 0.43150000 0.92916667 0.42300000 0.92550000 0.41962500 0.91866667 0.39912500 0.40600000 0.39287500 0.17800000 0.39312500 0.16200000 0.39650000 0.15683333 0.48825000 0.15683333 0.49287500 0.16466667 0.49787500 0.90866667 0.49562500 0.92133333 0.49025000 0.92650000
0 0.55225000 0.92916667 0.50600000 0.92316667 0.50262500 0.90466667 0.50062500 0.42000000 0.50512500 0.17600000 0.50612500 0.16600000 0.51050000 0.16183333 0.60025000 0.16116667 0.60462500 0.16800000 0.60462500 0.20133333 0.57962500 0.89000000 0.57687500 0.92366667
0 0.61550000 0.95750000 0.59125000 0.95183333 0.58887500 0.93733333 0.59437500 0.85033333 0.62416667 0.16111111 0.72425000 0.16383333 0.72662500 0.17133333 0.71862500 0.28400000 0.66662500 0.94666667 0.66400000 0.95283333 0.65475000 0.95550000
0 0.74000000 0.17222222 0.84666667 0.16444444 0.75500000 0.96222222 0.67666667 0.96333333
0 0.81100000 0.95483333 0.77450000 0.95150000 0.76687500 0.94733333 0.76662500 0.93533333 0.78287500 0.73700000 0.81762500 0.42400000 0.82487500 0.39333333 0.82962500 0.31800000 0.84537500 0.17933333 0.84975000 0.17216667 0.94000000 0.17250000 0.93737500 0.22166667 0.84787500 0.91233333 0.84412500 0.92833333 0.83375000 0.94616667 0.82550000 0.95316667
0 0.91675000 0.95483333 0.88050000 0.95150000 0.85900000 0.94383333 0.85487500 0.93700000 0.86637500 0.83566667 0.86462500 0.81966667 0.86887500 0.77533333 0.94512500 0.18133333 0.95125000 0.17483333 0.99975000 0.17350000 0.99975000 0.53233333 0.99337500 0.55666667 0.98362500 0.63866667 0.93612500 0.93866667 0.93175000 0.95283333
