0 0.01583333 0.22666667 0.08166667 0.22777778 0.03500000 0.84888889 0.00000000 0.84444444 0.00000000 0.41000000
0 0.09850000 0.85150000 0.03875000 0.84650000 0.03937500 0.80533333 0.04587500 0.74566667 0.04762500 0.69433333 0.08312500 0.23333333 0.08775000 0.22783333 0.14200000 0.22983333 0.15300000 0.23216667 0.15437500 0.23633333 0.12337500 0.70566667 0.11562500 0.81000000 0.11087500 0.84033333 0.10550000 0.84983333
0 0.18175000 0.85950000 0.11600000 0.85383333 0.11737500 0.80200000 0.15712500 0.22866667 0.16775000 0.22316667 0.22100000 0.22216667 0.22312500 0.23200000 0.21787500 0.34766667 0.19087500 0.81700000 0.18737500 0.85066667
0 0.26100000 0.86683333 0.19600000 0.86216667 0.18962500 0.85766667 0.18937500 0.85133333 0.22587500 0.22533333 0.22925000 0.22016667 0.29125000 0.21683333 0.29562500 0.22066667 0.29562500 0.23766667 0.27237500 0.79100000 0.26862500 0.86166667
0 0.33000000 0.87383333 0.28250000 0.87083333 0.27012500 0.86533333 0.27412500 0.76300000 0.29837500 0.22100000 0.35800000 0.21750000 0.36262500 0.22000000 0.36287500 0.22900000 0.35787500 0.37766667 0.33637500 0.86666667 0.33400000 0.87316667
0 0.41750000 0.89050000 0.34375000 0.88483333 0.33787500 0.88166667 0.33712500 0.86933333 0.36512500 0.21766667 0.36925000 0.20683333 0.43225000 0.20183333 0.44175000 0.20450000 0.44337500 0.21300000 0.44037500 0.37900000 0.42612500 0.88233333 0.42400000 0.88816667
0 0.50700000 0.89683333 0.43525000 0.88983333 0.42900000 0.88616667 0.42787500 0.88100000 0.44712500 0.20533333 0.45300000 0.20016667 0.51775000 0.19550000 0.52637500 0.20133333 0.52637500 0.24100000 0.51362500 0.87733333 0.51287500 0.89233333
0 0.59775000 0.90550000 0.52125000 0.89783333 0.51512500 0.89033333 0.52912500 0.20500000 0.53450000 0.20050000 0.60425000 0.19716667 0.60962500 0.20533333 0.60437500 0.89166667 0.60262500 0.90166667
0 0.69350000 0.92116667 0.61875000 0.91350000 0.61025000 0.91016667 0.60737500 0.90366667 0.61112500 0.24766667 0.61412500 0.19100000 0.61950000 0.18650000 0.69100000 0.18350000 0.69787500 0.18900000 0.70012500 0.91233333
0 0.79125000 0.92783333 0.71275000 0.92050000 0.70437500 0.91233333 0.70262500 0.89000000 0.70287500 0.18600000 0.70900000 0.17683333 0.77775000 0.16883333 0.79100000 0.17050000 0.79362500 0.18166667 0.80187500 0.92000000 0.79900000 0.92683333
0 0.89775000 0.93916667 0.81875000 0.93016667 0.80562500 0.92033333 0.79687500 0.25333333 0.79737500 0.18200000 0.80400000 0.17750000 0.88350000 0.17250000 0.88937500 0.18133333 0.90737500 0.92266667 0.90612500 0.93633333
0 0.99975000 0.94083333 0.91975000 0.93350000 0.91312500 0.92800000 0.91162500 0.91733333 0.89962500 0.43566667 0.89912500 0.20100000 0.90037500 0.18266667 0.90475000 0.17783333 0.98600000 0.17716667 0.99237500 0.19266667 0.99387500 0.35700000 0.99975000 0.48866667
