0 0.21775000 0.84083333 0.19775000 0.83950000 0.18950000 0.83516667 0.18537500 0.80233333 0.18162500 0.79533333 0.09912500 0.22700000 0.09587500 0.18966667 0.10325000 0.18483333 0.15100000 0.18150000 0.16375000 0.18383333 0.16962500 0.18966667 0.18037500 0.30166667 0.24587500 0.82433333 0.24400000 0.83850000
0 0.29450000 0.84750000 0.25975000 0.84616667 0.25100000 0.84283333 0.24837500 0.83400000 0.17387500 0.22400000 0.17337500 0.20300000 0.18200000 0.19283333 0.24675000 0.18683333 0.25237500 0.19733333 0.31187500 0.81333333 0.31262500 0.84233333
0 0.33625000 0.85616667 0.31850000 0.85250000 0.31437500 0.83100000 0.29412500 0.58733333 0.28237500 0.48666667 0.27837500 0.41600000 0.27537500 0.41133333 0.25462500 0.20233333 0.25600000 0.19350000 0.28275000 0.18550000 0.32675000 0.18316667 0.33425000 0.18683333 0.33837500 0.19733333 0.34237500 0.23666667 0.34287500 0.27766667 0.35812500 0.45300000 0.38362500 0.84500000 0.38100000 0.85350000 0.37425000 0.85583333
0 0.40925000 0.86150000 0.39125000 0.85850000 0.38737500 0.85066667 0.34787500 0.29900000 0.34187500 0.18900000 0.36300000 0.18183333 0.41525000 0.18183333 0.42375000 0.18416667 0.42637500 0.18933333 0.45487500 0.85066667 0.45125000 0.85850000
0 0.48450000 0.87583333 0.46300000 0.87350000 0.45787500 0.85533333 0.43062500 0.26500000 0.43012500 0.18866667 0.44475000 0.18016667 0.51200000 0.17750000 0.51712500 0.18133333 0.51787500 0.18933333 0.53062500 0.86300000 0.52962500 0.86933333 0.52300000 0.87316667
0 0.56450000 0.87483333 0.53775000 0.87283333 0.53287500 0.85800000 0.51962500 0.17400000 0.53275000 0.16983333 0.60100000 0.16683333 0.60837500 0.17366667 0.60587500 0.86566667 0.59625000 0.87350000
0 0.67175000 0.87583333 0.62400000 0.87350000 0.61100000 0.86983333 0.60837500 0.86400000 0.60962500 0.20100000 0.61137500 0.17800000 0.61900000 0.17283333 0.67125000 0.16983333 0.69887500 0.17400000 0.68212500 0.84166667 0.68012500 0.86900000
0 0.75275000 0.87916667 0.69625000 0.87683333 0.68575000 0.87350000 0.68387500 0.86600000 0.70187500 0.17133333 0.71100000 0.16616667 0.79375000 0.16216667 0.79712500 0.16600000 0.79662500 0.19000000 0.78487500 0.36500000 0.76087500 0.86200000 0.75937500 0.87666667
0 0.83125000 0.89116667 0.77475000 0.89016667 0.76612500 0.88366667 0.76287500 0.87333333 0.79812500 0.19300000 0.80325000 0.16483333 0.89675000 0.15816667 0.90037500 0.16833333 0.89762500 0.21400000 0.84437500 0.87766667 0.84100000 0.88850000
0 0.88275000 0.88350000 0.85350000 0.88283333 0.84812500 0.86833333 0.90262500 0.16566667 0.90700000 0.16116667 0.99500000 0.15383333 0.99687500 0.17033333 0.92512500 0.87566667 0.92025000 0.88216667
