0 0.14285714 0.99955908 0.07614087 0.99955908 0.07676091 0.91622575 0.08668155 0.73809524 0.08792163 0.63844797 0.11396329 0.00881834 0.11507937 0.00022046 0.17633929 0.00022046 0.17423115 0.15520282 0.16803075 0.24426808 0.15513393 0.64682540 0.14694940 0.79717813
0 0.22321429 0.99955908 0.14856151 0.99955908 0.14694940 0.99426808 0.18129960 0.00022046 0.24789187 0.00044092
0 0.30233135 0.99955908 0.22966270 0.99955908 0.22904266 0.99338624 0.24069940 0.39241623 0.25223214 0.00022046 0.31733631 0.00044092
0 0.38467262 0.99955908 0.30803571 0.99955908 0.30741567 0.99559083 0.31733631 0.46340388 0.32031250 0.02160494 0.32291667 0.00022046 0.39298115 0.00044092 0.39025298 0.64021164
0 0.46750992 0.99955908 0.39087302 0.99955908 0.38975694 0.99426808 0.39707341 0.00022046 0.46490575 0.00044092
0 0.54960317 0.99955908 0.47296627 0.99955908 0.47209821 0.99470899 0.46949405 0.00022046 0.53955853 0.00308642
0 0.63293651 0.99955908 0.55481151 0.99955908 0.55419147 0.99559083 0.54414683 0.00022046 0.61272321 0.00308642
0 0.71676587 0.99955908 0.63938492 0.99955908 0.63826885 0.99514991 0.61743552 0.09259259 0.61879960 0.00022046 0.68601190 0.00022046 0.68712798 0.00970018
0 0.80406746 0.99955908 0.72495040 0.99955908 0.72209821 0.98677249 0.71688988 0.71693122 0.71267361 0.67107584 0.69295635 0.00022046 0.76351687 0.00044092 0.79501488 0.72089947
0 0.89806548 0.99955908 0.81436012 0.99955908 0.81187996 0.94929453 0.80617560 0.91666667 0.80567956 0.83421517 0.80245536 0.80776014 0.80319940 0.67592593 0.79873512 0.58774250 0.79055060 0.52557319 0.79154266 0.46649030 0.78559028 0.38800705 0.78782242 0.34700176 0.78385417 0.24382716 0.77492560 0.12477954 0.77566964 0.08024691 0.77145337 0.07671958 0.76773313 0.02160494 0.77232143 0.00022046 0.84685020 0.00044092
0 0.98685516 0.99955908 0.90848214 0.99955908 0.90587798 0.98456790 0.89322917 0.71075838 0.88454861 0.61948854 0.87859623 0.43121693 0.86941964 0.33818342 0.85863095 0.00022046 0.92274306 0.00044092
