0 0.11225000 0.85650000 0.06400000 0.85383333 0.06387500 0.79500000 0.09487500 0.26766667 0.10300000 0.26316667 0.13975000 0.26383333 0.15862500 0.26933333 0.15462500 0.39333333 0.12812500 0.84100000 0.12375000 0.85383333
0 0.16250000 0.26333333 0.22000000 0.26777778 0.18833333 0.85888889 0.12833333 0.85666667
0 0.24500000 0.87083333 0.19700000 0.86750000 0.19112500 0.86200000 0.20087500 0.61100000 0.21387500 0.40866667 0.21662500 0.40433333 0.21437500 0.38833333 0.21912500 0.31666667 0.21887500 0.26800000 0.22450000 0.26283333 0.27325000 0.26316667 0.28362500 0.26700000 0.28412500 0.28733333 0.26812500 0.66966667 0.25862500 0.85766667 0.25625000 0.86650000
0 0.31850000 0.87483333 0.26287500 0.86933333 0.26612500 0.75200000 0.27362500 0.63066667 0.28862500 0.26766667 0.30125000 0.26250000 0.34600000 0.26183333 0.34812500 0.27600000 0.34262500 0.44233333 0.32712500 0.79900000 0.32337500 0.87000000
0 0.38650000 0.88716667 0.33025000 0.88216667 0.32512500 0.87466667 0.34962500 0.29066667 0.35237500 0.25966667 0.35675000 0.25516667 0.41025000 0.25583333 0.41612500 0.26000000 0.41662500 0.26700000 0.39437500 0.88133333 0.39275000 0.88616667
0 0.46175000 0.89350000 0.40725000 0.89016667 0.39712500 0.88266667 0.41887500 0.27033333 0.42087500 0.26000000 0.42750000 0.25583333 0.47650000 0.25550000 0.48487500 0.26000000 0.48312500 0.39666667 0.46812500 0.87566667 0.46637500 0.88933333
0 0.53350000 0.90216667 0.47850000 0.89716667 0.46862500 0.89033333 0.48462500 0.42066667 0.48637500 0.29400000 0.48862500 0.25600000 0.49750000 0.25183333 0.54975000 0.25116667 0.55787500 0.25933333 0.54537500 0.84633333 0.54237500 0.89666667
0 0.59400000 0.90650000 0.55725000 0.90483333 0.54825000 0.90083333 0.54637500 0.89200000 0.56162500 0.26700000 0.56287500 0.25600000 0.56750000 0.25383333 0.62325000 0.25516667 0.62887500 0.25966667 0.61762500 0.89300000 0.61475000 0.90483333
0 0.69350000 0.91416667 0.63500000 0.91250000 0.62300000 0.90783333 0.62037500 0.90266667 0.63112500 0.25500000 0.63475000 0.24783333 0.64550000 0.24416667 0.69350000 0.24583333 0.70125000 0.24716667 0.70412500 0.25200000 0.69737500 0.87633333 0.69662500 0.90666667
0 0.74875000 0.91283333 0.71200000 0.90983333 0.69887500 0.90433333 0.70462500 0.29900000 0.70762500 0.25200000 0.72075000 0.24783333 0.77225000 0.24816667 0.77637500 0.25200000 0.77037500 0.90400000 0.76775000 0.91083333
0 0.84700000 0.92750000 0.79050000 0.92016667 0.77525000 0.91283333 0.77262500 0.90500000 0.77887500 0.25500000 0.78075000 0.24816667 0.78725000 0.24416667 0.84200000 0.24116667 0.85375000 0.24283333 0.85587500 0.24866667 0.85612500 0.90900000 0.85462500 0.92400000
0 0.93200000 0.93216667 0.86225000 0.92083333 0.85762500 0.90866667 0.85887500 0.25100000 0.86050000 0.24383333 0.87400000 0.24016667 0.92800000 0.23650000 0.93587500 0.24400000 0.93787500 0.92800000
