0 0.10466270 0.73743386 0.09573413 0.73655203 0.09015377 0.72134039 0.02207341 0.00022046 0.10119048 0.00022046 0.10379464 0.02248677 0.13132440 0.31261023 0.13182044 0.33156966 0.12884425 0.34259259 0.13355655 0.42857143 0.14174107 0.46296296 0.16108631 0.70502646 0.16083829 0.72486772 0.15600198 0.73302469
0 0.19295635 0.73170194 0.17175099 0.72883598 0.16207837 0.66666667 0.14521329 0.46649030 0.15166171 0.38007055 0.14769345 0.35185185 0.13901290 0.33377425 0.13479663 0.31084656 0.10962302 0.00022046 0.19109623 0.00044092 0.19432044 0.05070547 0.19605655 0.25837743 0.20647321 0.34567901 0.20672123 0.38227513 0.21366567 0.45899471 0.21664187 0.53880071 0.22482639 0.60978836 0.22904266 0.71604938 0.22854663 0.72354497 0.22470238 0.72905644
0 0.25198413 0.74404762 0.23635913 0.73831570 0.23102679 0.71296296 0.23003472 0.65961199 0.21093750 0.39682540 0.19332837 0.02160494 0.19419643 0.00022046 0.27368552 0.00044092 0.30071925 0.59259259 0.30394345 0.71560847 0.30295139 0.73368607 0.29960317 0.73743386
0 0.32465278 0.74404762 0.31076389 0.74096120 0.30642361 0.72574956 0.30791171 0.70149912 0.28211806 0.17328042 0.27728175 0.00022046 0.35974702 0.00044092 0.37388393 0.45282187 0.37462798 0.63227513 0.37785218 0.72266314 0.37351190 0.73434744
0 0.40104167 0.74096120 0.38492063 0.73699295 0.38182044 0.71693122 0.37189980 0.26719577 0.36718750 0.20590829 0.36247520 0.00529101 0.36309524 0.00022046 0.44196429 0.00022046 0.44357639 0.01763668 0.43836806 0.04144621 0.43861607 0.07892416 0.44407242 0.18959436 0.44481647 0.27204586 0.44060020 0.29585538 0.44531250 0.32760141 0.45027282 0.68253968 0.44593254 0.73346561
0 0.47346230 0.74096120 0.45907738 0.73875661 0.45473710 0.72222222 0.45647321 0.66622575 0.44828869 0.17151675 0.45002480 0.00044092 0.53025794 0.00022046 0.52914187 0.22266314 0.52790179 0.27204586 0.52368552 0.30687831 0.52442956 0.38183422 0.52666171 0.39285714 0.52418155 0.49294533 0.52566964 0.53747795 0.52318948 0.56481481 0.52368552 0.72222222 0.51835317 0.73302469
0 0.55629960 0.73522928 0.53273810 0.73302469 0.52889385 0.71560847 0.53112599 0.66887125 0.53112599 0.32804233 0.53484623 0.00485009 0.53546627 0.00022046 0.61731151 0.00022046 0.59982639 0.68386243 0.59561012 0.69576720 0.59300595 0.72508818 0.57713294 0.73390653
0 0.64285714 0.73478836 0.60763889 0.73346561 0.60230655 0.72486772 0.62165179 0.00529101 0.62227183 0.00022046 0.70610119 0.00022046 0.67447917 0.72134039 0.67237103 0.72773369 0.66493056 0.73258377
0 0.69419643 0.73214286 0.68080357 0.72905644 0.67770337 0.72001764 0.70994544 0.00705467 0.71106151 0.00022046 0.79489087 0.00022046 0.76475694 0.48633157 0.76103671 0.51014109 0.74913194 0.67901235 0.74913194 0.72089947 0.73288690 0.72949735
0 0.77182540 0.71230159 0.75248016 0.70921517 0.75037202 0.70149912 0.75086806 0.67504409 0.76450893 0.52777778 0.78311012 0.24823633 0.78732639 0.22486772 0.78807044 0.18738977 0.80543155 0.00573192 0.80654762 0.00022046 0.89062500 0.00022046 0.84288194 0.45546737 0.81287202 0.70238095 0.81076389 0.70701058 0.80307540 0.70921517
0 0.86607143 0.70524691 0.82192460 0.70260141 0.81820437 0.70127866 0.81560020 0.69356261 0.82502480 0.63888889 0.89273313 0.01455026 0.89533730 0.00022046 0.97197421 0.00022046 0.95324901 0.15873016 0.92249504 0.37389771 0.91232639 0.47839506 0.89818948 0.55687831 0.89670139 0.58950617 0.88504464 0.68474427 0.88095238 0.69686949
