0 0.11125000 0.72116667 0.07200000 0.71716667 0.05625000 0.70950000 0.05287500 0.70233333 0.04287500 0.64466667 0.00712500 0.49333333 0.00012500 0.47466667 0.00025000 0.15250000 0.01912500 0.15466667 0.01962500 0.17833333 0.02687500 0.20166667 0.04712500 0.31866667 0.07912500 0.47333333 0.09212500 0.52266667 0.11337500 0.63866667 0.12337500 0.67933333 0.12862500 0.71333333 0.12725000 0.71716667
0 0.01829268 0.15934959 0.09817073 0.15691057 0.19512195 0.73170732 0.17621951 0.73333333 0.16402439 0.73333333 0.14878049 0.72845528 0.14024390 0.72601626 0.13109756 0.71869919
0 0.10121951 0.15934959 0.19329268 0.15609756 0.26707317 0.74878049 0.23109756 0.74878049 0.20060976 0.74796748
0 0.19695122 0.16585366 0.29390244 0.16341463 0.34451220 0.76097561 0.33658537 0.76747967 0.32134146 0.76747967 0.30304878 0.76178862 0.28658537 0.76341463 0.27378049 0.76341463 0.27073171 0.75772358
0 0.30548780 0.16504065 0.41036585 0.16422764 0.42987805 0.76585366 0.36951220 0.77479675 0.35365854 0.76910569
0 0.43414634 0.17235772 0.52195122 0.16097561 0.51829268 0.74796748 0.46646341 0.77479675 0.45853659 0.77723577 0.45182927 0.77723577
0 0.52439024 0.17398374 0.63353659 0.17235772 0.60121951 0.77967480 0.53597561 0.78130081 0.52621951 0.77642276 0.52134146 0.77154472
0 0.63536585 0.16585366 0.69756098 0.17154472 0.71036585 0.16991870 0.72926829 0.17642276 0.67439024 0.79430894 0.60426829 0.76016260
0 0.75365854 0.17967480 0.87012195 0.18211382 0.77560976 0.82276423 0.69146341 0.81382114
0 0.88658537 0.18048780 0.99939024 0.18861789 0.99817073 0.27235772 0.87560976 0.85365854 0.84634146 0.85365854 0.83170732 0.85284553 0.80548780 0.84796748 0.78841463 0.83983740 0.78597561 0.83577236
0 0.99891304 0.29782609 0.88206522 0.84855072 0.89239130 0.85942029 0.97391304 0.88188406 0.97989130 0.88043478 0.99891304 0.81739130
