0 0.12800000 0.88916667 0.11812500 0.88466667 0.11112500 0.85800000 0.04062500 0.32666667 0.03187500 0.24033333 0.03325000 0.21250000 0.12250000 0.21283333 0.12737500 0.23533333 0.13312500 0.30366667 0.13737500 0.31766667 0.18387500 0.72866667 0.20262500 0.85666667 0.20050000 0.86950000 0.18400000 0.88116667
0 0.22650000 0.87550000 0.21150000 0.87383333 0.20487500 0.85333333 0.14162500 0.34833333 0.13962500 0.30666667 0.13012500 0.23833333 0.13100000 0.22383333 0.20525000 0.22016667 0.20712500 0.22400000 0.21362500 0.30333333 0.24862500 0.59566667 0.26337500 0.74833333 0.27512500 0.81433333 0.27787500 0.85200000 0.27625000 0.86616667
0 0.30450000 0.89350000 0.28700000 0.89016667 0.28237500 0.88166667 0.28187500 0.81466667 0.26737500 0.75700000 0.24687500 0.55666667 0.21912500 0.33400000 0.21862500 0.29866667 0.21212500 0.26433333 0.21037500 0.22933333 0.21300000 0.22283333 0.21800000 0.22083333 0.28700000 0.21683333 0.29437500 0.22533333 0.29962500 0.26000000 0.33237500 0.61466667 0.34287500 0.69600000 0.34537500 0.76233333 0.34987500 0.77466667 0.36037500 0.87200000 0.35975000 0.88150000 0.34725000 0.88883333
0 0.38425000 0.89383333 0.36900000 0.89316667 0.36312500 0.88166667 0.30887500 0.33066667 0.30187500 0.25700000 0.30187500 0.22866667 0.30625000 0.22450000 0.37850000 0.22016667 0.38537500 0.22900000 0.44387500 0.87466667 0.44150000 0.88150000 0.43075000 0.88883333
0 0.45850000 0.87983333 0.44900000 0.87750000 0.44512500 0.86466667 0.39212500 0.28233333 0.39237500 0.23666667 0.42375000 0.22850000 0.46325000 0.22750000 0.47162500 0.24266667 0.50412500 0.68633333 0.51887500 0.84566667 0.51937500 0.86766667 0.51600000 0.87350000
0 0.55475000 0.90983333 0.53350000 0.90783333 0.52650000 0.90450000 0.52437500 0.89766667 0.48137500 0.32733333 0.47837500 0.23233333 0.49025000 0.22516667 0.55700000 0.21983333 0.56137500 0.22100000 0.56387500 0.22933333 0.56412500 0.30300000 0.56862500 0.33500000 0.60137500 0.90033333 0.59300000 0.90716667
0 0.65775000 0.93216667 0.61125000 0.92816667 0.60637500 0.92000000 0.57062500 0.33433333 0.56762500 0.22866667 0.57225000 0.22350000 0.64575000 0.21483333 0.65300000 0.21616667 0.65512500 0.22133333 0.67362500 0.71300000 0.68562500 0.92233333 0.68150000 0.93050000
0 0.73725000 0.93683333 0.70125000 0.93583333 0.69050000 0.93216667 0.68712500 0.92666667 0.68262500 0.81500000 0.68462500 0.80666667 0.68062500 0.79533333 0.66187500 0.32433333 0.66537500 0.30833333 0.66362500 0.23700000 0.66850000 0.22450000 0.74475000 0.21683333 0.75062500 0.22100000 0.75162500 0.22766667 0.76937500 0.91566667 0.76862500 0.92766667 0.76475000 0.93183333
0 0.76583333 0.22000000 0.84583333 0.22000000 0.84916667 0.92444444 0.77833333 0.94333333
0 0.86333333 0.21888889 0.96416667 0.20888889 0.95166667 0.95888889 0.86000000 0.95333333
