0 0.00416667 0.38000000 0.10583333 0.86444444 0.04916667 0.86888889 0.00083333 0.67222222
0 0.00500000 0.28666667 0.05250000 0.28222222 0.16833333 0.86444444 0.11000000 0.87111111 0.00333333 0.37222222
0 0.20850000 0.86683333 0.17350000 0.86550000 0.16462500 0.84233333 0.06312500 0.31166667 0.05787500 0.27566667 0.06325000 0.27183333 0.10875000 0.26750000 0.12325000 0.27150000 0.12762500 0.28333333 0.22137500 0.85433333 0.21925000 0.86450000
0 0.26050000 0.87116667 0.22950000 0.87050000 0.22437500 0.86566667 0.13087500 0.29000000 0.12887500 0.27233333 0.13075000 0.26683333 0.20325000 0.26283333 0.20912500 0.26766667 0.20987500 0.29433333 0.22787500 0.44366667 0.28662500 0.85733333 0.28325000 0.86683333
0 0.33550000 0.86983333 0.29500000 0.86650000 0.28962500 0.86033333 0.21887500 0.33400000 0.21187500 0.27966667 0.21300000 0.26716667 0.28350000 0.26416667 0.28762500 0.26900000 0.28862500 0.30366667 0.29537500 0.34633333 0.30487500 0.45866667 0.32712500 0.65766667 0.33237500 0.73666667 0.34712500 0.85700000 0.34575000 0.86550000
0 0.38100000 0.86850000 0.35350000 0.86650000 0.34912500 0.85766667 0.29062500 0.27266667 0.29187500 0.26400000 0.29575000 0.26250000 0.36175000 0.25883333 0.36575000 0.25950000 0.36712500 0.26433333 0.37062500 0.35400000 0.40987500 0.85566667 0.40550000 0.86616667
0 0.43575000 0.86783333 0.41475000 0.86650000 0.41212500 0.85100000 0.37312500 0.33933333 0.36837500 0.26000000 0.37375000 0.25583333 0.43950000 0.25183333 0.44387500 0.25400000 0.44537500 0.26000000 0.45712500 0.53900000 0.46337500 0.62566667 0.46462500 0.71700000 0.47287500 0.84666667 0.47075000 0.86416667
0 0.48900000 0.85150000 0.47800000 0.85050000 0.47637500 0.84000000 0.45187500 0.25966667 0.45550000 0.25183333 0.51825000 0.24750000 0.52512500 0.25200000 0.53512500 0.84200000 0.53000000 0.84716667
0 0.58825000 0.84916667 0.54125000 0.84683333 0.53687500 0.84233333 0.52687500 0.28333333 0.52687500 0.25200000 0.52950000 0.24683333 0.59625000 0.24283333 0.59937500 0.25200000 0.59487500 0.83200000 0.59362500 0.84633333
0 0.62275000 0.86550000 0.59975000 0.86216667 0.59812500 0.85800000 0.59937500 0.48666667 0.60362500 0.25366667 0.60725000 0.23883333 0.69000000 0.23616667 0.69237500 0.24000000 0.69037500 0.28766667 0.66312500 0.85233333 0.65775000 0.86283333
0 0.69075000 0.86583333 0.67000000 0.86416667 0.66512500 0.85533333 0.69462500 0.24433333 0.69725000 0.23483333 0.77025000 0.23216667 0.77237500 0.23766667 0.75387500 0.45900000 0.72887500 0.85033333 0.72662500 0.85900000 0.72175000 0.86316667
0 0.77825000 0.87116667 0.73900000 0.86950000 0.73112500 0.85700000 0.77537500 0.24033333 0.77687500 0.23266667 0.78300000 0.22783333 0.86250000 0.22350000 0.86687500 0.22966667 0.83687500 0.47966667 0.79762500 0.86533333 0.79325000 0.86983333
0 0.84225000 0.87083333 0.80625000 0.86983333 0.80087500 0.86533333 0.79962500 0.85566667 0.86762500 0.23233333 0.87700000 0.21383333 0.95350000 0.21350000 0.95737500 0.22133333 0.94212500 0.30300000 0.86362500 0.86266667 0.85825000 0.86950000
