0 0.10050000 0.77383333 0.04575000 0.77316667 0.03987500 0.76700000 0.01787500 0.63700000 0.00237500 0.55766667 0.00012500 0.55666667 0.00025000 0.18083333 0.02300000 0.18150000 0.02962500 0.20300000 0.07837500 0.55100000 0.10762500 0.73033333 0.11087500 0.76433333 0.10725000 0.77183333
0 0.13650000 0.77416667 0.11900000 0.77316667 0.11362500 0.76433333 0.03237500 0.20933333 0.03062500 0.18533333 0.03725000 0.17916667 0.11625000 0.17616667 0.12350000 0.17883333 0.12712500 0.18500000 0.18712500 0.76133333 0.18550000 0.76783333 0.17800000 0.77083333
0 0.20175000 0.77450000 0.19212500 0.77100000 0.18837500 0.75566667 0.18537500 0.70533333 0.13087500 0.19433333 0.13087500 0.18533333 0.13575000 0.17916667 0.20900000 0.17916667 0.21537500 0.19300000 0.26112500 0.76466667 0.25250000 0.77216667
0 0.28575000 0.77183333 0.26775000 0.77050000 0.26337500 0.76100000 0.21962500 0.22233333 0.22012500 0.18200000 0.23975000 0.17350000 0.30000000 0.17383333 0.30462500 0.18133333 0.31062500 0.24800000 0.31312500 0.33500000 0.33637500 0.76433333 0.33050000 0.77050000
0 0.39750000 0.77750000 0.34575000 0.77316667 0.33887500 0.76400000 0.30912500 0.19466667 0.31062500 0.17866667 0.31825000 0.17383333 0.38425000 0.17016667 0.39837500 0.17400000 0.41012500 0.76633333 0.40550000 0.77550000
0 0.48050000 0.78350000 0.42225000 0.77616667 0.41575000 0.77316667 0.41312500 0.76433333 0.40262500 0.26500000 0.40237500 0.18500000 0.40387500 0.17533333 0.40700000 0.17316667 0.48350000 0.16916667 0.49187500 0.17400000 0.48712500 0.77233333 0.48637500 0.77933333
0 0.50225000 0.78816667 0.48987500 0.78366667 0.48887500 0.75733333 0.49562500 0.17766667 0.49850000 0.17316667 0.51275000 0.17116667 0.58050000 0.16983333 0.58812500 0.17400000 0.58937500 0.20333333 0.56187500 0.77600000 0.55350000 0.78350000
0 0.58675000 0.79150000 0.56762500 0.78733333 0.56587500 0.75566667 0.58312500 0.35733333 0.59487500 0.17533333 0.61475000 0.16950000 0.68950000 0.17016667 0.68637500 0.25233333 0.64287500 0.76566667 0.63887500 0.78100000 0.62975000 0.78750000
0 0.71750000 0.79983333 0.65175000 0.79783333 0.64637500 0.79500000 0.64412500 0.78433333 0.69462500 0.17366667 0.69750000 0.16883333 0.72250000 0.16516667 0.78700000 0.16616667 0.79587500 0.17400000 0.79462500 0.18966667 0.73087500 0.69733333 0.72287500 0.79400000
0 0.74200000 0.79483333 0.72537500 0.79133333 0.72637500 0.76666667 0.78237500 0.29500000 0.79762500 0.18866667 0.80162500 0.17366667 0.80700000 0.16983333 0.88100000 0.16783333 0.88712500 0.17366667 0.88537500 0.20133333 0.80012500 0.78466667 0.79575000 0.79150000 0.78675000 0.79416667
0 0.83975000 0.81883333 0.82400000 0.81850000 0.81075000 0.81116667 0.80262500 0.79366667 0.80212500 0.78366667 0.80962500 0.74766667 0.81262500 0.70500000 0.89212500 0.17366667 0.89750000 0.16616667 0.90300000 0.16550000 0.99425000 0.16483333 0.99737500 0.16866667 0.99787500 0.18600000 0.99975000 0.18733333 0.99712500 0.19833333 0.99975000 0.22833333 0.93612500 0.59600000 0.91487500 0.69766667 0.89837500 0.81066667 0.88975000 0.81616667
