0 0.14625000 0.94783333 0.12950000 0.94416667 0.12512500 0.92800000 0.07437500 0.62633333 0.00012500 0.21866667 0.00012500 0.20000000 0.00575000 0.19650000 0.08825000 0.18950000 0.09575000 0.19183333 0.09987500 0.20433333 0.11537500 0.31866667 0.11537500 0.37333333 0.12737500 0.40733333 0.13212500 0.49000000 0.14512500 0.55666667 0.19512500 0.90033333 0.19687500 0.93200000 0.19350000 0.94016667
0 0.24975000 0.94050000 0.21400000 0.93883333 0.20387500 0.92800000 0.10387500 0.20900000 0.10387500 0.19833333 0.10900000 0.19283333 0.18025000 0.18883333 0.18762500 0.19833333 0.21837500 0.45200000 0.26887500 0.92233333 0.26625000 0.93716667
0 0.30700000 0.94216667 0.27600000 0.93816667 0.27062500 0.92833333 0.22262500 0.47000000 0.19562500 0.24833333 0.19062500 0.17533333 0.19525000 0.16583333 0.27150000 0.16350000 0.28000000 0.16616667 0.28162500 0.17433333 0.27462500 0.19066667 0.28012500 0.21766667 0.29562500 0.39000000 0.33562500 0.92300000 0.33200000 0.93916667
0 0.36200000 0.97350000 0.34337500 0.96733333 0.33712500 0.91866667 0.30937500 0.52633333 0.27950000 0.18783333 0.35250000 0.18450000 0.36987500 0.18933333 0.41212500 0.95566667 0.40400000 0.96716667
0 0.42800000 0.98183333 0.41987500 0.97800000 0.41512500 0.95933333 0.39137500 0.44633333 0.38387500 0.37366667 0.37587500 0.20500000 0.37687500 0.18966667 0.38375000 0.18750000 0.45700000 0.18483333 0.46587500 0.18966667 0.46962500 0.22000000 0.48862500 0.95066667 0.48662500 0.95966667 0.47650000 0.96716667
0 0.52800000 0.97183333 0.49612500 0.96700000 0.49112500 0.91666667 0.47187500 0.26533333 0.47362500 0.19700000 0.47575000 0.18950000 0.48450000 0.18550000 0.54900000 0.18683333 0.55637500 0.20466667 0.56012500 0.24000000 0.56262500 0.94133333 0.55950000 0.96716667
0 0.62125000 0.97683333 0.57225000 0.97150000 0.56712500 0.96766667 0.56587500 0.95933333 0.56412500 0.20666667 0.56512500 0.19033333 0.57175000 0.18516667 0.65050000 0.18116667 0.65412500 0.20166667 0.63687500 0.95600000 0.63462500 0.97100000
0 0.67175000 0.99083333 0.65075000 0.98616667 0.64062500 0.96566667 0.65812500 0.18166667 0.75225000 0.17750000 0.75387500 0.20533333 0.71787500 0.97433333 0.71225000 0.98683333
0 0.75450000 0.99683333 0.73650000 0.99650000 0.72625000 0.99050000 0.72137500 0.98233333 0.72037500 0.96300000 0.74837500 0.46700000 0.75587500 0.23666667 0.76087500 0.21500000 0.75912500 0.18966667 0.77075000 0.17783333 0.85775000 0.17383333 0.86087500 0.18400000 0.80087500 0.98433333 0.79500000 0.99483333
0 0.85950000 0.98083333 0.81375000 0.97583333 0.80387500 0.96866667 0.85987500 0.20266667 0.86625000 0.17716667 0.94875000 0.17316667 0.95337500 0.18433333 0.87462500 0.93966667 0.86887500 0.97466667
0 0.99750000 0.02888889 0.99666667 0.86222222 0.98416667 0.99222222 0.88750000 0.99111111
