0 0.13775000 0.70016667 0.10350000 0.69716667 0.09525000 0.69450000 0.08687500 0.68600000 0.04437500 0.53900000 0.00712500 0.39900000 0.00237500 0.38333333 0.00012500 0.38266667 0.00025000 0.21550000 0.04200000 0.21283333 0.04912500 0.22166667 0.04987500 0.24033333 0.05737500 0.25966667 0.12487500 0.54133333 0.14837500 0.65400000 0.15487500 0.67300000 0.15662500 0.68666667 0.15462500 0.69600000
0 0.04750000 0.20777778 0.12750000 0.20333333 0.22500000 0.69444444 0.16083333 0.69888889
0 0.13250000 0.20777778 0.21000000 0.20444444 0.28750000 0.69333333 0.22500000 0.69666667
0 0.22416667 0.22333333 0.31250000 0.22333333 0.35916667 0.70333333 0.29416667 0.70111111
0 0.31666667 0.19888889 0.40000000 0.20444444 0.43083333 0.70222222 0.36750000 0.69777778
0 0.40583333 0.19777778 0.48666667 0.19777778 0.49833333 0.70111111 0.43333333 0.70111111
0 0.49666667 0.22555556 0.58416667 0.22111111 0.57666667 0.70777778 0.50333333 0.70777778
0 0.59000000 0.21666667 0.69000000 0.21555556 0.64500000 0.71111111 0.57666667 0.71444444
0 0.69083333 0.23000000 0.78166667 0.22666667 0.72000000 0.71333333 0.64833333 0.71777778
0 0.79583333 0.21000000 0.90083333 0.21222222 0.80500000 0.72444444 0.72666667 0.72444444
0 0.91083333 0.21666667 0.99583333 0.21000000 0.88250000 0.71444444 0.81500000 0.72444444
0 0.99833333 0.22333333 0.99975000 0.47077778 0.99975000 0.52333333 0.95166667 0.69222222 0.88583333 0.70333333
