0 0.02604167 0.98126102 0.00830853 0.97883598 0.00310020 0.86111111 0.00012401 0.85273369 0.00024802 0.00022046 0.03794643 0.00022046 0.03881448 0.01499118 0.04724702 0.52248677 0.05890377 0.96781305 0.05679563 0.97641093
0 0.08333333 0.98434744 0.06448413 0.98390653 0.06088790 0.97486772 0.04600694 0.23544974 0.04513889 0.00022046 0.10367063 0.00022046 0.10503472 0.01366843 0.12214782 0.96781305 0.11929563 0.97685185 0.11160714 0.98126102
0 0.14508929 0.97905644 0.13020833 0.97905644 0.12636409 0.97089947 0.10974702 0.06966490 0.11024306 0.00617284 0.12202381 0.00286596 0.16145833 0.00462963 0.16753472 0.01014109 0.17571925 0.69400353 0.18291171 0.96737213 0.17832341 0.97552910
0 0.20039683 0.98302469 0.18576389 0.97949735 0.18439980 0.96781305 0.17026290 0.08950617 0.16976687 0.01014109 0.17311508 0.00815697 0.22197421 0.00947972 0.22681052 0.02160494 0.23995536 0.97089947 0.23288690 0.97905644
0 0.27653770 0.97773369 0.24801587 0.97729277 0.24317956 0.96825397 0.23226687 0.21913580 0.23102679 0.01763668 0.23437500 0.01432981 0.27951389 0.01388889 0.28534226 0.02380952 0.29551091 0.96913580 0.29166667 0.97641093
0 0.32589286 0.98037919 0.30257937 0.98037919 0.29873512 0.96957672 0.29079861 0.10890653 0.29055060 0.02954145 0.29513889 0.02050265 0.34226190 0.02314815 0.34610615 0.02557319 0.34809028 0.03747795 0.35429067 0.96737213 0.34970238 0.97685185
0 0.36954365 0.97597002 0.36011905 0.97508818 0.35726687 0.96296296 0.35354663 0.05246914 0.35714286 0.03240741 0.39384921 0.03284832 0.40538194 0.04144621 0.40662202 0.06349206 0.40885417 0.95149912 0.40575397 0.97156085
0 0.43204365 0.97597002 0.41592262 0.97552910 0.41307044 0.96737213 0.40959821 0.05070547 0.41121032 0.04078483 0.41964286 0.03902116 0.45907738 0.04254850 0.46217758 0.04938272 0.46267361 0.07539683 0.46564980 0.40784832 0.46440972 0.96737213 0.45932540 0.97288360
0 0.48561508 0.97244268 0.46837798 0.96781305 0.46589782 0.12786596 0.46639385 0.04850088 0.47023810 0.04607584 0.51289683 0.04828042 0.51773313 0.05423280 0.51723710 0.95238095 0.51512897 0.96847443
0 0.55853175 0.97244268 0.52504960 0.97156085 0.52021329 0.96516755 0.52120536 0.06481481 0.52318948 0.05335097 0.52852183 0.05092593 0.56870040 0.05445326 0.57328869 0.06437390 0.57155258 0.96693122
0 0.59201389 0.96979718 0.57403274 0.96516755 0.57601687 0.13756614 0.57775298 0.06437390 0.58382937 0.05798060 0.62735615 0.06349206 0.62413194 0.95502646 0.61929563 0.96759259
0 0.64558532 0.96979718 0.63095238 0.96847443 0.62735615 0.95370370 0.63058036 0.08289242 0.63392857 0.06062610 0.66815476 0.05886243 0.67782738 0.06106702 0.68043155 0.07098765 0.67770337 0.95987654 0.67410714 0.96847443
0 0.72172619 0.96935626 0.68179563 0.96847443 0.67894345 0.95899471 0.68390377 0.08421517 0.68514385 0.06922399 0.69221230 0.06459436 0.73214286 0.06415344 0.73499504 0.07098765 0.73053075 0.96164021 0.72891865 0.96759259
0 0.75421627 0.96979718 0.73611111 0.96891534 0.73201885 0.96164021 0.73772321 0.08068783 0.73797123 0.07275132 0.74355159 0.06723986 0.77976190 0.06635802 0.78869048 0.06812169 0.79228671 0.07583774 0.78311012 0.95943563 0.77951389 0.96759259
0 0.81051587 0.96362434 0.79092262 0.96318342 0.78534226 0.95943563 0.78484623 0.95238095 0.79377480 0.41358025 0.79451885 0.07936508 0.80183532 0.07517637 0.83779762 0.07826279 0.84263393 0.08686067 0.82973710 0.95546737 0.82564484 0.96186067
0 0.86210317 0.95568783 0.83432540 0.95348325 0.83122520 0.94532628 0.83717758 0.57495591 0.84064980 0.52557319 0.84312996 0.09788360 0.84548611 0.08619929 0.88120040 0.08708113 0.88454861 0.09523810 0.87413194 0.94091711 0.87127976 0.95216049
0 0.90228175 0.94598765 0.87847222 0.94554674 0.87537202 0.93562610 0.88479663 0.15343915 0.88554067 0.10670194 0.88864087 0.09413580 0.92410714 0.09589947 0.92919147 0.10008818 0.91406250 0.94003527 0.91220238 0.94466490
0 0.95163690 0.94642857 0.92063492 0.94510582 0.91629464 0.93430335 0.93092758 0.11552028 0.93551587 0.09898589 0.96130952 0.09810406 0.97619048 0.09986772 0.97953869 0.10361552 0.97978671 0.11199295 0.96316964 0.93606702 0.96130952 0.94378307
0 0.99975198 0.94951499 0.97420635 0.94775132 0.96912202 0.94356261 0.96713790 0.93253968 0.98226687 0.11684303 0.98462302 0.10339506 0.99776786 0.09942681 0.99975198 0.09964727
