0 0.10275000 0.94916667 0.08725000 0.94783333 0.08237500 0.94000000 0.08287500 0.11066667 0.08487500 0.08833333 0.09950000 0.08083333 0.11875000 0.08250000 0.12337500 0.08766667 0.12487500 0.14233333 0.12287500 0.93933333 0.11900000 0.94583333
0 0.13950000 0.94816667 0.12362500 0.94333333 0.12662500 0.11233333 0.12950000 0.08783333 0.14725000 0.08650000 0.16912500 0.09200000 0.16837500 0.93200000 0.16475000 0.94416667
0 0.19400000 0.94616667 0.17175000 0.94416667 0.16962500 0.92466667 0.17087500 0.10933333 0.17425000 0.09183333 0.18500000 0.09083333 0.20475000 0.09216667 0.20662500 0.09900000 0.21312500 0.92766667 0.20775000 0.94350000
0 0.23750000 0.94350000 0.21700000 0.94083333 0.21462500 0.93266667 0.20787500 0.09966667 0.20862500 0.09166667 0.21700000 0.08650000 0.24450000 0.09050000 0.25212500 0.10766667 0.25712500 0.92166667 0.25500000 0.93583333
0 0.28525000 0.93916667 0.25975000 0.93683333 0.25787500 0.92900000 0.25862500 0.49766667 0.25437500 0.11100000 0.25750000 0.10516667 0.26725000 0.10316667 0.28625000 0.10350000 0.29312500 0.11066667 0.29537500 0.16800000 0.30037500 0.92833333 0.29800000 0.93583333
0 0.33075000 0.93683333 0.30675000 0.93550000 0.30112500 0.92833333 0.29637500 0.12566667 0.29900000 0.11283333 0.31425000 0.11116667 0.33025000 0.11316667 0.33287500 0.11833333 0.34037500 0.92466667 0.33800000 0.93350000
0 0.37225000 0.93716667 0.34575000 0.93683333 0.34162500 0.92333333 0.34062500 0.50300000 0.33412500 0.13166667 0.33800000 0.11383333 0.36600000 0.11516667 0.37087500 0.12633333 0.37637500 0.91766667 0.37612500 0.93266667
0 0.40825000 0.94016667 0.38100000 0.93783333 0.37837500 0.92966667 0.37362500 0.13733333 0.37412500 0.11966667 0.37800000 0.11783333 0.40475000 0.11850000 0.40887500 0.12600000 0.41537500 0.45833333 0.41862500 0.93200000
0 0.44900000 0.93716667 0.42350000 0.93650000 0.42037500 0.92166667 0.41787500 0.46300000 0.41187500 0.14600000 0.41312500 0.12700000 0.42150000 0.12250000 0.44475000 0.12316667 0.44762500 0.14633333 0.45737500 0.91933333 0.45612500 0.93566667
0 0.48650000 0.93783333 0.46200000 0.93683333 0.45812500 0.92400000 0.44937500 0.13233333 0.44962500 0.12300000 0.45425000 0.11983333 0.47925000 0.12083333 0.48487500 0.12700000 0.49487500 0.91500000 0.49462500 0.93200000
0 0.52350000 0.94783333 0.49900000 0.94383333 0.49712500 0.92733333 0.48762500 0.23366667 0.48737500 0.12700000 0.49025000 0.11116667 0.51775000 0.11150000 0.52512500 0.11833333 0.53712500 0.94133333 0.53325000 0.94716667
0 0.56425000 0.94850000 0.54125000 0.94516667 0.53912500 0.93566667 0.52687500 0.13233333 0.52737500 0.11600000 0.53300000 0.11150000 0.55625000 0.11316667 0.56137500 0.11900000 0.56687500 0.60033333 0.57562500 0.93466667 0.57225000 0.94750000
0 0.60425000 0.95150000 0.58025000 0.94850000 0.57687500 0.93600000 0.56337500 0.17266667 0.56387500 0.11900000 0.57500000 0.11250000 0.59600000 0.11416667 0.60137500 0.12300000 0.61862500 0.93866667 0.61525000 0.94816667
0 0.64275000 0.94450000 0.62225000 0.94383333 0.61862500 0.93700000 0.60237500 0.14000000 0.60262500 0.12333333 0.60650000 0.12150000 0.63125000 0.12316667 0.63637500 0.14633333 0.65162500 0.91333333 0.65112500 0.93866667
0 0.68675000 0.95650000 0.66200000 0.95316667 0.65512500 0.93866667 0.64037500 0.29533333 0.64037500 0.12166667 0.64187500 0.11166667 0.64675000 0.10916667 0.67375000 0.10950000 0.67687500 0.11900000 0.69812500 0.93500000 0.69762500 0.95166667
0 0.73125000 0.96483333 0.70575000 0.95916667 0.70037500 0.94033333 0.68087500 0.15433333 0.68162500 0.10800000 0.69325000 0.10183333 0.71700000 0.10216667 0.72187500 0.11166667 0.74187500 0.88500000 0.74696970 0.96262626
0 0.77675000 0.96383333 0.75225000 0.96250000 0.74687500 0.94766667 0.72812500 0.35800000 0.72262500 0.11600000 0.72650000 0.10350000 0.75625000 0.10350000 0.76112500 0.11533333 0.78712500 0.95266667 0.78600000 0.95983333
0 0.81200000 0.96383333 0.79125000 0.96183333 0.78737500 0.95066667 0.76262500 0.13166667 0.76312500 0.10800000 0.77075000 0.10383333 0.79550000 0.10583333 0.79937500 0.11566667 0.82762500 0.94933333 0.82600000 0.96116667
0 0.86225000 0.96683333 0.83400000 0.96416667 0.82812500 0.95233333 0.80237500 0.15566667 0.80212500 0.10733333 0.80750000 0.10116667 0.83425000 0.10183333 0.83912500 0.10766667 0.87062500 0.95266667 0.86962500 0.96300000
0 0.90850000 0.97083333 0.87725000 0.96783333 0.87212500 0.95366667 0.84462500 0.23533333 0.84162500 0.10866667 0.84950000 0.09816667 0.87375000 0.10050000 0.88162500 0.10766667 0.91787500 0.95800000 0.91787500 0.96700000
0 0.94875000 0.97516667 0.92237500 0.96766667 0.91562500 0.88933333 0.88487500 0.10766667 0.89650000 0.09950000 0.92512500 0.10366667 0.92862500 0.14500000 0.96087500 0.85633333 0.96562500 0.95533333 0.96300000 0.97016667
0 0.99325000 0.96883333 0.96687500 0.96600000 0.95937500 0.79200000 0.92712500 0.11733333 0.93200000 0.10016667 0.95925000 0.10450000 0.96337500 0.12300000 0.99137500 0.81933333 0.99687500 0.91633333 0.99975000 0.92200000 0.99975000 0.96700000
0 0.99975000 0.87383333 0.99287500 0.82133333 0.97762500 0.42000000 0.96712500 0.24466667 0.96487500 0.12666667 0.97100000 0.12016667 0.98075000 0.12250000 0.98337500 0.13233333 0.99562500 0.47500000 0.99975000 0.50000000
