0 0.00213415 0.17479675 0.01859756 0.17398374 0.07469512 0.74959350 0.03810976 0.75691057 0.00030488 0.36341463
0 0.09550000 0.75383333 0.07950000 0.75350000 0.07637500 0.75033333 0.07037500 0.70233333 0.02412500 0.18600000 0.02512500 0.17900000 0.02900000 0.17683333 0.06050000 0.17750000 0.06512500 0.19033333 0.07037500 0.27700000 0.10987500 0.72066667 0.10987500 0.75100000
0 0.12650000 0.75350000 0.11450000 0.75316667 0.11137500 0.74200000 0.06812500 0.22466667 0.06537500 0.17800000 0.06825000 0.17350000 0.10200000 0.17383333 0.10837500 0.18133333 0.13987500 0.61233333 0.14337500 0.69400000 0.15012500 0.74800000 0.14625000 0.75216667
0 0.17775000 0.75650000 0.15425000 0.75616667 0.14912500 0.74833333 0.10962500 0.19500000 0.10937500 0.17866667 0.11425000 0.17383333 0.14550000 0.17516667 0.15087500 0.18066667 0.18662500 0.73400000 0.18687500 0.75233333
0 0.22125000 0.75783333 0.19050000 0.75716667 0.18787500 0.75133333 0.15212500 0.20900000 0.15112500 0.17800000 0.15400000 0.17616667 0.18975000 0.17616667 0.19562500 0.18133333 0.22587500 0.74566667 0.22537500 0.75600000
0 0.25450000 0.75816667 0.23125000 0.75750000 0.22787500 0.75600000 0.22687500 0.75000000 0.19762500 0.18566667 0.20100000 0.17916667 0.23800000 0.18050000 0.24212500 0.18600000 0.26537500 0.71566667 0.26487500 0.75600000
0 0.29200000 0.75816667 0.27125000 0.75816667 0.26762500 0.75600000 0.26687500 0.74966667 0.24287500 0.18733333 0.24337500 0.18166667 0.24750000 0.17950000 0.28250000 0.18016667 0.28637500 0.18566667 0.30512500 0.74833333 0.30350000 0.75650000
0 0.33325000 0.75883333 0.31050000 0.75850000 0.30587500 0.75600000 0.30512500 0.74933333 0.28837500 0.22500000 0.28812500 0.18466667 0.29100000 0.18050000 0.32600000 0.18183333 0.33062500 0.18500000 0.33162500 0.19066667 0.34262500 0.74600000 0.34237500 0.75600000
0 0.36975000 0.75750000 0.34575000 0.75750000 0.34337500 0.74966667 0.33312500 0.19600000 0.33312500 0.18533333 0.33775000 0.18183333 0.37275000 0.18450000 0.37587500 0.18966667 0.38062500 0.72666667 0.37937500 0.75500000
0 0.41375000 0.75750000 0.38525000 0.75650000 0.38237500 0.75000000 0.37762500 0.19366667 0.38025000 0.18550000 0.41675000 0.18750000 0.42037500 0.18966667 0.42087500 0.19533333 0.41987500 0.73400000 0.41912500 0.75200000
0 0.45225000 0.75816667 0.42400000 0.75716667 0.42062500 0.74966667 0.42187500 0.18933333 0.42575000 0.18550000 0.45900000 0.18783333 0.46187500 0.19700000 0.45637500 0.75333333
0 0.48425000 0.75850000 0.46075000 0.75716667 0.45737500 0.75200000 0.46262500 0.29466667 0.46437500 0.19300000 0.46675000 0.18850000 0.50225000 0.19050000 0.50537500 0.19566667 0.49362500 0.75400000 0.49125000 0.75783333
0 0.52550000 0.75916667 0.49850000 0.75750000 0.49537500 0.75166667 0.50737500 0.19566667 0.50950000 0.19050000 0.51775000 0.18850000 0.54550000 0.19016667 0.54937500 0.19733333 0.53162500 0.75166667 0.53050000 0.75750000
0 0.56475000 0.76250000 0.53700000 0.76150000 0.53212500 0.75600000 0.55087500 0.19333333 0.55550000 0.18950000 0.58800000 0.19050000 0.59437500 0.19533333 0.59262500 0.28366667 0.57012500 0.75333333 0.56862500 0.76000000
0 0.58875000 0.76183333 0.57300000 0.76116667 0.57087500 0.75466667 0.59862500 0.19366667 0.60575000 0.19116667 0.63275000 0.19316667 0.63887500 0.19733333 0.63937500 0.22033333 0.60637500 0.75333333 0.60375000 0.76016667
0 0.63525000 0.76150000 0.61100000 0.76016667 0.60887500 0.74233333 0.64187500 0.19733333 0.64650000 0.19216667 0.67825000 0.19316667 0.68362500 0.19733333 0.68387500 0.21000000 0.66487500 0.44800000 0.64512500 0.75600000 0.64275000 0.76016667
0 0.65550000 0.75683333 0.64750000 0.75550000 0.64587500 0.75066667 0.66862500 0.40733333 0.67962500 0.27333333 0.68337500 0.25633333 0.68537500 0.19733333 0.68925000 0.19283333 0.71950000 0.19516667 0.72262500 0.19766667 0.72237500 0.21300000 0.68012500 0.75233333 0.67650000 0.75650000
0 0.72100000 0.77050000 0.68775000 0.76783333 0.68062500 0.75666667 0.68012500 0.75066667 0.72412500 0.20333333 0.72687500 0.19366667 0.73250000 0.19150000 0.77175000 0.19316667 0.77612500 0.19700000 0.77637500 0.20166667 0.73312500 0.67366667 0.72362500 0.76633333
0 0.76375000 0.76950000 0.73275000 0.76850000 0.72912500 0.76400000 0.73537500 0.65900000 0.77737500 0.19833333 0.78025000 0.19450000 0.81400000 0.19550000 0.81925000 0.19716667 0.81987500 0.20133333 0.81537500 0.25400000 0.76812500 0.75500000
0 0.85030488 0.19105691 0.89054878 0.19512195 0.85091463 0.78130081 0.81250000 0.78048780
0 0.93262195 0.18536585 0.98384146 0.18455285 0.93323171 0.75447154 0.88993902 0.75365854
0 0.89603659 0.19756098 0.92713415 0.19593496 0.88689024 0.77642276 0.85274390 0.77886179
