0 0.06000000 0.98016667 0.02500000 0.97883333 0.01450000 0.97483333 0.01162500 0.96700000 0.00262500 0.80633333 0.00012500 0.80433333 0.00025000 0.33150000 0.03425000 0.33383333 0.04087500 0.36133333 0.06312500 0.72433333 0.07287500 0.82166667 0.08012500 0.93866667 0.08037500 0.96800000 0.07787500 0.97433333
0 0.04333333 0.32777778 0.11916667 0.33222222 0.15250000 0.98888889 0.08416667 0.99333333
0 0.14083333 0.32888889 0.21750000 0.33555556 0.23416667 0.98666667 0.16583333 0.99111111
0 0.24000000 0.33777778 0.32416667 0.34111111 0.31583333 0.99222222 0.25000000 0.99444444
0 0.34666667 0.33333333 0.42416667 0.33888889 0.40166667 0.97222222 0.33500000 0.96666667
0 0.46666667 0.33111111 0.54833333 0.34000000 0.48750000 0.99000000 0.40916667 0.99222222
0 0.65833333 0.32666667 0.72583333 0.34333333 0.62500000 0.95333333 0.55833333 0.95000000
0 0.76916667 0.33777778 0.84500000 0.34777778 0.71833333 0.98555556 0.68666667 0.99000000 0.65916667 0.97555556
0 0.77825000 0.98516667 0.75175000 0.98216667 0.72737500 0.95933333 0.72587500 0.94666667 0.81412500 0.51200000 0.85350000 0.32850000 0.86800000 0.32583333 0.93550000 0.34350000 0.93587500 0.36566667 0.92062500 0.44400000 0.80762500 0.97466667 0.80150000 0.98283333
0 0.85175000 0.96250000 0.82675000 0.95983333 0.81762500 0.95100000 0.81687500 0.93933333 0.93637500 0.37566667 0.94900000 0.32350000 0.99975000 0.33683333 0.99975000 0.41566667 0.99787500 0.41633333 0.88162500 0.95200000 0.87350000 0.95950000
