0 0.00333333 0.03222222 0.03166667 0.03000000 0.12583333 0.75777778 0.07500000 0.76000000 0.00166667 0.36444444
0 0.03583333 0.03777778 0.10583333 0.04333333 0.18083333 0.77555556 0.12916667 0.77888889
0 0.12083333 0.10666667 0.19750000 0.10777778 0.25000000 0.77333333 0.19250000 0.77555556
0 0.27025000 0.78850000 0.25575000 0.78750000 0.25112500 0.76466667 0.21187500 0.29400000 0.20062500 0.12800000 0.20200000 0.11116667 0.27200000 0.11283333 0.27612500 0.11933333 0.31462500 0.78066667 0.31100000 0.78550000
0 0.33975000 0.80216667 0.32175000 0.80050000 0.31812500 0.79500000 0.31612500 0.77833333 0.28162500 0.19366667 0.27912500 0.11900000 0.28500000 0.11316667 0.35075000 0.11483333 0.35775000 0.11850000 0.35912500 0.12600000 0.36462500 0.36600000 0.37312500 0.49766667 0.38037500 0.78466667 0.37725000 0.79950000
0 0.41400000 0.80716667 0.38875000 0.80483333 0.38462500 0.77966667 0.36412500 0.14666667 0.36437500 0.11933333 0.37200000 0.11483333 0.43975000 0.11683333 0.44312500 0.12233333 0.45262500 0.76833333 0.44800000 0.80350000
0 0.48000000 0.82750000 0.46662500 0.82566667 0.46212500 0.79500000 0.44987500 0.30133333 0.44837500 0.12300000 0.45675000 0.11716667 0.51475000 0.11683333 0.52850000 0.11916667 0.53087500 0.12566667 0.52762500 0.42966667 0.52887500 0.81266667 0.52450000 0.82383333
0 0.54525000 0.82716667 0.53375000 0.82416667 0.53187500 0.81066667 0.53487500 0.12300000 0.54775000 0.11816667 0.61525000 0.11850000 0.61987500 0.12333333 0.61487500 0.18166667 0.61687500 0.25266667 0.60737500 0.39933333 0.59437500 0.81166667 0.59125000 0.81983333
0 0.61975000 0.82416667 0.59975000 0.82116667 0.59787500 0.80633333 0.61462500 0.36166667 0.61737500 0.30300000 0.62587500 0.12533333 0.63775000 0.11783333 0.70025000 0.11816667 0.70762500 0.12300000 0.70083333 0.23555556 0.68762500 0.40700000 0.66112500 0.81500000 0.65525000 0.82116667
0 0.68250000 0.81316667 0.66575000 0.81250000 0.66287500 0.80633333 0.69637500 0.31500000 0.70237500 0.26900000 0.71037500 0.12300000 0.71300000 0.11850000 0.72625000 0.11583333 0.78775000 0.11516667 0.79062500 0.12133333 0.78237500 0.20100000 0.77387500 0.29100000 0.76612500 0.36000000 0.72537500 0.80766667 0.72100000 0.81216667
0 0.74275000 0.80883333 0.72850000 0.80783333 0.72687500 0.80166667 0.76737500 0.37300000 0.78387500 0.24800000 0.79537500 0.11966667 0.80275000 0.11450000 0.87200000 0.11616667 0.87487500 0.12166667 0.87412500 0.13900000 0.85862500 0.26433333 0.85187500 0.29133333 0.78787500 0.80266667 0.78050000 0.80816667
