0 0.18500000 0.99966667 0.11837500 0.99966667 0.03487500 0.23000000 0.00912500 0.03000000 0.01000000 0.00316667 0.03750000 0.00016667 0.08400000 0.00616667 0.09362500 0.03300000 0.11412500 0.25133333 0.11887500 0.35466667 0.14587500 0.57733333 0.15387500 0.70566667 0.16312500 0.76300000 0.16337500 0.79966667 0.17787500 0.86900000 0.18762500 0.98100000
0 0.22125000 0.99966667 0.19725000 0.99683333 0.18812500 0.95933333 0.15262500 0.57133333 0.09812500 0.05300000 0.09950000 0.03150000 0.16250000 0.03283333 0.16887500 0.04466667 0.25137500 0.96833333 0.24850000 0.99083333
0 0.26450000 0.98216667 0.25437500 0.97366667 0.18012500 0.15433333 0.17312500 0.04900000 0.18025000 0.04116667 0.24800000 0.04050000 0.25237500 0.04900000 0.31987500 0.94566667 0.31750000 0.96983333
0 0.33250000 0.95016667 0.32300000 0.94816667 0.32112500 0.94233333 0.26662500 0.19966667 0.25937500 0.08433333 0.26325000 0.07516667 0.30400000 0.07216667 0.31487500 0.08066667 0.36637500 0.93666667 0.36500000 0.94783333
0 0.37875000 0.95416667 0.36837500 0.95133333 0.35662500 0.69700000 0.31787500 0.11600000 0.31662500 0.08200000 0.32275000 0.07616667 0.36950000 0.07883333 0.37412500 0.09633333 0.40812500 0.76900000 0.41437500 0.82366667 0.41587500 0.91033333 0.42037500 0.93833333 0.41200000 0.94816667
0 0.42875000 0.94616667 0.41887500 0.94066667 0.37512500 0.10166667 0.37575000 0.07983333 0.40050000 0.07616667 0.42912500 0.08033333 0.46362500 0.90233333 0.46250000 0.94050000
0 0.47675000 0.94550000 0.46700000 0.94450000 0.46562500 0.93600000 0.43187500 0.09966667 0.43162500 0.08366667 0.43750000 0.07950000 0.48575000 0.08383333 0.49137500 0.09533333 0.51537500 0.93566667
0 0.54025000 0.94583333 0.52125000 0.94550000 0.51712500 0.93766667 0.50062500 0.36400000 0.49412500 0.09566667 0.49825000 0.08616667 0.51750000 0.08383333 0.56087500 0.08733333 0.56487500 0.16500000 0.57487500 0.93366667 0.56775000 0.94316667
0 0.59275000 0.94516667 0.57825000 0.94383333 0.57587500 0.93566667 0.56712500 0.11666667 0.57250000 0.10283333 0.64475000 0.10050000 0.64887500 0.10966667 0.64912500 0.15900000 0.64412500 0.92800000 0.64287500 0.93533333 0.63675000 0.93983333
0 0.66000000 0.93416667 0.64612500 0.93166667 0.64512500 0.88566667 0.65137500 0.10066667 0.65750000 0.09416667 0.71725000 0.09583333 0.72637500 0.09966667 0.72862500 0.11666667 0.71387500 0.92033333 0.70450000 0.92816667
0 0.72150000 0.92416667 0.71437500 0.92200000 0.71412500 0.90433333 0.73037500 0.11533333 0.73650000 0.10816667 0.78725000 0.11083333 0.79387500 0.12333333 0.79412500 0.16133333 0.76637500 0.90566667 0.76475000 0.91283333 0.75650000 0.91650000
0 0.78425000 0.91483333 0.77125000 0.91483333 0.76837500 0.90666667 0.79662500 0.12700000 0.80825000 0.12283333 0.85650000 0.12450000 0.85912500 0.12700000 0.85912500 0.18933333 0.82837500 0.89933333 0.82300000 0.90950000
0 0.86975000 0.91816667 0.83875000 0.91716667 0.82937500 0.91233333 0.86237500 0.19466667 0.86262500 0.12700000 0.86575000 0.11683333 0.88075000 0.10616667 0.93650000 0.10516667 0.94787500 0.11100000 0.94862500 0.12400000 0.90212500 0.86066667 0.89737500 0.91200000
0 0.94200000 0.92116667 0.90450000 0.91816667 0.89862500 0.91233333 0.89887500 0.90433333 0.95012500 0.11933333 0.95825000 0.10983333 0.99350000 0.10750000 0.99975000 0.10866667 0.99975000 0.46000000 0.99337500 0.50933333 0.96462500 0.89933333 0.95900000 0.91850000
