0 0.00083333 0.25888889 0.12000000 0.83777778 0.04500000 0.85222222 0.00083333 0.67444444
0 0.13525000 0.84283333 0.12675000 0.84216667 0.12212500 0.83433333 0.01162500 0.26533333 0.00012500 0.22300000 0.00025000 0.10316667 0.03950000 0.10416667 0.04912500 0.13733333 0.11537500 0.51400000 0.12712500 0.59866667 0.17037500 0.83000000 0.17000000 0.83483333 0.16325000 0.83816667
0 0.04583333 0.10000000 0.10083333 0.09666667 0.21583333 0.83777778 0.17333333 0.84444444
0 0.10333333 0.09666667 0.16750000 0.09555556 0.16500000 0.11000000 0.26166667 0.84222222 0.21833333 0.83888889
0 0.28400000 0.86850000 0.26775000 0.86683333 0.26387500 0.85266667 0.16712500 0.12333333 0.16237500 0.11566667 0.16550000 0.11050000 0.21850000 0.11116667 0.23387500 0.11933333 0.27987500 0.53300000 0.28362500 0.60000000 0.31112500 0.85633333 0.30900000 0.86550000
0 0.33875000 0.86083333 0.32250000 0.86050000 0.31812500 0.85766667 0.31712500 0.85066667 0.24012500 0.14666667 0.23812500 0.11933333 0.24275000 0.11516667 0.29725000 0.11450000 0.30237500 0.11966667 0.36287500 0.84033333 0.36050000 0.85783333
0 0.37750000 0.86050000 0.36925000 0.85950000 0.36637500 0.85066667 0.30587500 0.13900000 0.30675000 0.11450000 0.36150000 0.11350000 0.37162500 0.11933333 0.41312500 0.83933333 0.41175000 0.85383333
0 0.42475000 0.85916667 0.41762500 0.85733333 0.41487500 0.84166667 0.37562500 0.14333333 0.37587500 0.11933333 0.39650000 0.11483333 0.43575000 0.11450000 0.44062500 0.12300000 0.46337500 0.84066667 0.45925000 0.85416667
0 0.48450000 0.84450000 0.46725000 0.84316667 0.46562500 0.83700000 0.44287500 0.13200000 0.44437500 0.12033333 0.45100000 0.11650000 0.49625000 0.11650000 0.50212500 0.12300000 0.51087500 0.83500000 0.50600000 0.84250000
0 0.53075000 0.83683333 0.51475000 0.83616667 0.51212500 0.83033333 0.50537500 0.34266667 0.50362500 0.12233333 0.50600000 0.11716667 0.52375000 0.11483333 0.55700000 0.11716667 0.56062500 0.13100000 0.55562500 0.82266667 0.55300000 0.83450000
0 0.58975000 0.85216667 0.56250000 0.85016667 0.55812500 0.83166667 0.56312500 0.12633333 0.56850000 0.11883333 0.61800000 0.11816667 0.62725000 0.11916667 0.62912500 0.13233333 0.61062500 0.59700000 0.60562500 0.83900000 0.60325000 0.84950000
0 0.63250000 0.84816667 0.60925000 0.84616667 0.60687500 0.83666667 0.61387500 0.57400000 0.63262500 0.12733333 0.63800000 0.11816667 0.68975000 0.11883333 0.69137500 0.13566667 0.66187500 0.61533333 0.65137500 0.84000000 0.64700000 0.84683333
0 0.69125000 0.84716667 0.65825000 0.84650000 0.65412500 0.83800000 0.67312500 0.45433333 0.69262500 0.14533333 0.69750000 0.11916667 0.75125000 0.11750000 0.75437500 0.12833333 0.70162500 0.81666667 0.69937500 0.84233333
0 0.73700000 0.85116667 0.70900000 0.84950000 0.70312500 0.84566667 0.70162500 0.83766667 0.75562500 0.13566667 0.76000000 0.11950000 0.81450000 0.11916667 0.82037500 0.12333333 0.81937500 0.14266667 0.76637500 0.64500000 0.74912500 0.84166667 0.74450000 0.85050000
0 0.77725000 0.85050000 0.76350000 0.85016667 0.75475000 0.84350000 0.75137500 0.83833333 0.75137500 0.82633333 0.82137500 0.13966667 0.82650000 0.11916667 0.87725000 0.11750000 0.87937500 0.12500000 0.87462500 0.17433333 0.82887500 0.58166667 0.80387500 0.83800000 0.79500000 0.84650000
0 0.90916667 0.11555556 0.96166667 0.12222222 0.85916667 0.85777778 0.81500000 0.86444444
0 0.96250000 0.11111111 0.99416667 0.11222222 0.89500000 0.84000000 0.86500000 0.83555556
