0 0.08825000 0.83883333 0.05675000 0.83716667 0.04700000 0.83416667 0.04262500 0.83033333 0.04137500 0.81800000 0.03212500 0.79133333 0.00237500 0.68466667 0.00012500 0.68366667 0.00025000 0.49050000 0.00287500 0.49266667 0.02287500 0.56100000 0.03187500 0.60100000 0.04162500 0.63066667 0.04812500 0.65933333 0.06187500 0.70500000 0.09262500 0.82266667 0.09387500 0.83433333
0 0.13525000 0.83850000 0.10850000 0.83816667 0.09487500 0.83400000 0.07337500 0.74266667 0.03312500 0.59966667 0.02712500 0.56966667 0.00212500 0.47866667 0.00012500 0.47833333 0.00025000 0.32183333 0.01375000 0.32183333 0.01862500 0.32933333 0.07837500 0.58900000 0.08437500 0.60300000 0.09412500 0.64733333 0.11937500 0.73666667 0.12537500 0.77366667 0.13787500 0.82233333 0.13887500 0.83433333
0 0.18325000 0.84850000 0.15050000 0.84683333 0.14037500 0.83400000 0.11787500 0.72133333 0.08262500 0.59633333 0.02362500 0.34966667 0.02062500 0.33033333 0.02950000 0.32250000 0.08050000 0.32216667 0.08912500 0.32766667 0.19787500 0.83566667 0.19725000 0.84316667
0 0.22900000 0.84716667 0.21225000 0.84616667 0.20150000 0.84283333 0.19912500 0.83900000 0.09462500 0.34966667 0.09137500 0.33133333 0.09275000 0.32550000 0.14200000 0.31883333 0.15487500 0.32233333 0.16137500 0.37700000 0.24412500 0.81600000 0.24287500 0.84166667
0 0.29275000 0.84616667 0.25975000 0.84483333 0.24787500 0.84133333 0.24562500 0.81466667 0.16112500 0.36366667 0.15687500 0.32900000 0.16200000 0.31850000 0.20750000 0.31516667 0.21787500 0.31833333 0.29912500 0.82933333 0.29962500 0.84266667
0 0.33875000 0.84816667 0.30950000 0.84616667 0.30300000 0.84216667 0.30137500 0.83766667 0.22662500 0.37200000 0.21937500 0.31966667 0.21987500 0.31233333 0.22500000 0.30450000 0.27950000 0.30050000 0.28412500 0.30666667 0.28512500 0.33933333 0.29637500 0.39966667 0.34687500 0.79100000 0.35087500 0.84200000
0 0.39850000 0.85083333 0.36900000 0.85050000 0.35825000 0.84683333 0.35512500 0.84166667 0.29987500 0.41400000 0.28537500 0.31800000 0.28512500 0.30566667 0.28775000 0.29816667 0.35775000 0.29483333 0.36162500 0.29900000 0.36437500 0.34566667 0.41462500 0.83700000 0.41200000 0.84583333
0 0.45525000 0.84683333 0.42350000 0.84350000 0.41800000 0.84050000 0.41437500 0.83333333 0.36837500 0.35700000 0.36512500 0.31733333 0.36900000 0.30916667 0.42450000 0.30650000 0.42762500 0.31033333 0.46362500 0.82800000 0.46362500 0.84233333
0 0.49850000 0.85650000 0.47075000 0.85383333 0.46512500 0.84000000 0.43012500 0.34300000 0.42962500 0.31366667 0.43500000 0.30883333 0.48775000 0.30650000 0.49312500 0.31400000 0.51962500 0.84233333 0.51887500 0.85000000 0.51525000 0.85383333
0 0.55150000 0.85283333 0.52525000 0.85116667 0.52112500 0.83733333 0.49487500 0.30266667 0.49800000 0.29283333 0.56125000 0.28816667 0.57250000 0.29016667 0.57412500 0.29900000 0.57162500 0.30966667 0.57112500 0.37466667 0.57812500 0.84466667 0.57350000 0.85183333
0 0.62025000 0.85483333 0.58375000 0.85183333 0.57887500 0.84200000 0.57387500 0.34166667 0.57612500 0.30666667 0.58175000 0.30250000 0.63525000 0.30083333 0.64025000 0.30283333 0.64312500 0.31133333 0.63537500 0.83500000 0.63125000 0.84983333
0 0.64825000 0.84850000 0.63875000 0.84616667 0.63737500 0.83566667 0.64612500 0.31466667 0.65150000 0.30150000 0.66050000 0.30016667 0.66137500 0.29666667 0.65887500 0.29500000 0.66975000 0.28716667 0.67375000 0.29016667 0.67775000 0.28716667 0.70100000 0.28650000 0.72075000 0.29016667 0.72787500 0.29633333 0.72837500 0.30266667 0.72337500 0.34866667 0.70762500 0.59833333 0.70212500 0.73833333 0.69437500 0.84200000 0.68475000 0.84716667
0 0.72975000 0.82583333 0.70150000 0.82416667 0.69837500 0.81866667 0.72762500 0.31600000 0.73250000 0.30516667 0.74400000 0.29883333 0.76375000 0.29050000 0.76775000 0.29250000 0.77550000 0.28750000 0.78750000 0.28650000 0.78887500 0.30133333 0.78112500 0.40966667 0.76737500 0.55333333 0.74912500 0.81166667 0.74450000 0.82283333
0 0.76425000 0.81716667 0.75075000 0.81550000 0.74962500 0.80066667 0.78637500 0.34366667 0.79462500 0.28333333 0.79337500 0.26766667 0.80175000 0.26250000 0.85400000 0.25983333 0.85725000 0.26416667 0.86525000 0.26483333 0.86687500 0.26866667 0.86537500 0.27966667 0.86237500 0.28333333 0.85912500 0.34700000 0.85212500 0.38533333 0.84362500 0.47466667 0.83212500 0.55400000 0.80787500 0.79800000 0.79875000 0.81116667 0.78725000 0.81550000
0 0.83325000 0.80283333 0.81075000 0.80083333 0.80912500 0.79433333 0.83262500 0.55733333 0.85262500 0.39666667 0.85662500 0.36800000 0.86487500 0.29066667 0.87287500 0.26700000 0.88750000 0.25183333 0.92775000 0.25083333 0.92887500 0.26200000 0.92062500 0.33066667 0.87887500 0.63066667 0.85987500 0.79400000 0.85400000 0.80050000
0 0.88700000 0.80916667 0.87600000 0.80783333 0.86362500 0.79800000 0.86387500 0.76700000 0.93237500 0.25600000 0.93562500 0.24433333 0.93975000 0.24250000 0.99975000 0.24316667 0.99975000 0.32833333 0.99762500 0.33033333 0.98937500 0.37766667 0.92662500 0.79533333 0.92275000 0.80350000 0.91675000 0.80750000
