0 0.16675000 0.83816667 0.12875000 0.83416667 0.11600000 0.82650000 0.11112500 0.81800000 0.04062500 0.20166667 0.03937500 0.17200000 0.04225000 0.16216667 0.12350000 0.15816667 0.13475000 0.16450000 0.13712500 0.17400000 0.17512500 0.59500000 0.18987500 0.82433333 0.18500000 0.83416667
0 0.23000000 0.84450000 0.21325000 0.84250000 0.20112500 0.82533333 0.14087500 0.19400000 0.14062500 0.16400000 0.14575000 0.15816667 0.20575000 0.15683333 0.20937500 0.15933333 0.21162500 0.17400000 0.24137500 0.54433333 0.25662500 0.82533333 0.25250000 0.84016667
0 0.29925000 0.85016667 0.29100000 0.84983333 0.27950000 0.84216667 0.27112500 0.82533333 0.21637500 0.17466667 0.21662500 0.16266667 0.22025000 0.15783333 0.29187500 0.15866667 0.32962500 0.82233333 0.32575000 0.84516667
0 0.35825000 0.86050000 0.34200000 0.85383333 0.33612500 0.84133333 0.30162500 0.28466667 0.29637500 0.17633333 0.29850000 0.15650000 0.35425000 0.15583333 0.36012500 0.15833333 0.36187500 0.16866667 0.37387500 0.37700000 0.38962500 0.84066667 0.38475000 0.85383333
0 0.42525000 0.86483333 0.40100000 0.85950000 0.39487500 0.84566667 0.37662500 0.42400000 0.37462500 0.31466667 0.36637500 0.18000000 0.36712500 0.16200000 0.37250000 0.15683333 0.42425000 0.15450000 0.43200000 0.15750000 0.43837500 0.20500000 0.45062500 0.83166667 0.44725000 0.86083333
0 0.52225000 0.87816667 0.46325000 0.86750000 0.45812500 0.86466667 0.45437500 0.85400000 0.44187500 0.20300000 0.44237500 0.19733333 0.45437500 0.18566667 0.44912500 0.15833333 0.45575000 0.15383333 0.53350000 0.15250000 0.54200000 0.15550000 0.54537500 0.16400000 0.53837500 0.79900000 0.53462500 0.86700000 0.53075000 0.87483333
0 0.61300000 0.89016667 0.55675000 0.88016667 0.54762500 0.87366667 0.54512500 0.85833333 0.54787500 0.17033333 0.55175000 0.15650000 0.56100000 0.15350000 0.64650000 0.15016667 0.65587500 0.15766667 0.65587500 0.19100000 0.63187500 0.84366667 0.62762500 0.88466667
0 0.69075000 0.90316667 0.64075000 0.89283333 0.63612500 0.88800000 0.63437500 0.87400000 0.66012500 0.17000000 0.66262500 0.15866667 0.67075000 0.15050000 0.74125000 0.15016667 0.75200000 0.15250000 0.75387500 0.15733333 0.75387500 0.19133333 0.71812500 0.76866667 0.70937500 0.89266667 0.70250000 0.90083333
0 0.77575000 0.91483333 0.73050000 0.90850000 0.72350000 0.90483333 0.71662500 0.89266667 0.72462500 0.71300000 0.75662500 0.20966667 0.75962500 0.18733333 0.77525000 0.15016667 0.85650000 0.15050000 0.86550000 0.15250000 0.86862500 0.15833333 0.84637500 0.31833333 0.84312500 0.39300000 0.79612500 0.89866667 0.79100000 0.91116667
0 0.86375000 0.92450000 0.80750000 0.91683333 0.80262500 0.91133333 0.80137500 0.89866667 0.83287500 0.51800000 0.86762500 0.17500000 0.87287500 0.15700000 0.88400000 0.15016667 0.97000000 0.14916667 0.97287500 0.15600000 0.96837500 0.20600000 0.93087500 0.47866667 0.87812500 0.90833333 0.87425000 0.92150000
0 0.94550000 0.93416667 0.90050000 0.92816667 0.89087500 0.91600000 0.88987500 0.89933333 0.96912500 0.21500000 0.97862500 0.15833333 0.98425000 0.15050000 0.99975000 0.14550000 0.99975000 0.72033333 0.96837500 0.92600000 0.96125000 0.93183333
