0 0.08825000 0.86683333 0.05675000 0.86150000 0.04637500 0.85400000 0.00687500 0.58366667 0.00212500 0.55966667 0.00012500 0.55933333 0.00025000 0.32883333 0.03162500 0.33033333 0.02637500 0.34033333 0.02812500 0.36700000 0.06512500 0.66266667 0.09212500 0.85433333 0.09212500 0.86466667
0 0.11325000 0.87250000 0.09925000 0.87150000 0.09312500 0.86400000 0.02737500 0.34833333 0.02837500 0.33800000 0.03725000 0.33350000 0.06950000 0.33183333 0.08762500 0.33433333 0.08762500 0.36200000 0.09512500 0.43800000 0.14212500 0.85666667 0.14162500 0.86533333 0.13900000 0.86850000
0 0.16450000 0.87683333 0.14650000 0.87450000 0.14387500 0.86600000 0.08887500 0.36400000 0.08862500 0.34433333 0.09350000 0.33750000 0.09975000 0.33483333 0.13875000 0.33383333 0.14312500 0.34600000 0.19487500 0.86733333 0.19387500 0.87233333 0.18950000 0.87516667
0 0.13932927 0.32276423 0.20396341 0.32439024 0.24908537 0.86585366 0.19786585 0.87317073
0 0.21737805 0.33739837 0.27896341 0.34146341 0.30457317 0.87642276 0.25579268 0.87235772
0 0.28384146 0.33902439 0.33445122 0.34146341 0.35701220 0.87073171 0.31067073 0.86178862
0 0.33871951 0.34471545 0.39847561 0.34471545 0.40701220 0.88780488 0.38262195 0.88048780 0.35884146 0.87967480
0 0.40274390 0.34390244 0.45945122 0.34796748 0.46189024 0.89105691 0.43750000 0.88699187 0.41432927 0.88699187 0.40152439 0.35203252
0 0.46493902 0.34959350 0.52957317 0.35365854 0.51737805 0.89430894 0.49115854 0.89349593 0.46798780 0.89430894
0 0.53445122 0.35121951 0.59298780 0.35121951 0.57286585 0.90243902 0.55030488 0.89674797 0.52103659 0.89674797
0 0.60091463 0.35040650 0.66128049 0.35121951 0.62774390 0.90731707 0.57774390 0.90650407
0 0.66859756 0.35284553 0.72591463 0.34959350 0.68628049 0.90569106 0.63201220 0.90487805
0 0.73384146 0.35203252 0.79725610 0.35121951 0.74237805 0.91056911 0.69115854 0.91138211
0 0.80701220 0.35040650 0.86615854 0.35203252 0.80457317 0.91707317 0.77774390 0.91869919 0.74725610 0.91707317
0 0.88018293 0.34878049 0.94298780 0.35121951 0.86493902 0.92764228 0.84237805 0.92520325 0.81371951 0.92357724
0 0.95579268 0.35528455 0.99908537 0.35528455 0.99969512 0.51707317 0.92957317 0.94227642 0.87469512 0.93495935
