0 0.08750000 0.15040650 0.13810976 0.15203252 0.19725610 0.79593496 0.17835366 0.80243902 0.16737805 0.80243902 0.15701220 0.79918699
0 0.14542683 0.22276423 0.19481707 0.22357724 0.24054878 0.80487805 0.20152439 0.80487805
0 0.18932927 0.16178862 0.24725610 0.16504065 0.28079268 0.81951220 0.24237805 0.82195122
0 0.30900000 0.81850000 0.28975000 0.81516667 0.28687500 0.80566667 0.26187500 0.34566667 0.25137500 0.20133333 0.24987500 0.16566667 0.25200000 0.15683333 0.29575000 0.15816667 0.29962500 0.18933333 0.30287500 0.34966667 0.31187500 0.47866667 0.32562500 0.79066667 0.32462500 0.81433333
0 0.35325000 0.83350000 0.33075000 0.82983333 0.32687500 0.81333333 0.30237500 0.20500000 0.29837500 0.16733333 0.30050000 0.16216667 0.31050000 0.15983333 0.35975000 0.16183333 0.36562500 0.16633333 0.36412500 0.27533333 0.37337500 0.82233333 0.36775000 0.83050000
0 0.40150000 0.82316667 0.38075000 0.82283333 0.37562500 0.81866667 0.37512500 0.81200000 0.36787500 0.25866667 0.36950000 0.24650000 0.38025000 0.24383333 0.41600000 0.24516667 0.42087500 0.26466667 0.41812500 0.81366667 0.41575000 0.81983333
0 0.44025000 0.82916667 0.42250000 0.82750000 0.41962500 0.81066667 0.42212500 0.24066667 0.42412500 0.18600000 0.43450000 0.17550000 0.47300000 0.18016667 0.47637500 0.20500000 0.46787500 0.49433333 0.46262500 0.81866667 0.45600000 0.82750000
0 0.48125000 0.82483333 0.46725000 0.82250000 0.46487500 0.80766667 0.47687500 0.24533333 0.48312500 0.20500000 0.48137500 0.18166667 0.48675000 0.17383333 0.50275000 0.17350000 0.53325000 0.18083333 0.53562500 0.19333333 0.51737500 0.62833333 0.51612500 0.80800000 0.51437500 0.81566667 0.50600000 0.82250000
0 0.53750000 0.79550000 0.51762500 0.79166667 0.52337500 0.57566667 0.52937500 0.50300000 0.53237500 0.26533333 0.53675000 0.25050000 0.56875000 0.25016667 0.57187500 0.26000000 0.56937500 0.32666667 0.54712500 0.78666667 0.54500000 0.79316667
0 0.57425000 0.83250000 0.55325000 0.83016667 0.54862500 0.82600000 0.54787500 0.81733333 0.56362500 0.48933333 0.57512500 0.32700000 0.57537500 0.26733333 0.58512500 0.20833333 0.59412500 0.19033333 0.62000000 0.18850000 0.62387500 0.18966667 0.62612500 0.19666667 0.62412500 0.26766667 0.61412500 0.38400000 0.59237500 0.77066667 0.58662500 0.82633333 0.58400000 0.83116667
0 0.62750000 0.84683333 0.59500000 0.84316667 0.59012500 0.83166667 0.60987500 0.48000000 0.63062500 0.20533333 0.63575000 0.19316667 0.67425000 0.19083333 0.68312500 0.19700000 0.68437500 0.21733333 0.67987500 0.24400000 0.65687500 0.51433333 0.63587500 0.80166667 0.63187500 0.84166667
0 0.65450000 0.86650000 0.64675000 0.86550000 0.63562500 0.85700000 0.63312500 0.83433333 0.68087500 0.25200000 0.69250000 0.19350000 0.73350000 0.19316667 0.74137500 0.19766667 0.74262500 0.22133333 0.70787500 0.54600000 0.68737500 0.77700000 0.67612500 0.85733333 0.67350000 0.86150000
0 0.71375000 0.87116667 0.68950000 0.86850000 0.68437500 0.86533333 0.68237500 0.85733333 0.73937500 0.25966667 0.74900000 0.19716667 0.76775000 0.19416667 0.79875000 0.19750000 0.80162500 0.20566667 0.79612500 0.27066667 0.75437500 0.60333333 0.72587500 0.86200000 0.72100000 0.86983333
0 0.76850000 0.89016667 0.73250000 0.88550000 0.72737500 0.88066667 0.72612500 0.86400000 0.80587500 0.19866667 0.81375000 0.18916667 0.86550000 0.19283333 0.86737500 0.21166667 0.82962500 0.45566667 0.82612500 0.50133333 0.81587500 0.55933333 0.80887500 0.63200000 0.79787500 0.69700000 0.77587500 0.87600000 0.77212500 0.88866667
0 0.79950000 0.87850000 0.77925000 0.87716667 0.77862500 0.85300000 0.86012500 0.26000000 0.86812500 0.21333333 0.87225000 0.20483333 0.88425000 0.20050000 0.91225000 0.20250000 0.91762500 0.22033333 0.91637500 0.24066667 0.87337500 0.50600000 0.86787500 0.52166667 0.85937500 0.59600000 0.82862500 0.79533333 0.81487500 0.87066667 0.81075000 0.87750000
