0 0.00992063 0.87808642 0.00012401 0.87610229 0.00024802 0.28725750 0.00434028 0.29497354 0.01971726 0.38888889 0.05592758 0.63888889 0.09213790 0.85185185 0.09213790 0.85758377 0.08382937 0.86706349
0 0.10788690 0.85956790 0.09895833 0.85912698 0.09536210 0.84964727 0.00235615 0.20282187 0.00012401 0.20149912 0.00024802 0.00022046 0.08854167 0.00022046 0.09635417 0.02557319 0.09784226 0.06878307 0.11173115 0.18077601 0.11991567 0.26763668 0.18092758 0.83024691 0.18043155 0.84171076 0.17435516 0.84634039
0 0.20634921 0.85030864 0.19097222 0.84986772 0.18712798 0.84479718 0.17993552 0.79409171 0.10701885 0.09126984 0.10205853 0.02028219 0.10354663 0.00749559 0.10739087 0.00374780 0.20808532 0.00022046 0.21068948 0.00617284 0.26723710 0.83597884 0.26364087 0.84281305
0 0.28745040 0.84413580 0.27901786 0.84369489 0.27442956 0.83421517 0.25806052 0.60890653 0.22259425 0.05246914 0.22110615 0.00925926 0.23065476 0.00022046 0.32291667 0.00022046 0.32601687 0.01851852 0.34263393 0.40873016 0.35602679 0.81834215 0.35367063 0.82738095 0.34623016 0.83267196
0 0.37351190 0.82517637 0.36507937 0.82517637 0.36073909 0.81878307 0.33196925 0.01675485 0.33804563 0.00022046 0.42782738 0.00022046 0.43291171 0.01278660 0.43836806 0.80114638 0.43601190 0.80753968
0 0.45932540 0.81283069 0.44568452 0.81106702 0.44208829 0.80379189 0.43812004 0.00970018 0.44345238 0.00374780 0.51686508 0.00022046 0.53013393 0.00881834 0.53187004 0.03350970 0.51624504 0.79497354 0.50942460 0.80313051
0 0.53125000 0.80489418 0.52095734 0.80026455 0.51996528 0.78439153 0.53707837 0.00970018 0.54141865 0.00551146 0.61557540 0.00022046 0.62413194 0.00617284 0.62586806 0.01895944 0.59337798 0.78659612 0.57614087 0.79607584
0 0.61582341 0.79122575 0.59970238 0.79122575 0.59585813 0.77910053 0.63008433 0.01763668 0.63516865 0.00683422 0.64583333 0.00418871 0.70907738 0.00551146 0.71540179 0.01014109 0.71564980 0.03350970 0.66902282 0.72089947 0.66728671 0.77733686 0.66170635 0.78328924
0 0.68725198 0.78505291 0.67435516 0.78417108 0.67051091 0.77954145 0.67249504 0.71560847 0.72061012 0.01763668 0.72321429 0.00903880 0.73214286 0.00683422 0.80233135 0.00815697 0.80741567 0.01763668 0.80766369 0.02954145 0.74268353 0.76851852 0.73933532 0.77579365 0.72941468 0.78020282
0 0.75793651 0.77094356 0.74615575 0.76675485 0.74789187 0.72883598 0.81163194 0.02292769 0.81597222 0.01168430 0.82490079 0.00683422 0.88864087 0.00727513 0.89074901 0.01587302 0.88950893 0.04188713 0.81262401 0.75573192 0.81076389 0.76124339 0.80357143 0.76477072
0 0.90364583 0.00617284 0.98735119 0.00837743 0.88194444 0.76234568 0.81932044 0.76895944
0 0.99665179 0.01940035 0.99851190 0.46693122 0.95262897 0.75022046 0.88566468 0.75683422
