0 0.00250000 0.27222222 0.11583333 0.81555556 0.07916667 0.82777778 0.00000000 0.46444444
0 0.00583333 0.07666667 0.02916667 0.07777778 0.16666667 0.79777778 0.13000000 0.79888889 0.00083333 0.19222222
0 0.18225000 0.80716667 0.17137500 0.80300000 0.16362500 0.77200000 0.12587500 0.56400000 0.08687500 0.37333333 0.07387500 0.28333333 0.04837500 0.16933333 0.03712500 0.10966667 0.03333333 0.08111111 0.07600000 0.07216667 0.08512500 0.08700000 0.10962500 0.24466667 0.14162500 0.40866667 0.20637500 0.79100000 0.20425000 0.80316667
0 0.22625000 0.80883333 0.21275000 0.80750000 0.20987500 0.80300000 0.20237500 0.76266667 0.09862500 0.16666667 0.08787500 0.08566667 0.08900000 0.07983333 0.09525000 0.07616667 0.13100000 0.07516667 0.14037500 0.08833333 0.15712500 0.20933333 0.24962500 0.78233333 0.25025000 0.80316667
0 0.26450000 0.80583333 0.25350000 0.80316667 0.25012500 0.78733333 0.15662500 0.19366667 0.14262500 0.08500000 0.14650000 0.07583333 0.15550000 0.07216667 0.19000000 0.07216667 0.19512500 0.07866667 0.20162500 0.10666667 0.23787500 0.39566667 0.29237500 0.77900000 0.29150000 0.79916667
0 0.19916667 0.06333333 0.23833333 0.06111111 0.32666667 0.79888889 0.29500000 0.80777778
0 0.24250000 0.06000000 0.28833333 0.05777778 0.35666667 0.82000000 0.32666667 0.82111111
0 0.28833333 0.05222222 0.34333333 0.05333333 0.40250000 0.85111111 0.36083333 0.85333333
0 0.43200000 0.85783333 0.41975000 0.85750000 0.41037500 0.84966667 0.39912500 0.74900000 0.38987500 0.59500000 0.34587500 0.06866667 0.34975000 0.05583333 0.36000000 0.05216667 0.40050000 0.05250000 0.40512500 0.07300000 0.40987500 0.19466667 0.45112500 0.83766667 0.44700000 0.85316667
0 0.47150000 0.85216667 0.45750000 0.85016667 0.45287500 0.84200000 0.40637500 0.06500000 0.40850000 0.05250000 0.45250000 0.04683333 0.46137500 0.04900000 0.46537500 0.06833333 0.49512500 0.81433333 0.49212500 0.84333333
0 0.50700000 0.84750000 0.50025000 0.84583333 0.49762500 0.83866667 0.47262500 0.08433333 0.47612500 0.04166667 0.50600000 0.03516667 0.52550000 0.04083333 0.52887500 0.06133333 0.53162500 0.41266667 0.54037500 0.82200000 0.53550000 0.84216667
0 0.55800000 0.84750000 0.54675000 0.84616667 0.54387500 0.83666667 0.53637500 0.51666667 0.53212500 0.04833333 0.56875000 0.04150000 0.58675000 0.04850000 0.58787500 0.06500000 0.58587500 0.79533333 0.58312500 0.84166667
0 0.60200000 0.84483333 0.58937500 0.84200000 0.58787500 0.79533333 0.59312500 0.05033333 0.59550000 0.04450000 0.60650000 0.04183333 0.64325000 0.04116667 0.64837500 0.04566667 0.65037500 0.06066667 0.63112500 0.82666667 0.62725000 0.84216667
0 0.66700000 0.84650000 0.63925000 0.84616667 0.63337500 0.83900000 0.63962500 0.69733333 0.64287500 0.44366667 0.65462500 0.04866667 0.66250000 0.04083333 0.70925000 0.03916667 0.71262500 0.04133333 0.71362500 0.06200000 0.67937500 0.81000000 0.67612500 0.84233333
0 0.69850000 0.85283333 0.68375000 0.84983333 0.67887500 0.83566667 0.71787500 0.05100000 0.71987500 0.04133333 0.72850000 0.03316667 0.77150000 0.03150000 0.77737500 0.04066667 0.77737500 0.06233333 0.72537500 0.83833333 0.72075000 0.84883333
0 0.74100000 0.84683333 0.73100000 0.84616667 0.72637500 0.83933333 0.77937500 0.06366667 0.78350000 0.03716667 0.79150000 0.03250000 0.82350000 0.03216667 0.83937500 0.04000000 0.84087500 0.06300000 0.77787500 0.76200000 0.76837500 0.83866667
0 0.78075000 0.82116667 0.77525000 0.82116667 0.77337500 0.81466667 0.81362500 0.36133333 0.82562500 0.26766667 0.83987500 0.10433333 0.84237500 0.03333333 0.84600000 0.02916667 0.87700000 0.02816667 0.88087500 0.03466667 0.87437500 0.11166667 0.80362500 0.81066667 0.79850000 0.81883333
0 0.92416667 0.02555556 0.98416667 0.01777778 0.87416667 0.87000000 0.82916667 0.87666667
0 0.98583333 0.02333333 0.99975000 0.01817901 0.99833333 0.29111111 0.91916667 0.85888889 0.87666667 0.86111111
