0 0.00333333 0.24333333 0.12583333 0.96777778 0.08833333 0.97666667 0.00250000 0.50000000
0 0.00250000 0.07666667 0.02750000 0.07888889 0.16583333 0.97888889 0.12500000 0.97888889 0.00166667 0.23000000
0 0.02666667 0.08111111 0.07500000 0.08333333 0.20333333 0.98444444 0.16333333 0.97777778
0 0.07750000 0.07888889 0.12666667 0.08111111 0.24333333 0.97888889 0.20333333 0.97666667
0 0.27650000 0.98483333 0.25250000 0.98250000 0.24212500 0.97466667 0.14162500 0.13900000 0.13875000 0.07983333 0.18750000 0.07816667 0.19762500 0.08400000 0.21487500 0.27066667 0.21287500 0.29500000 0.22037500 0.38033333 0.25912500 0.76033333 0.28037500 0.92366667 0.28412500 0.97500000
0 0.30975000 0.97683333 0.29100000 0.97650000 0.28712500 0.96766667 0.25962500 0.73266667 0.20262500 0.13100000 0.19937500 0.08133333 0.20525000 0.07650000 0.24750000 0.07483333 0.25412500 0.07966667 0.32437500 0.93166667 0.32387500 0.97033333
0 0.35625000 0.96883333 0.33425000 0.96650000 0.32737500 0.95166667 0.25862500 0.10800000 0.25662500 0.07566667 0.26250000 0.06383333 0.30300000 0.06316667 0.30837500 0.06866667 0.30762500 0.13566667 0.33287500 0.45000000 0.35737500 0.83033333 0.36387500 0.96033333 0.36275000 0.96750000
0 0.40075000 0.97883333 0.36975000 0.97583333 0.36687500 0.96700000 0.33962500 0.52666667 0.31337500 0.19400000 0.30737500 0.08366667 0.31375000 0.07583333 0.35375000 0.07650000 0.35912500 0.08766667 0.40537500 0.94700000 0.40587500 0.97100000
0 0.43225000 0.98250000 0.41650000 0.98016667 0.40712500 0.96700000 0.38662500 0.52366667 0.36062500 0.09466667 0.36175000 0.07983333 0.37675000 0.07483333 0.40925000 0.07416667 0.41712500 0.08100000 0.44787500 0.97400000 0.44450000 0.98116667
0 0.47600000 0.98450000 0.45087500 0.98100000 0.44687500 0.92800000 0.41837500 0.08433333 0.42025000 0.07716667 0.43875000 0.07416667 0.46775000 0.07650000 0.47337500 0.09066667 0.48787500 0.94966667 0.48712500 0.98200000
0 0.50775000 0.98616667 0.49325000 0.98450000 0.48987500 0.96466667 0.47512500 0.11533333 0.47637500 0.08033333 0.49750000 0.07183333 0.52675000 0.07550000 0.53037500 0.09466667 0.53012500 0.93233333 0.52712500 0.98266667
0 0.56300000 0.99283333 0.53725000 0.99183333 0.53162500 0.98266667 0.53187500 0.08400000 0.53975000 0.07216667 0.58325000 0.07050000 0.58812500 0.07600000 0.58812500 0.10900000 0.57187500 0.98300000 0.56950000 0.99116667
0 0.60525000 0.99966667 0.58725000 0.99966667 0.57875000 0.99450000 0.57562500 0.98500000 0.58912500 0.06433333 0.59550000 0.05650000 0.64150000 0.05516667 0.64912500 0.06133333 0.61762500 0.98466667 0.61525000 0.99616667
0 0.63625000 0.99966667 0.62175000 0.99550000 0.61962500 0.98233333 0.64837500 0.06833333 0.65525000 0.05583333 0.69800000 0.05250000 0.70662500 0.05700000 0.70637500 0.06866667 0.66262500 0.94500000 0.65837500 0.99100000
0 0.70125000 0.98816667 0.67300000 0.98616667 0.66387500 0.97500000 0.66262500 0.96200000 0.70637500 0.06000000 0.70712500 0.04933333 0.71325000 0.04483333 0.75300000 0.04050000 0.75987500 0.04266667 0.76137500 0.05333333 0.70587500 0.96733333
0 0.74425000 0.99183333 0.71325000 0.99116667 0.70487500 0.98066667 0.73737500 0.48233333 0.75237500 0.31966667 0.74837500 0.29500000 0.75987500 0.09266667 0.76525000 0.05316667 0.77600000 0.04816667 0.82100000 0.04716667 0.82687500 0.04900000 0.82712500 0.06533333 0.76262500 0.77566667 0.74912500 0.98666667
0 0.77300000 0.99550000 0.75212500 0.99033333 0.75087500 0.95766667 0.75587500 0.89933333 0.76187500 0.88133333 0.77137500 0.72033333 0.77987500 0.67000000 0.78362500 0.58000000 0.79437500 0.49533333 0.82912500 0.05266667 0.83800000 0.04116667 0.88375000 0.04050000 0.88737500 0.04500000 0.88562500 0.06966667 0.81287500 0.77500000 0.79537500 0.98666667 0.79175000 0.99250000
0 0.88916667 0.03888889 0.94833333 0.03666667 0.83500000 0.98888889 0.79500000 0.99222222
0 0.95083333 0.04333333 0.99916667 0.03777778 0.99916667 0.09444444 0.87666667 0.98222222 0.83750000 0.98111111
0 0.99916667 0.17777778 0.99833333 0.49666667 0.92083333 0.98777778 0.88000000 0.98666667
