0 0.00272817 0.00617284 0.07837302 0.00286596 0.18315972 0.84501764 0.08953373 0.88029101 0.00148810 0.29497354
0 0.21502976 0.86706349 0.19394841 0.86177249 0.18960813 0.83553792 0.17894345 0.47089947 0.17323909 0.39153439 0.16294643 0.00022046 0.25471230 0.00022046 0.25533234 0.00617284 0.26550099 0.37213404 0.27294147 0.84479718 0.27120536 0.85714286 0.26413690 0.86574074
0 0.32192460 0.87588183 0.28695437 0.87323633 0.27914187 0.86155203 0.27591766 0.67019400 0.27790179 0.56393298 0.27393353 0.54938272 0.27368552 0.45590829 0.27145337 0.45194004 0.27170139 0.28659612 0.26798115 0.22310406 0.26872520 0.05643739 0.26698909 0.02557319 0.26426091 0.02116402 0.26822917 0.00970018 0.26401290 0.00617284 0.26612103 0.00022046 0.35813492 0.00022046 0.35875496 0.00573192 0.36197917 0.43562610 0.35925099 0.85405644 0.35776290 0.86684303 0.35367063 0.87235450
0 0.40327381 0.87544092 0.37003968 0.87191358 0.36445933 0.85582011 0.36718750 0.38536155 0.36520337 0.02072310 0.36780754 0.00022046 0.45734127 0.00022046 0.45250496 0.48059965 0.44432044 0.82936508 0.43874008 0.86794533 0.42981151 0.87367725
0 0.51488095 0.89219577 0.46230159 0.88425926 0.45386905 0.88117284 0.44878472 0.87169312 0.45622520 0.61948854 0.45448909 0.56349206 0.46044147 0.23633157 0.47073413 0.00022046 0.55654762 0.00022046 0.55741567 0.01278660 0.54526290 0.47178131 0.53980655 0.52160494 0.53955853 0.61287478 0.52889385 0.87786596 0.52529762 0.88910935
0 0.57688492 0.89175485 0.54141865 0.88999118 0.53534226 0.88095238 0.54749504 0.60758377 0.54898313 0.48148148 0.56039187 0.32671958 0.55890377 0.28571429 0.56460813 0.25837743 0.56832837 0.10714286 0.57452877 0.00617284 0.57539683 0.00022046 0.65674603 0.00022046 0.60900298 0.87477954 0.60317460 0.88955026
0 0.65600198 0.89969136 0.62425595 0.89704586 0.61470734 0.88888889 0.61396329 0.87654321 0.63058036 0.63580247 0.62958829 0.58597884 0.63430060 0.49426808 0.63876488 0.47530864 0.64744544 0.35361552 0.65166171 0.33156966 0.65091766 0.29100529 0.65910218 0.19003527 0.66282242 0.04497354 0.66604663 0.03924162 0.66964286 0.00022046 0.74826389 0.00022046 0.73003472 0.31216931 0.72160218 0.40035273 0.71812996 0.49426808 0.71366567 0.51984127 0.69060020 0.87742504 0.68328373 0.89704586
0 0.75917659 0.00176367 0.85032242 0.00507055 0.77653770 0.90564374 0.70213294 0.90454145
0 0.86396329 0.00176367 0.94766865 0.00507055 0.85094246 0.90343915 0.78707837 0.89682540
0 0.96254960 0.00507055 0.99975198 0.00400381 0.99913194 0.37103175 0.93526786 0.91776896 0.86396329 0.90674603
