0 0.04500000 0.02888889 0.13333333 0.04000000 0.13416667 0.99555556 0.05333333 0.99777778
0 0.22325000 0.99966667 0.14962500 0.99766667 0.13812500 0.30466667 0.13812500 0.05766667 0.14575000 0.05150000 0.20575000 0.05616667 0.21012500 0.06366667 0.21587500 0.43266667 0.21712500 0.72933333 0.22637500 0.94266667
0 0.30475000 0.99966667 0.22900000 0.99966667 0.22787500 0.99200000 0.23162500 0.93866667 0.22312500 0.73700000 0.22587500 0.53300000 0.21937500 0.46900000 0.21637500 0.16633333 0.21237500 0.13933333 0.21287500 0.04366667 0.22450000 0.03616667 0.27600000 0.03716667 0.29075000 0.04116667 0.29612500 0.05233333 0.29387500 0.12400000 0.30762500 0.98133333
0 0.38825000 0.99966667 0.31350000 0.99966667 0.31262500 0.99433333 0.29987500 0.22533333 0.30012500 0.15033333 0.30537500 0.14266667 0.30012500 0.13900000 0.30037500 0.09166667 0.30212500 0.06200000 0.32475000 0.05250000 0.36250000 0.05616667 0.37262500 0.06833333 0.37412500 0.07766667
0 0.46725000 0.99966667 0.39500000 0.99966667 0.39162500 0.99433333 0.37862500 0.13200000 0.37837500 0.05933333 0.37937500 0.04900000 0.38400000 0.04716667 0.44325000 0.05683333 0.45162500 0.06633333
0 0.54850000 0.99966667 0.47325000 0.99966667 0.47112500 0.98233333 0.45762500 0.12500000 0.45737500 0.06000000 0.45937500 0.04933333 0.46500000 0.04616667 0.51825000 0.05283333 0.53337500 0.06166667
0 0.62675000 0.99966667 0.55600000 0.99966667 0.55537500 0.99566667 0.53887500 0.08500000 0.54087500 0.05366667 0.54825000 0.04850000 0.60700000 0.06450000 0.61012500 0.08733333 0.62437500 0.69433333
0 0.71850000 0.99966667 0.63500000 0.99966667 0.63412500 0.99500000 0.61712500 0.18666667 0.62187500 0.14666667 0.62212500 0.06066667 0.62825000 0.05450000 0.67900000 0.05650000 0.69100000 0.06050000 0.69462500 0.06833333
0 0.81150000 0.99966667 0.72725000 0.99966667 0.72612500 0.99500000 0.70237500 0.15133333 0.70337500 0.06833333 0.70975000 0.06050000 0.76125000 0.06450000 0.77225000 0.06783333 0.77562500 0.07633333 0.79537500 0.51500000 0.81087500 0.89400000
0 0.77916667 0.07000000 0.84583333 0.07444444 0.91738829 0.99966667 0.82666667 0.99966667
