0 0.29900000 0.90516667 0.27475000 0.90450000 0.26200000 0.89683333 0.25212500 0.87100000 0.24962500 0.84766667 0.24887500 0.11466667 0.25475000 0.10650000 0.30750000 0.10616667 0.31475000 0.10883333 0.32037500 0.11933333 0.31312500 0.88900000 0.31100000 0.90250000
0 0.37775000 0.91350000 0.32150000 0.91316667 0.31587500 0.90166667 0.32437500 0.12300000 0.32612500 0.10733333 0.33800000 0.10350000 0.38525000 0.10516667 0.39287500 0.11066667 0.39537500 0.12400000 0.39012500 0.61166667 0.38287500 0.76733333 0.38287500 0.90533333
0 0.43175000 0.91750000 0.38925000 0.91650000 0.38412500 0.91000000 0.40362500 0.25233333 0.40412500 0.13733333 0.40662500 0.10966667 0.41175000 0.10483333 0.46675000 0.11450000 0.46812500 0.12500000 0.45462500 0.90633333 0.45150000 0.91583333
0 0.51875000 0.92516667 0.46650000 0.92416667 0.45900000 0.92183333 0.45662500 0.91266667 0.46537500 0.59366667 0.47012500 0.15766667 0.47337500 0.10433333 0.47875000 0.10150000 0.51825000 0.10350000 0.53362500 0.11033333 0.52937500 0.84766667 0.52762500 0.91633333 0.52550000 0.92283333
0 0.59875000 0.94016667 0.53825000 0.93683333 0.53287500 0.93266667 0.53137500 0.92066667 0.53562500 0.12000000 0.53712500 0.10766667 0.54750000 0.10083333 0.59975000 0.10283333 0.60487500 0.11133333 0.60562500 0.93166667
0 0.62800000 0.94516667 0.61112500 0.94266667 0.60787500 0.91366667 0.60687500 0.10733333 0.61525000 0.09216667 0.67037500 0.10766667 0.67362500 0.17666667 0.67837500 0.93400000 0.67200000 0.94083333
0 0.69325000 0.93616667 0.68200000 0.93550000 0.67937500 0.92900000 0.67462500 0.27133333 0.67662500 0.11933333 0.68100000 0.11683333 0.71925000 0.12316667 0.73000000 0.12683333 0.73287500 0.13300000 0.73687500 0.28866667 0.73837500 0.78333333 0.74462500 0.92766667 0.73725000 0.93283333
0 0.81375000 0.95716667 0.75650000 0.95283333 0.74937500 0.92800000 0.73737500 0.14700000 0.73962500 0.10366667 0.74800000 0.09983333 0.80862500 0.10366667 0.83087500 0.93733333 0.82950000 0.95550000
0 0.85400000 0.96316667 0.83800000 0.95983333 0.83337500 0.95000000 0.82962500 0.85833333 0.82687500 0.63033333 0.81112500 0.10766667 0.81475000 0.09550000 0.82500000 0.09316667 0.86950000 0.09950000 0.88237500 0.10733333 0.90362500 0.92600000 0.89800000 0.95916667
0 0.98575000 0.97016667 0.91625000 0.96416667 0.90912500 0.94266667 0.88387500 0.10833333 0.89650000 0.09483333 0.95200000 0.09583333 0.96087500 0.10266667 0.99262500 0.95333333 0.99212500 0.96700000
