0 0.01066468 0.99955908 0.00012401 0.99955908 0.00012401 0.35758377 0.01202877 0.19841270 0.02120536 0.00617284 0.02232143 0.00022046 0.05828373 0.00022046
0 0.06125992 0.99955908 0.01128472 0.99955908 0.01574901 0.87257496 0.06163194 0.00044092 0.09821429 0.00022046 0.09412202 0.15608466 0.07477679 0.55599647 0.07353671 0.69885362
0 0.11284722 0.99955908 0.06374008 0.99955908 0.06361607 0.99294533 0.07849702 0.62610229 0.11024306 0.02204586 0.11284722 0.00022046 0.14831349 0.00022046 0.15116567 0.01366843 0.12934028 0.47486772
0 0.15575397 0.99955908 0.11582341 0.99955908 0.11569940 0.99338624 0.14124504 0.24559083 0.15240575 0.01675485 0.15873016 0.00947972 0.18973214 0.01741623 0.19084821 0.06261023 0.17671131 0.36772487
0 0.19841270 0.99955908 0.15811012 0.99691358 0.18762401 0.10670194 0.19332837 0.02072310 0.20535714 0.01432981 0.22755456 0.01807760 0.22953869 0.06084656
0 0.24032738 0.99955908 0.20114087 0.99955908 0.20076885 0.99426808 0.23152282 0.02469136 0.23288690 0.01741623 0.24429563 0.01565256 0.26488095 0.01741623 0.26798115 0.02954145 0.23945933 0.94488536
0 0.28472222 0.99955908 0.24243552 0.99955908 0.26624504 0.07054674 0.26971726 0.00970018 0.27480159 0.00507055 0.30084325 0.00992063 0.30667163 0.01763668 0.30791171 0.02865961
0 0.32837302 0.99955908 0.28732639 0.99647266 0.31014385 0.04012346 0.31498016 0.02402998 0.34623016 0.02888007 0.34908234 0.04894180
0 0.37524802 0.99955908 0.33147321 0.99955908 0.34461806 0.38007055 0.35255456 0.09215168 0.35863095 0.00022046 0.37276786 0.00022046 0.38864087 0.00903880 0.39174107 0.02160494
0 0.41889881 0.99955908 0.37934028 0.99955908 0.39149306 0.11463845 0.39546131 0.02733686 0.40203373 0.01917989 0.42088294 0.02050265 0.43092758 0.02910053
0 0.46205357 0.99955908 0.42261905 0.99955908 0.42224702 0.99118166 0.43092758 0.21693122 0.43439980 0.03659612 0.43948413 0.02755732 0.46701389 0.02888007 0.47135417 0.04232804
0 0.50644841 0.99955908 0.46602183 0.99955908 0.46564980 0.99603175 0.47333829 0.05246914 0.47457837 0.02645503 0.47867063 0.02314815 0.51016865 0.02932099 0.51376488 0.06349206
0 0.55158730 0.99955908 0.50979663 0.99955908 0.51475694 0.03306878 0.51785714 0.02358907 0.52876984 0.01873898 0.55084325 0.02535273 0.55443948 0.03571429 0.55071925 0.39241623
0 0.58878968 0.99955908 0.55431548 0.99955908 0.55394345 0.99426808 0.55468750 0.07495591 0.55617560 0.03791887 0.56001984 0.02932099 0.58159722 0.03946208 0.58668155 0.05643739
0 0.63690476 0.99955908 0.59300595 0.99955908 0.59238591 0.99514991 0.59213790 0.13095238 0.58940972 0.02910053 0.59238591 0.01410935 0.59945437 0.01036155 0.62400794 0.01785714 0.62735615 0.02204586 0.62934028 0.04144621
0 0.68303571 0.99955908 0.64161706 0.99955908 0.64099702 0.99118166 0.63306052 0.07760141 0.63355655 0.02425044 0.63864087 0.01697531 0.66269841 0.02138448 0.67075893 0.03218695 0.67472718 0.56525573
0 0.68105159 0.02270723 0.71143353 0.02932099 0.76847718 0.99603175 0.73251488 0.99823633
0 0.81200397 0.99955908 0.77380952 0.99955908 0.77318948 0.99514991 0.72061012 0.14726631 0.71713790 0.04144621 0.72470238 0.03725750 0.74801587 0.03990300 0.75037202 0.04497354 0.76971726 0.36375661 0.79575893 0.71208113 0.80716766 0.95546737
0 0.76661706 0.00727513 0.79513889 0.02491182 0.86065562 0.99955908 0.82180060 0.99603175
0 0.80567956 0.03373016 0.83978175 0.03924162 0.90302579 0.99823633 0.87016369 0.99603175
0 0.83978175 0.01499118 0.87264385 0.01609347 0.94760144 0.99955908 0.90674603 0.99492945
0 0.89248512 0.00947972 0.92534722 0.01719577 0.99913194 0.98611111 0.99805130 0.99955908 0.95696925 0.99955908
0 0.94270833 0.04144621 0.97867063 0.04144621 0.99975198 0.31836665 0.99789187 0.75903880
