0 0.01083333 0.11111111 0.09083333 0.11333333 0.08083333 0.91555556 0.00166667 0.92333333
0 0.10500000 0.13333333 0.17833333 0.13111111 0.17333333 0.92111111 0.08750000 0.91777778
0 0.21025000 0.91483333 0.18550000 0.91316667 0.18212500 0.90566667 0.18762500 0.14766667 0.18950000 0.14050000 0.20300000 0.13683333 0.25150000 0.14083333 0.25662500 0.15366667 0.25037500 0.90500000 0.24500000 0.91250000
0 0.27125000 0.92883333 0.25550000 0.92816667 0.25287500 0.92033333 0.25937500 0.12666667 0.27300000 0.12116667 0.32675000 0.12383333 0.33112500 0.12700000 0.33162500 0.13500000 0.33237500 0.91833333 0.32675000 0.92483333
0 0.36600000 0.93383333 0.34250000 0.93216667 0.33662500 0.92800000 0.33512500 0.92033333 0.33362500 0.12333333 0.33587500 0.11166667 0.34175000 0.10750000 0.41425000 0.11516667 0.42350000 0.11916667 0.42562500 0.12700000 0.43662500 0.90866667 0.43362500 0.92366667 0.42500000 0.92816667
0 0.46325000 0.93283333 0.44612500 0.92800000 0.44337500 0.89033333 0.43112500 0.23300000 0.43112500 0.12666667 0.43300000 0.11916667 0.44075000 0.11450000 0.50200000 0.12283333 0.50737500 0.13233333 0.52462500 0.78500000 0.53212500 0.91066667 0.53087500 0.92000000 0.52350000 0.92483333
0 0.59150000 0.92450000 0.54200000 0.92183333 0.53712500 0.91966667 0.53512500 0.91200000 0.51362500 0.20733333 0.51362500 0.12733333 0.52625000 0.10983333 0.58175000 0.11516667 0.59075000 0.11916667 0.59312500 0.12633333 0.61262500 0.79533333 0.61912500 0.91633333 0.61525000 0.92183333
0 0.64475000 0.91983333 0.62400000 0.91650000 0.62137500 0.90333333 0.59512500 0.14700000 0.59612500 0.11966667 0.60725000 0.11616667 0.66150000 0.12316667 0.66712500 0.12666667 0.66937500 0.14200000 0.70062500 0.90500000 0.69750000 0.91250000 0.68650000 0.91616667
0 0.68500000 0.10222222 0.75666667 0.10888889 0.78916667 0.91777778 0.70833333 0.92111111
0 0.75916667 0.12666667 0.82416667 0.12333333 0.93416667 0.89444444 0.85833333 0.91333333
0 0.87833333 0.09777778 0.94333333 0.09777778 0.99975000 0.49678261 0.99975000 0.92666667 0.97750000 0.92555556
