0 0.00273437 0.09687500 0.08916667 0.72777778 0.05666667 0.71888889 0.00000000 0.40681159
0 0.12775000 0.72216667 0.09925000 0.71816667 0.09487500 0.71300000 0.07312500 0.54033333 0.06887500 0.52533333 0.02762500 0.22866667 0.01662500 0.16866667 0.00862500 0.10866667 0.01000000 0.10350000 0.05050000 0.10250000 0.05737500 0.11000000 0.13312500 0.71266667 0.13237500 0.72000000
0 0.05597826 0.10507246 0.10163043 0.11231884 0.16956522 0.72463768 0.13369565 0.72101449
0 0.10271739 0.10507246 0.15163043 0.11014493 0.20923913 0.73623188 0.17010870 0.73115942
0 0.23050000 0.74016667 0.21300000 0.73783333 0.20712500 0.72866667 0.15587500 0.14666667 0.15537500 0.11933333 0.16150000 0.10983333 0.19625000 0.11083333 0.20437500 0.12266667 0.21112500 0.25266667 0.24537500 0.73200000 0.24425000 0.73916667
0 0.28325000 0.74850000 0.25150000 0.74483333 0.24562500 0.73366667 0.20637500 0.14633333 0.20612500 0.12533333 0.21700000 0.11450000 0.25125000 0.11416667 0.26137500 0.12200000 0.28037500 0.50533333 0.28312500 0.67566667 0.29012500 0.73333333 0.28862500 0.74433333
0 0.31325000 0.74116667 0.29500000 0.74050000 0.29037500 0.72633333 0.26337500 0.13500000 0.26337500 0.11933333 0.26975000 0.11483333 0.31450000 0.11916667 0.31662500 0.13566667 0.32037500 0.14266667 0.31862500 0.18166667 0.33012500 0.73366667 0.32625000 0.73916667
0 0.35400000 0.74216667 0.33700000 0.74083333 0.33137500 0.73300000 0.32012500 0.18800000 0.32262500 0.14500000 0.31887500 0.12900000 0.32175000 0.12016667 0.32900000 0.11883333 0.36950000 0.12283333 0.37237500 0.14133333 0.37237500 0.73366667 0.36925000 0.74116667
0 0.40125000 0.74183333 0.37700000 0.73950000 0.37312500 0.72633333 0.37362500 0.13466667 0.37600000 0.12650000 0.38875000 0.12316667 0.42000000 0.12650000 0.42512500 0.13100000 0.41262500 0.73033333 0.40950000 0.74083333
0 0.43325000 0.74550000 0.41625000 0.74516667 0.41337500 0.73600000 0.42637500 0.13633333 0.42737500 0.12900000 0.43175000 0.12550000 0.45950000 0.12616667 0.47450000 0.12816667 0.47837500 0.13466667 0.46787500 0.39333333 0.45262500 0.74033333
0 0.47100000 0.74916667 0.45525000 0.74716667 0.45312500 0.73266667 0.47987500 0.13866667 0.48275000 0.12683333 0.52550000 0.12983333 0.53187500 0.13566667 0.53087500 0.17566667 0.49437500 0.72033333 0.49075000 0.74450000
0 0.50550000 0.74650000 0.49625000 0.74483333 0.49387500 0.73200000 0.53262500 0.15000000 0.53725000 0.13216667 0.56525000 0.13083333 0.57625000 0.13383333 0.57912500 0.14000000 0.53437500 0.73266667 0.53075000 0.74283333
0 0.56925000 0.75883333 0.53725000 0.75650000 0.53462500 0.73666667 0.57887500 0.14600000 0.58012500 0.13933333 0.58375000 0.13683333 0.62750000 0.14083333 0.63112500 0.14300000 0.63112500 0.14833333 0.62487500 0.20533333 0.62437500 0.23666667 0.59487500 0.52166667 0.57737500 0.72633333 0.57412500 0.75566667
0 0.60050000 0.76583333 0.57900000 0.76416667 0.57487500 0.75666667 0.57512500 0.74633333 0.63287500 0.14633333 0.63875000 0.13816667 0.68200000 0.14216667 0.68637500 0.14600000 0.68712500 0.15533333 0.67662500 0.22533333 0.61637500 0.75166667 0.61225000 0.76383333
0 0.65475000 0.77950000 0.62450000 0.77583333 0.61787500 0.77166667 0.61612500 0.76433333 0.64512500 0.50200000 0.68962500 0.13500000 0.73150000 0.13483333 0.74487500 0.13966667 0.74537500 0.15400000 0.70437500 0.43133333 0.65912500 0.77066667
0 0.68975000 0.78550000 0.66200000 0.78283333 0.65912500 0.77200000 0.74312500 0.17133333 0.74975000 0.14516667 0.79700000 0.14916667 0.80387500 0.15433333 0.80412500 0.16333333 0.71912500 0.67366667 0.70012500 0.78000000
0 0.74100000 0.78783333 0.70575000 0.78350000 0.70212500 0.77533333 0.79612500 0.22133333 0.80587500 0.15500000 0.80362500 0.14666667 0.80675000 0.14150000 0.81450000 0.13916667 0.85025000 0.14250000 0.85712500 0.15133333 0.84312500 0.23666667 0.74612500 0.78333333
0 0.76475000 0.78883333 0.75200000 0.78783333 0.74737500 0.78366667 0.75012500 0.75333333 0.85912500 0.15033333 0.86725000 0.14283333 0.90875000 0.14650000 0.91187500 0.15100000 0.90462500 0.19766667 0.89537500 0.23266667 0.87337500 0.35566667 0.78862500 0.77166667 0.78525000 0.78350000
0 0.80300000 0.78383333 0.78737500 0.77933333 0.78962500 0.76500000 0.89412500 0.24533333 0.90587500 0.19833333 0.91262500 0.15433333 0.91850000 0.14750000 0.95525000 0.15116667 0.95812500 0.15900000 0.95262500 0.18866667 0.94462500 0.21333333 0.89512500 0.44333333 0.88962500 0.48300000 0.85237500 0.63766667 0.82737500 0.75866667 0.81950000 0.77983333
