0 0.00098039 0.27320261 0.02598039 0.27058824 0.11127451 0.82287582 0.06666667 0.82156863 0.00000000 0.44967320
0 0.14325000 0.82083333 0.11925000 0.81916667 0.11687500 0.81500000 0.11562500 0.77566667 0.10487500 0.70866667 0.09962500 0.69000000 0.09287500 0.62700000 0.08487500 0.59633333 0.04737500 0.34100000 0.04287500 0.28666667 0.04800000 0.28050000 0.09075000 0.27916667 0.09437500 0.28266667 0.09662500 0.29266667 0.11287500 0.43666667 0.12512500 0.50333333 0.16187500 0.80866667 0.15875000 0.81983333
0 0.10049020 0.28039216 0.15392157 0.27908497 0.21372549 0.82418301 0.16274510 0.82810458
0 0.16274510 0.28431373 0.21911765 0.28169935 0.26470588 0.82156863 0.21519608 0.82614379
0 0.22205882 0.28169935 0.27794118 0.27843137 0.31421569 0.81633987 0.26568627 0.82222222
0 0.33925000 0.81316667 0.31850000 0.81116667 0.31387500 0.79633333 0.31487500 0.78000000 0.29637500 0.47333333 0.29012500 0.42033333 0.28362500 0.31833333 0.28337500 0.28700000 0.28875000 0.28283333 0.32950000 0.28050000 0.33537500 0.28366667 0.33762500 0.29266667 0.34137500 0.43300000 0.34812500 0.46666667 0.36262500 0.77766667 0.36187500 0.80866667 0.35750000 0.81183333
0 0.37725000 0.81016667 0.36600000 0.80850000 0.36337500 0.80433333 0.35462500 0.57566667 0.34362500 0.39166667 0.34037500 0.29700000 0.34037500 0.28666667 0.34275000 0.28283333 0.38875000 0.28116667 0.39362500 0.28300000 0.39437500 0.29033333 0.39562500 0.37400000 0.39337500 0.40133333 0.40162500 0.49033333 0.40962500 0.80333333 0.40450000 0.80783333
0 0.42350000 0.80716667 0.41275000 0.80616667 0.41037500 0.79933333 0.41162500 0.77000000 0.40487500 0.47800000 0.40412500 0.46300000 0.40037500 0.45100000 0.39712500 0.32766667 0.39687500 0.28700000 0.40425000 0.28216667 0.44250000 0.28250000 0.44862500 0.29366667 0.45537500 0.61300000 0.45662500 0.72166667 0.45437500 0.74833333 0.45712500 0.80133333 0.45375000 0.80483333
0 0.49800000 0.80416667 0.46200000 0.80383333 0.45787500 0.79833333 0.45712500 0.52100000 0.45212500 0.30233333 0.45287500 0.28833333 0.45775000 0.28516667 0.49700000 0.28650000 0.50312500 0.29166667 0.50462500 0.72900000 0.50362500 0.79933333
0 0.52550000 0.80416667 0.50825000 0.80316667 0.50487500 0.79466667 0.50737500 0.77333333 0.50787500 0.30100000 0.50937500 0.28800000 0.51300000 0.28283333 0.54900000 0.28183333 0.55425000 0.28316667 0.55762500 0.29000000 0.55037500 0.79900000 0.54500000 0.80250000
0 0.56075000 0.80016667 0.55275000 0.79916667 0.55137500 0.79166667 0.55437500 0.77200000 0.56162500 0.46766667 0.55937500 0.45600000 0.56062500 0.29033333 0.56375000 0.28683333 0.60750000 0.28450000 0.61012500 0.29000000 0.60937500 0.34866667 0.60037500 0.68966667 0.59562500 0.74266667 0.59612500 0.79133333 0.59175000 0.79683333
0 0.60350000 0.79183333 0.59837500 0.79033333 0.59737500 0.77533333 0.59962500 0.76166667 0.60537500 0.61966667 0.61012500 0.36166667 0.61337500 0.29766667 0.61462500 0.28700000 0.61925000 0.28350000 0.65375000 0.28250000 0.65837500 0.28533333 0.65987500 0.29200000 0.65737500 0.35466667 0.65337500 0.38700000 0.65387500 0.46133333 0.64387500 0.67533333 0.63837500 0.74300000 0.64012500 0.77966667 0.63862500 0.78700000 0.63525000 0.78850000
0 0.65950000 0.78850000 0.64275000 0.78750000 0.64062500 0.77900000 0.65287500 0.57566667 0.66462500 0.29066667 0.66575000 0.28683333 0.67250000 0.28483333 0.70900000 0.28616667 0.71112500 0.29066667 0.71012500 0.31566667 0.68762500 0.71333333 0.68287500 0.76000000 0.68362500 0.78233333 0.67625000 0.78750000
0 0.72303922 0.28300654 0.77254902 0.28431373 0.73480392 0.80000000 0.69068627 0.80130719
0 0.74475000 0.79616667 0.73925000 0.79550000 0.73687500 0.78700000 0.74062500 0.77033333 0.74637500 0.70466667 0.75537500 0.54700000 0.76362500 0.47000000 0.76212500 0.44433333 0.77562500 0.29900000 0.77762500 0.29033333 0.78275000 0.28516667 0.81850000 0.28550000 0.82412500 0.29066667 0.82112500 0.33266667 0.81337500 0.38866667 0.81012500 0.46400000 0.79837500 0.57566667 0.78787500 0.70833333 0.78262500 0.72833333 0.77962500 0.75933333 0.78087500 0.78766667 0.77725000 0.79216667
0 0.78725000 0.79116667 0.78262500 0.78766667 0.78187500 0.77933333 0.78612500 0.76400000 0.78712500 0.73433333 0.79562500 0.67033333 0.79887500 0.59133333 0.81112500 0.49766667 0.81362500 0.43600000 0.82712500 0.29166667 0.83175000 0.28683333 0.87125000 0.28350000 0.87512500 0.28733333 0.87362500 0.31466667 0.86112500 0.42000000 0.85862500 0.46666667 0.83487500 0.68900000 0.82812500 0.72866667 0.82462500 0.78366667 0.81900000 0.78916667
0 0.88235294 0.28627451 0.93186275 0.28300654 0.86568627 0.78888889 0.82549020 0.78758170
0 0.93725490 0.27973856 0.98284314 0.27973856 0.91078431 0.78562092 0.87205882 0.79019608
0 0.98627451 0.27647059 0.99950980 0.27647059 0.99950980 0.39084967 0.94460784 0.77385621 0.91274510 0.77385621
