0 0.17485119 0.81900353 0.15004960 0.81900353 0.14074901 0.80996473 0.09511409 0.43562610 0.07651290 0.25925926 0.05617560 0.10758377 0.04613095 0.00022046 0.13107639 0.00044092 0.15314980 0.24118166 0.17596726 0.43518519 0.18613591 0.57231041 0.20944940 0.79805996 0.20535714 0.81459436
0 0.24553571 0.82341270 0.22420635 0.82253086 0.21602183 0.81591711 0.21217758 0.80291005 0.18018353 0.46693122 0.17150298 0.33994709 0.16034226 0.25132275 0.13839286 0.00022046 0.22420635 0.00022046 0.22606647 0.01190476 0.25037202 0.35317460 0.26004464 0.44356261 0.26128472 0.50970018 0.28360615 0.79320988 0.28236607 0.81040564 0.27678571 0.81900353
0 0.31250000 0.83046737 0.29117063 0.82649912 0.28782242 0.80820106 0.26302083 0.43915344 0.25483631 0.35802469 0.23487103 0.00022046 0.32118056 0.00022046 0.32180060 0.00485009 0.33097718 0.20855379 0.34734623 0.45149912 0.36222718 0.81172840 0.36036706 0.82120811 0.35168651 0.82649912
0 0.37946429 0.82605820 0.36805556 0.82297178 0.36569940 0.80952381 0.35850694 0.61507937 0.33643353 0.22663139 0.32787698 0.00022046 0.42199901 0.00044092 0.43365575 0.43959436 0.43960813 0.81128748 0.43501984 0.82076720
0 0.50421627 0.83708113 0.45510913 0.83090829 0.44692460 0.82649912 0.44283234 0.81569665 0.43613591 0.40211640 0.42522321 0.02204586 0.42683532 0.00022046 0.51599702 0.00044092 0.51698909 0.48324515 0.51401290 0.58686067 0.51599702 0.79850088 0.51401290 0.82980600
0 0.55406746 0.83531746 0.52852183 0.83443563 0.52070933 0.82627866 0.52542163 0.00573192 0.52628968 0.00022046 0.61011905 0.00022046 0.60106647 0.32186949 0.59982639 0.47310406 0.59734623 0.48985891 0.59263393 0.81966490 0.58754960 0.83090829
0 0.63244048 0.84281305 0.60367063 0.83840388 0.59883433 0.83421517 0.59734623 0.82627866 0.60007440 0.68165785 0.60553075 0.62301587 0.60255456 0.57892416 0.60329861 0.49735450 0.61098710 0.16137566 0.61842758 0.01366843 0.62251984 0.00022046 0.70833333 0.00022046 0.70126488 0.22089947 0.67125496 0.82627866 0.66964286 0.83443563 0.66319444 0.83972663
0 0.70312500 0.84281305 0.67782738 0.83840388 0.67497520 0.82539683 0.68737599 0.62125220 0.68886409 0.52733686 0.69977679 0.35361552 0.71465774 0.00573192 0.71552579 0.00022046 0.81001984 0.00022046 0.74913194 0.82716049 0.73834325 0.83840388
0 0.81944444 0.85427690 0.77380952 0.84986772 0.75620040 0.84237213 0.75210813 0.83421517 0.76599702 0.68209877 0.76674107 0.62698413 0.77542163 0.54894180 0.77988591 0.54585538 0.78311012 0.41975309 0.79402282 0.31084656 0.79848710 0.19753086 0.81361607 0.03483245 0.82018849 0.00022046 0.91195437 0.00022046 0.83023313 0.84611993
0 0.87400794 0.85471781 0.83829365 0.85030864 0.83395337 0.83774250 0.84685020 0.73324515 0.84908234 0.68959436 0.85925099 0.63315697 0.87388393 0.49911817 0.87785218 0.42019400 0.88504464 0.39329806 0.88095238 0.39175485 0.88008433 0.38536155 0.88504464 0.37918871 0.88355655 0.37301587 0.88901290 0.35493827 0.89694940 0.26014109 0.90711806 0.20767196 0.91455853 0.12301587 0.92968750 0.00705467 0.93129960 0.00022046 0.99975198 0.00022046 0.99975198 0.10846561 0.99640377 0.11992945 0.97705853 0.27380952 0.95200893 0.49426808 0.94531250 0.52160494 0.90835813 0.83641975 0.90054563 0.85030864
