0 0.07750000 0.77450000 0.06675000 0.77183333 0.06237500 0.76400000 0.00237500 0.47966667 0.00012500 0.47833333 0.00025000 0.21883333 0.01150000 0.21983333 0.01537500 0.22466667 0.01462500 0.24133333 0.01812500 0.25600000 0.01837500 0.27633333 0.03562500 0.37866667 0.10637500 0.76366667 0.10587500 0.76766667 0.10050000 0.77183333
0 0.01470588 0.22549020 0.06372549 0.22222222 0.15000000 0.77124183 0.13137255 0.77320261 0.11421569 0.77581699 0.10882353 0.77385621
0 0.06813725 0.22091503 0.12500000 0.21830065 0.20294118 0.77124183 0.19803922 0.77320261 0.18676471 0.77647059 0.16715686 0.77712418 0.15784314 0.77712418 0.15245098 0.77712418
0 0.13039216 0.22091503 0.17941176 0.21895425 0.24705882 0.76535948 0.20686275 0.76405229
0 0.18480392 0.22026144 0.23529412 0.21960784 0.29068627 0.77124183 0.25049020 0.76797386
0 0.24068627 0.21960784 0.29264706 0.21895425 0.33823529 0.77189542 0.29362745 0.77254902
0 0.29656863 0.21568627 0.34852941 0.21503268 0.38431373 0.77124183 0.37598039 0.77647059 0.34411765 0.77777778 0.34117647 0.77516340
0 0.41900000 0.77816667 0.39125000 0.77583333 0.38662500 0.77133333 0.38562500 0.76466667 0.35262500 0.23366667 0.35337500 0.22033333 0.36150000 0.21650000 0.40587500 0.21700000 0.41312500 0.42433333 0.41687500 0.45900000 0.42887500 0.74266667 0.42737500 0.77200000 0.42525000 0.77650000
0 0.45825000 0.79150000 0.43750000 0.78750000 0.43162500 0.77933333 0.43037500 0.77166667 0.42912500 0.69733333 0.40737500 0.22566667 0.41000000 0.21683333 0.42000000 0.21283333 0.46325000 0.21283333 0.46562500 0.21700000 0.46312500 0.25666667 0.47662500 0.78333333 0.47375000 0.78783333
0 0.50900000 0.78883333 0.48400000 0.78750000 0.47887500 0.77966667 0.46912500 0.23533333 0.47075000 0.21683333 0.48775000 0.21250000 0.52175000 0.21283333 0.52437500 0.21933333 0.52487500 0.78000000 0.52125000 0.78583333
0 0.56500000 0.78550000 0.53350000 0.78483333 0.52687500 0.77966667 0.52637500 0.24033333 0.52787500 0.21666667 0.53600000 0.21116667 0.58125000 0.21183333 0.58562500 0.21700000 0.57837500 0.43033333 0.57387500 0.78033333
0 0.60050000 0.79150000 0.57975000 0.78816667 0.57537500 0.78066667 0.57912500 0.49766667 0.58737500 0.23100000 0.59175000 0.21250000 0.64350000 0.21283333 0.64737500 0.23666667 0.63662500 0.42666667 0.63512500 0.51500000 0.62312500 0.74366667 0.62487500 0.76000000 0.62050000 0.78816667
0 0.65450000 0.78150000 0.63250000 0.78083333 0.62962500 0.76533333 0.63362500 0.58966667 0.65312500 0.22900000 0.65212500 0.21300000 0.66125000 0.20816667 0.70525000 0.20850000 0.70787500 0.21266667 0.70562500 0.26233333 0.69162500 0.44933333 0.67237500 0.77066667 0.67000000 0.77683333
0 0.69625000 0.77816667 0.67500000 0.77583333 0.67337500 0.76266667 0.71162500 0.21400000 0.71575000 0.20516667 0.76100000 0.20050000 0.76962500 0.20533333 0.76487500 0.28333333 0.75087500 0.42000000 0.72237500 0.76866667 0.71700000 0.77616667
0 0.74225000 0.77550000 0.72600000 0.77183333 0.72462500 0.76166667 0.75087500 0.43966667 0.76187500 0.35300000 0.77362500 0.21533333 0.77925000 0.19716667 0.82425000 0.19716667 0.83037500 0.20100000 0.83062500 0.20633333 0.82437500 0.24800000 0.77312500 0.74566667 0.76775000 0.77183333
0 0.84222222 0.19333333 0.89777778 0.19481481 0.82222222 0.77851852 0.77777778 0.78000000
0 0.91111111 0.18592593 0.97333333 0.18592593 0.88611111 0.79703704 0.85333333 0.80296296 0.84222222 0.79629630
