0 0.04761905 0.87940917 0.00012401 0.87698413 0.00012401 0.12786596 0.00446429 0.12632275 0.04811508 0.12720459 0.06460813 0.13447972 0.06212798 0.14947090 0.06361607 0.20370370 0.05939980 0.78042328 0.05642361 0.87301587 0.05431548 0.87808642
0 0.11160714 0.89043210 0.06448413 0.88205467 0.05890377 0.87257496 0.06510417 0.17019400 0.06808036 0.13447972 0.07886905 0.12632275 0.12748016 0.12588183 0.13033234 0.12786596 0.13256448 0.14329806 0.12611607 0.87742504 0.11979167 0.88910935
0 0.19766865 0.89836861 0.13467262 0.89307760 0.13033234 0.88844797 0.12934028 0.88051146 0.13727679 0.13492063 0.13888889 0.12676367 0.14360119 0.12455908 0.20560516 0.12632275 0.21143353 0.14109347 0.20572917 0.42151675 0.20225694 0.89197531
0 0.26934524 0.90850970 0.21106151 0.90101411 0.20399306 0.88800705 0.20796131 0.40476190 0.21316964 0.13844797 0.21676587 0.12676367 0.23487103 0.12323633 0.28199405 0.12544092 0.28509425 0.12786596 0.28707837 0.14109347 0.27790179 0.88888889 0.27566964 0.90432099
0 0.34895833 0.91865079 0.28447421 0.91247795 0.27938988 0.90828924 0.27864583 0.90167549 0.28906250 0.13756614 0.29191468 0.12676367 0.29910714 0.12279541 0.35664683 0.12235450 0.37016369 0.12698413 0.36793155 0.16534392 0.36594742 0.51543210 0.36197917 0.58774250 0.35801091 0.90828924 0.35367063 0.91732804
0 0.43179563 0.92791005 0.37276786 0.92173721 0.36483135 0.91688713 0.36073909 0.90564374 0.36941964 0.55291005 0.37313988 0.14991182 0.37512401 0.12830688 0.37971230 0.12500000 0.44270833 0.12632275 0.45176091 0.14197531 0.44035218 0.85449735 0.43812004 0.91931217
0 0.50570437 0.93452381 0.45436508 0.93231922 0.44444444 0.92835097 0.44258433 0.92151675 0.45424107 0.16181658 0.45746528 0.13492063 0.47197421 0.12720459 0.52157738 0.12720459 0.53187004 0.13492063 0.53385417 0.15740741 0.52120536 0.91887125 0.51785714 0.93408289
0 0.59995040 0.95348325 0.53323413 0.94819224 0.52752976 0.94378307 0.52368552 0.93209877 0.53732639 0.15343915 0.53980655 0.12698413 0.54836310 0.11882716 0.61135913 0.12147266 0.61929563 0.12455908 0.62165179 0.13712522 0.60825893 0.93694885 0.60429067 0.95149912
0 0.68253968 0.95965608 0.62276786 0.95833333 0.61557540 0.95480600 0.61173115 0.94003527 0.62562004 0.13007055 0.63045635 0.11882716 0.69791667 0.12014991 0.71068948 0.12654321 0.69704861 0.93606702 0.69444444 0.95568783
0 0.77827381 0.96803351 0.71378968 0.96494709 0.70188492 0.95921517 0.69977679 0.95149912 0.71118552 0.26410935 0.71540179 0.12522046 0.72172619 0.11882716 0.77083333 0.11926808 0.80183532 0.12279541 0.80419147 0.12698413 0.79402282 0.52160494 0.78881448 0.95590829 0.78348214 0.96715168
0 0.84573413 0.96891534 0.79960317 0.96759259 0.79402282 0.96252205 0.79253472 0.95194004 0.79873512 0.50088183 0.80642361 0.21296296 0.80964782 0.12698413 0.81969246 0.11882716 0.89335317 0.12500000 0.89794147 0.12742504 0.90066964 0.13844797 0.87338790 0.95634921 0.86631944 0.96759259
0 0.95634921 0.97156085 0.89186508 0.96803351 0.88194444 0.96318342 0.87686012 0.95194004 0.88430060 0.74382716 0.88851687 0.70149912 0.89818948 0.32319224 0.90513393 0.16754850 0.90414187 0.12742504 0.90848214 0.12411817 0.97346230 0.12632275 0.98635913 0.12808642 0.99169147 0.13447972 0.97730655 0.50925926 0.96490575 0.95723104 0.96304563 0.96715168
