0 0.00000000 0.04222222 0.02166667 0.04555556 0.07166667 0.92888889 0.02166667 0.92000000 0.00000000 0.56920635
0 0.04000000 0.03333333 0.09500000 0.04444444 0.13000000 0.91666667 0.08583333 0.91111111
0 0.09750000 0.03555556 0.15666667 0.03777778 0.17833333 0.93888889 0.12833333 0.92555556
0 0.16333333 0.03888889 0.23166667 0.04555556 0.23250000 0.94333333 0.17916667 0.94000000
0 0.28325000 0.95450000 0.24050000 0.94583333 0.23437500 0.93566667 0.23337500 0.05266667 0.23575000 0.04616667 0.24250000 0.04483333 0.28675000 0.04850000 0.29637500 0.05633333 0.28812500 0.92733333 0.28737500 0.94733333
0 0.33450000 0.97050000 0.29525000 0.96483333 0.28887500 0.95233333 0.29662500 0.05100000 0.30500000 0.04383333 0.35675000 0.04883333 0.36450000 0.05216667 0.36562500 0.05933333 0.34287500 0.95600000 0.34187500 0.96733333
0 0.38950000 0.98683333 0.35375000 0.98283333 0.34512500 0.96666667 0.36837500 0.06833333 0.37137500 0.04933333 0.37725000 0.04683333 0.43175000 0.05283333 0.44075000 0.05650000 0.44212500 0.06433333 0.40362500 0.96300000 0.40112500 0.98300000
0 0.45325000 0.96483333 0.41300000 0.96416667 0.40662500 0.95900000 0.44700000 0.06083333 0.50575000 0.06783333 0.50987500 0.07666667 0.49512500 0.36333333 0.48662500 0.43166667 0.48737500 0.48233333 0.47237500 0.74500000 0.45912500 0.94966667
0 0.49575000 0.97483333 0.46300000 0.96816667 0.46012500 0.95466667 0.48212500 0.63500000 0.51237500 0.08033333 0.51725000 0.07250000 0.53800000 0.07216667 0.57750000 0.07883333 0.57837500 0.11333333 0.51712500 0.96300000 0.51400000 0.97316667
0 0.56225000 0.96850000 0.52200000 0.96183333 0.51887500 0.95266667 0.56137500 0.39600000 0.58062500 0.07633333 0.59625000 0.07416667 0.63725000 0.08016667 0.64062500 0.09233333 0.58987500 0.77233333 0.57412500 0.91033333 0.57412500 0.95500000 0.57025000 0.96683333
