0 0.06525000 0.87716667 0.02550000 0.87416667 0.01312500 0.86600000 0.00662500 0.70900000 0.00012500 0.64466667 0.00025000 0.20416667 0.04125000 0.20383333 0.04562500 0.20566667 0.04712500 0.21233333 0.07637500 0.85466667 0.07537500 0.87333333
0 0.13875000 0.88250000 0.08800000 0.87816667 0.08187500 0.87100000 0.05587500 0.22500000 0.05587500 0.20533333 0.06100000 0.20183333 0.11925000 0.19983333 0.12387500 0.20600000 0.14387500 0.85733333 0.14312500 0.88033333
0 0.19800000 0.89216667 0.15500000 0.88916667 0.14675000 0.88550000 0.14387500 0.87966667 0.12737500 0.20966667 0.13100000 0.20016667 0.19725000 0.20450000 0.20287500 0.21300000 0.21037500 0.88533333 0.20850000 0.89050000
0 0.27350000 0.89783333 0.21800000 0.89450000 0.21237500 0.88600000 0.20687500 0.22066667 0.20787500 0.20866667 0.21300000 0.20516667 0.26875000 0.20883333 0.27987500 0.21700000 0.28387500 0.87500000 0.28237500 0.89233333
0 0.34575000 0.89883333 0.29475000 0.89583333 0.28962500 0.89200000 0.28862500 0.88600000 0.28587500 0.21633333 0.28925000 0.20883333 0.29850000 0.20583333 0.35150000 0.20683333 0.35712500 0.20933333 0.35987500 0.21900000 0.35587500 0.89033333 0.35375000 0.89750000
0 0.41900000 0.91150000 0.36925000 0.90550000 0.36075000 0.90216667 0.35812500 0.89566667 0.36587500 0.21566667 0.37050000 0.20816667 0.43550000 0.21116667 0.43962500 0.21633333 0.42612500 0.89133333 0.42487500 0.90766667
0 0.49300000 0.91850000 0.43550000 0.91383333 0.43062500 0.90500000 0.44212500 0.22366667 0.44337500 0.21200000 0.45050000 0.20716667 0.51350000 0.20683333 0.51962500 0.21266667 0.50237500 0.89133333 0.50087500 0.91266667
0 0.56850000 0.92883333 0.51125000 0.92250000 0.50562500 0.91866667 0.50437500 0.91233333 0.51687500 0.43400000 0.52437500 0.22366667 0.52925000 0.20383333 0.59800000 0.20450000 0.60437500 0.20900000 0.60587500 0.21766667 0.57762500 0.89400000 0.57412500 0.92333333
0 0.63875000 0.92050000 0.58800000 0.91350000 0.58112500 0.90533333 0.60912500 0.24366667 0.61087500 0.22033333 0.61525000 0.21150000 0.67825000 0.20716667 0.68575000 0.20950000 0.68862500 0.22000000 0.65537500 0.84433333 0.65137500 0.91266667 0.64675000 0.91916667
0 0.72100000 0.92950000 0.66625000 0.92416667 0.65775000 0.92083333 0.65562500 0.91433333 0.67812500 0.48633333 0.69787500 0.22066667 0.70175000 0.21516667 0.76775000 0.21716667 0.77687500 0.22100000 0.77712500 0.24800000 0.73387500 0.86266667 0.72837500 0.92000000
0 0.80025000 0.93550000 0.74150000 0.93150000 0.73562500 0.92000000 0.78162500 0.25200000 0.78437500 0.22166667 0.78875000 0.21283333 0.86250000 0.21550000 0.86712500 0.21866667 0.86737500 0.23000000 0.81212500 0.90733333 0.80862500 0.93200000
0 0.88275000 0.94550000 0.82600000 0.93983333 0.81737500 0.93300000 0.81362500 0.92033333 0.87187500 0.22466667 0.87625000 0.21283333 0.88525000 0.21016667 0.95200000 0.20850000 0.95762500 0.21300000 0.95287500 0.28633333 0.93637500 0.47133333 0.90587500 0.81066667 0.89287500 0.93866667 0.89050000 0.94383333
0 0.96750000 0.95583333 0.90575000 0.94750000 0.89887500 0.94366667 0.89787500 0.93133333 0.93637500 0.54633333 0.96812500 0.21833333 0.97525000 0.21183333 0.99975000 0.21183333 0.99975000 0.74500000 0.99412500 0.76700000 0.98637500 0.82866667 0.97612500 0.94733333
