0 0.18650000 0.96216667 0.16525000 0.95916667 0.15737500 0.92666667 0.08387500 0.16000000 0.08137500 0.11866667 0.08825000 0.11050000 0.13525000 0.10716667 0.14212500 0.11466667 0.16287500 0.33000000 0.21612500 0.95133333 0.21075000 0.95950000
0 0.22975000 0.95916667 0.22100000 0.95816667 0.21812500 0.95200000 0.18862500 0.62333333 0.18337500 0.52466667 0.16112500 0.29733333 0.14487500 0.12933333 0.14587500 0.11200000 0.15050000 0.10983333 0.20450000 0.10716667 0.20887500 0.11133333 0.27637500 0.94066667 0.27637500 0.95133333 0.27125000 0.95516667
0 0.30300000 0.95516667 0.28300000 0.95450000 0.27812500 0.94800000 0.23087500 0.30033333 0.21487500 0.13866667 0.21700000 0.11016667 0.27350000 0.10950000 0.28337500 0.11533333 0.33337500 0.93966667 0.33025000 0.95216667
0 0.35725000 0.95316667 0.33850000 0.95150000 0.33562500 0.93600000 0.28737500 0.13166667 0.28837500 0.11533333 0.29850000 0.11150000 0.34175000 0.11083333 0.34787500 0.11933333 0.39162500 0.94166667 0.38525000 0.95216667
0 0.41650000 0.94916667 0.39537500 0.94333333 0.39237500 0.91000000 0.34987500 0.13033333 0.34962500 0.11933333 0.35325000 0.11483333 0.40850000 0.11383333 0.41212500 0.11900000 0.42962500 0.45166667 0.44812500 0.93400000 0.44787500 0.94333333 0.44375000 0.94650000
0 0.48175000 0.94950000 0.45475000 0.94750000 0.45087500 0.93566667 0.41512500 0.13133333 0.41512500 0.11900000 0.41950000 0.11516667 0.47250000 0.11350000 0.47787500 0.11933333 0.48462500 0.32266667 0.50437500 0.94033333 0.50200000 0.94816667
0 0.54625000 0.94850000 0.50975000 0.94816667 0.50512500 0.93633333 0.48062500 0.12433333 0.48162500 0.11533333 0.48725000 0.11350000 0.53425000 0.11116667 0.54037500 0.11866667 0.55862500 0.93533333 0.55675000 0.94650000
0 0.61150000 0.95416667 0.56450000 0.95250000 0.55962500 0.94400000 0.54287500 0.12600000 0.54625000 0.11016667 0.60487500 0.11166667 0.61412500 0.93433333
0 0.65200000 0.95950000 0.61925000 0.95650000 0.61612500 0.95133333 0.60737500 0.11433333 0.61125000 0.10916667 0.62500000 0.10750000 0.66550000 0.10783333 0.67012500 0.11133333 0.67087500 0.12566667 0.67237500 0.95233333 0.67000000 0.95783333
0 0.69000000 0.96216667 0.67775000 0.96083333 0.67462500 0.95200000 0.67187500 0.11466667 0.67825000 0.10850000 0.73000000 0.10683333 0.73462500 0.11066667 0.73462500 0.13933333 0.72937500 0.95200000 0.72425000 0.95950000
0 0.76125000 0.96450000 0.73675000 0.96283333 0.73112500 0.95233333 0.73862500 0.11433333 0.74025000 0.10750000 0.74800000 0.10416667 0.80100000 0.10283333 0.80537500 0.10766667 0.80312500 0.28900000 0.78862500 0.95266667 0.78325000 0.96283333
0 0.82650000 0.96183333 0.79250000 0.96050000 0.78912500 0.95233333 0.80762500 0.10766667 0.81375000 0.10250000 0.86425000 0.10183333 0.86887500 0.10400000 0.86962500 0.12866667 0.86537500 0.31933333 0.84662500 0.95533333
0 0.86975000 0.95950000 0.85325000 0.95883333 0.84662500 0.95033333 0.85187500 0.85866667 0.86737500 0.29200000 0.87012500 0.10766667 0.87525000 0.10183333 0.92875000 0.10150000 0.93462500 0.10666667 0.90612500 0.77333333 0.90262500 0.95400000
0 0.93650000 0.95583333 0.90775000 0.95550000 0.90362500 0.95133333 0.91387500 0.61700000 0.92137500 0.50866667 0.93162500 0.11366667 0.93650000 0.10216667 0.98650000 0.09850000 0.99162500 0.10366667 0.99162500 0.11666667 0.95712500 0.94466667 0.95525000 0.95316667
