0 0.14300000 0.94483333 0.11600000 0.94383333 0.09975000 0.93616667 0.09562500 0.92833333 0.00012500 0.35566667 0.00025000 0.06216667 0.07325000 0.06450000 0.08062500 0.07233333 0.08087500 0.09266667 0.09212500 0.11933333 0.10087500 0.22566667 0.13912500 0.54100000 0.14287500 0.62666667 0.15962500 0.73200000 0.17862500 0.92366667 0.17550000 0.93616667
0 0.20550000 0.94183333 0.18550000 0.93850000 0.18137500 0.92000000 0.16987500 0.79533333 0.16612500 0.78400000 0.16362500 0.72400000 0.15087500 0.63900000 0.09962500 0.17433333 0.09712500 0.13866667 0.09975000 0.13283333 0.13525000 0.13383333 0.13887500 0.14433333 0.19912500 0.79533333 0.21337500 0.91533333 0.21412500 0.93966667
0 0.12750000 0.01222222 0.19500000 0.01444444 0.26250000 0.95888889 0.21750000 0.95666667
0 0.21250000 0.01555556 0.28250000 0.01666667 0.32333333 0.95444444 0.27000000 0.96333333
0 0.33575000 0.94683333 0.32800000 0.94583333 0.32512500 0.93266667 0.29737500 0.03733333 0.30150000 0.02916667 0.36450000 0.03583333 0.36887500 0.04400000 0.37637500 0.92500000 0.37000000 0.93983333
0 0.39550000 0.92250000 0.37937500 0.92000000 0.37787500 0.89700000 0.37312500 0.05500000 0.37337500 0.04100000 0.37675000 0.03850000 0.43575000 0.04316667 0.44012500 0.05866667 0.42462500 0.91200000 0.41250000 0.92050000
0 0.44150000 0.91750000 0.42750000 0.91416667 0.42662500 0.90066667 0.44287500 0.04900000 0.44700000 0.04316667 0.46375000 0.04216667 0.50575000 0.04683333 0.50837500 0.06166667 0.47462500 0.90066667 0.47100000 0.90950000
0 0.49425000 0.90883333 0.48150000 0.90616667 0.47862500 0.88866667 0.51162500 0.04900000 0.51675000 0.03950000 0.55225000 0.04083333 0.57175000 0.04416667 0.57387500 0.05133333 0.52812500 0.88900000 0.52125000 0.90416667
0 0.54725000 0.89150000 0.53175000 0.89050000 0.52887500 0.88500000 0.57537500 0.04733333 0.58025000 0.04050000 0.62225000 0.04416667 0.63237500 0.04900000 0.63262500 0.07700000 0.56987500 0.88100000 0.56550000 0.88916667
0 0.59325000 0.90850000 0.57625000 0.90550000 0.57037500 0.87833333 0.63787500 0.05666667 0.64650000 0.04016667 0.70375000 0.04316667 0.70662500 0.05166667 0.70237500 0.11000000 0.68987500 0.19766667 0.62412500 0.88433333 0.61975000 0.90516667
0 0.63625000 0.91316667 0.62437500 0.90466667 0.62512500 0.87400000 0.69862500 0.17233333 0.70887500 0.04133333 0.72200000 0.03216667 0.76450000 0.03716667 0.77287500 0.04433333 0.76462500 0.12700000 0.67112500 0.89933333 0.66500000 0.90850000
0 0.80000000 0.02555556 0.86500000 0.03222222 0.73000000 0.93333333 0.68750000 0.93333333
