0 0.10119048 0.00476190 0.16666667 0.00793651 0.22738095 0.99841270 0.17619048 0.99206349
0 0.29225000 0.99966667 0.24600000 0.99966667 0.24262500 0.98766667 0.18962500 0.13966667 0.18500000 0.00016667 0.24350000 0.00016667 0.24562500 0.01033333 0.29212500 0.91866667
0 0.34950000 0.99966667 0.29887500 0.99966667 0.25125000 0.00016667 0.31400000 0.00016667 0.31512500 0.00533333 0.33487500 0.46433333
0 0.40450000 0.99966667 0.35600000 0.99966667 0.35337500 0.98300000 0.32600000 0.00016667 0.38625000 0.00016667 0.38912500 0.01400000
0 0.45150000 0.98516667 0.43937500 0.98033333 0.43662500 0.94233333 0.39650000 0.00016667 0.41437500 0.00600000 0.40825000 0.01083333 0.41925000 0.01016667 0.41800000 0.00016667 0.45525000 0.00016667 0.45612500 0.00600000 0.48862500 0.96933333 0.48275000 0.97783333
0 0.54100000 0.99966667 0.49287500 0.99966667 0.46125000 0.00016667 0.51787500 0.00033333
0 0.59650000 0.99966667 0.54525000 0.99966667 0.54462500 0.99466667 0.52475000 0.00016667 0.58600000 0.00016667 0.58662500 0.00566667
0 0.64300000 0.99966667 0.59900000 0.99966667 0.59837500 0.99466667 0.59100000 0.00016667 0.64450000 0.00016667 0.64812500 0.04533333
0 0.69050000 0.99966667 0.64462500 0.99633333 0.65225000 0.00016667 0.70650000 0.00016667 0.70937500 0.00600000
0 0.72975000 0.99966667 0.69475000 0.99966667 0.69162500 0.99466667 0.71587500 0.00533333 0.71700000 0.00016667 0.76875000 0.00016667 0.77187500 0.00833333 0.76912500 0.10833333 0.73912500 0.98500000 0.73662500 0.99766667
0 0.76904762 0.01904762 0.81547619 0.01904762 0.82619048 0.97460317 0.77857143 0.98412698
0 0.84880952 0.01269841 0.89404762 0.01428571 0.90000000 0.98730159 0.85119048 0.99841270
0 0.89722222 0.02530864 0.93888889 0.02407407 0.93888889 0.97222222 0.90000000 0.98950617
