0 0.06498016 0.78373016 0.02207341 0.78064374 0.01698909 0.77557319 0.00285218 0.67019400 0.00012401 0.66754850 0.00024802 0.25198413 0.00235615 0.25352734 0.01004464 0.30776014 0.03013393 0.46384480 0.03162202 0.48853616 0.04575893 0.59611993 0.04823909 0.63492063 0.06138393 0.72089947 0.06634425 0.77557319
0 0.10441468 0.78505291 0.07539683 0.78417108 0.07031250 0.77954145 0.04774306 0.60802469 0.02690972 0.41622575 0.01500496 0.34038801 0.00756448 0.27116402 0.00235615 0.23897707 0.00012401 0.23765432 0.00024802 0.11529982 0.04439484 0.11397707 0.04972718 0.11904762 0.06138393 0.21252205 0.07328869 0.34215168 0.07750496 0.36111111 0.11396329 0.69576720 0.12313988 0.75970018 0.12251984 0.78064374 0.11929563 0.78417108
0 0.16889881 0.78858025 0.12996032 0.78769841 0.12487599 0.77954145 0.05319940 0.13095238 0.05493552 0.12037037 0.06051587 0.11529982 0.09995040 0.11221340 0.11111111 0.11485891 0.11297123 0.11904762 0.11396329 0.14506173 0.12388393 0.22045855 0.17621528 0.75176367 0.17671131 0.78350970
0 0.21478175 0.78990300 0.18377976 0.78902116 0.18043155 0.78659612 0.17894345 0.77910053 0.15265377 0.49294533 0.11520337 0.12918871 0.11520337 0.11948854 0.12028770 0.11353616 0.17509921 0.11089065 0.17919147 0.11904762 0.21093750 0.51455026 0.22358631 0.70899471 0.23003472 0.75925926 0.22904266 0.78659612
0 0.24851190 0.79078483 0.23635913 0.79034392 0.23251488 0.78306878 0.18762401 0.20723104 0.18216766 0.12389771 0.18551587 0.11221340 0.24032738 0.10956790 0.24590774 0.11552028 0.28608631 0.74823633 0.27765377 0.77513228 0.27752976 0.78769841
0 0.30580357 0.79078483 0.29129464 0.78703704 0.28707837 0.75352734 0.27641369 0.53968254 0.26649306 0.40917108 0.26550099 0.36243386 0.24962798 0.15343915 0.24838790 0.11816578 0.25272817 0.11000882 0.30704365 0.10692240 0.31138393 0.11111111 0.31187996 0.15432099 0.32775298 0.42239859 0.33643353 0.63888889 0.34437004 0.76895944 0.34412202 0.77998236 0.34102183 0.78769841
0 0.36061508 0.79298942 0.34945437 0.79210758 0.34660218 0.78747795 0.34486607 0.77292769 0.34015377 0.63888889 0.33568948 0.59215168 0.33072917 0.45546737 0.31411210 0.14858907 0.31336806 0.11199295 0.31845238 0.10471781 0.36979167 0.10295414 0.37822421 0.10339506 0.38157242 0.10758377 0.37983631 0.14770723 0.38975694 0.37433862 0.39719742 0.60714286 0.39670139 0.65299824 0.40240575 0.78042328 0.39707341 0.78813933
0 0.42013889 0.78813933 0.40798611 0.78813933 0.40463790 0.78350970 0.38355655 0.17063492 0.38330853 0.11552028 0.38938492 0.10736332 0.44196429 0.10692240 0.44605655 0.11155203 0.45672123 0.64285714 0.45721726 0.77601411 0.45461310 0.78417108
0 0.48263889 0.79210758 0.46701389 0.79166667 0.46267361 0.78747795 0.46168155 0.78086420 0.45027282 0.19620811 0.44903274 0.11507937 0.45114087 0.10648148 0.50868056 0.10648148 0.51202877 0.12257496 0.51550099 0.78130511 0.51264881 0.78858025
0 0.54017857 0.78902116 0.52008929 0.78813933 0.51674107 0.77072310 0.51500496 0.10846561 0.52430556 0.10471781 0.57291667 0.10295414 0.57626488 0.10670194 0.57676091 0.11596120 0.57056052 0.78042328 0.56572421 0.78813933
0 0.61433532 0.78990300 0.57688492 0.78902116 0.57229663 0.77954145 0.57874504 0.11243386 0.57973710 0.10582011 0.58283730 0.10339506 0.63913690 0.10207231 0.64248512 0.10537919 0.64298115 0.11155203 0.62859623 0.64594356 0.62710813 0.77557319 0.62475198 0.78769841
0 0.66964286 0.78990300 0.63417659 0.78858025 0.62934028 0.78042328 0.63107639 0.64506173 0.63678075 0.50573192 0.64620536 0.11111111 0.65749008 0.10383598 0.70510913 0.10207231 0.70944940 0.10714286 0.70969742 0.12918871 0.68439980 0.76014109 0.68167163 0.78703704
0 0.70957341 0.79607584 0.69766865 0.79607584 0.68911210 0.78747795 0.68812004 0.75661376 0.70300099 0.46119929 0.70448909 0.37301587 0.71440972 0.14329806 0.71217758 0.10714286 0.71701389 0.10251323 0.77256944 0.09986772 0.78038194 0.10493827 0.78087798 0.14021164 0.76649306 0.36463845 0.76475694 0.43694885 0.74615575 0.76675485 0.74367560 0.78747795 0.74057540 0.79034392
0 0.79662698 0.79607584 0.75223214 0.79298942 0.74640377 0.78747795 0.78311012 0.10317460 0.78720238 0.09545855 0.84647817 0.09413580 0.84982639 0.09700176 0.85106647 0.10582011 0.84312996 0.22222222 0.80319940 0.76410935 0.80071925 0.79144621
0 0.84623016 0.79651675 0.81423611 0.79607584 0.80580357 0.79210758 0.80419147 0.77116402 0.85280258 0.13624339 0.85305060 0.10449735 0.85763889 0.09678131 0.86309524 0.09589947 0.91369048 0.09545855 0.91827877 0.10802469 0.91579861 0.15961199 0.86644345 0.73985891 0.86024306 0.77954145 0.86123512 0.79100529 0.85739087 0.79607584
0 0.87946429 0.79166667 0.86532738 0.78858025 0.86445933 0.76763668 0.87735615 0.66225750 0.88033234 0.60273369 0.91803075 0.17416226 0.92199901 0.09920635 0.92832341 0.09413580 0.99032738 0.09501764 0.99193948 0.10493827 0.98747520 0.13315697 0.98276290 0.20458554 0.96564980 0.34523810 0.96416171 0.37742504 0.95250496 0.47089947 0.93663194 0.64550265 0.93067956 0.67813051 0.92199901 0.77116402 0.91641865 0.78858025
0 0.94370040 0.78902116 0.92733135 0.78769841 0.92299107 0.78306878 0.92249504 0.77777778 0.93092758 0.69841270 0.93712798 0.66313933 0.98598710 0.18650794 0.99714782 0.09964727 0.99975198 0.09766314 0.99975198 0.60361552 0.99764385 0.60670194 0.98003472 0.75970018 0.97532242 0.78218695 0.97073413 0.78769841
