0 0.00625000 0.94250000 0.00012500 0.94200000 0.00012500 0.08800000 0.06300000 0.08250000 0.07412500 0.08800000 0.07437500 0.09833333 0.06637500 0.45033333 0.06187500 0.93533333 0.05175000 0.94116667
0 0.08600000 0.94183333 0.06850000 0.93983333 0.06612500 0.92133333 0.07687500 0.09666667 0.07862500 0.08900000 0.08450000 0.08650000 0.13875000 0.08650000 0.14837500 0.09166667 0.14437500 0.34933333 0.14687500 0.92333333 0.14175000 0.93850000
0 0.18000000 0.94183333 0.15212500 0.93766667 0.14912500 0.85233333 0.14887500 0.12166667 0.15337500 0.08033333 0.16725000 0.07716667 0.21887500 0.08400000 0.22162500 0.15000000 0.22987500 0.92466667 0.22425000 0.93683333
0 0.25825000 0.94016667 0.24450000 0.93783333 0.24037500 0.91666667 0.22262500 0.09533333 0.22462500 0.07766667 0.23650000 0.07150000 0.29175000 0.07550000 0.29912500 0.08100000 0.30212500 0.09533333 0.32062500 0.63166667 0.33462500 0.92000000 0.33050000 0.93216667 0.32250000 0.93450000
0 0.36625000 0.93783333 0.34512500 0.93233333 0.33687500 0.88900000 0.33687500 0.81400000 0.31162500 0.18200000 0.30162500 0.07833333 0.30675000 0.06316667 0.36525000 0.08150000 0.38400000 0.07550000 0.39250000 0.07883333 0.39687500 0.12600000 0.42087500 0.63900000 0.42787500 0.72066667 0.43412500 0.92800000 0.41375000 0.93583333
0 0.45150000 0.93216667 0.44162500 0.92800000 0.43712500 0.85966667 0.39837500 0.09233333 0.40012500 0.08033333 0.40675000 0.07916667 0.45500000 0.08116667 0.46675000 0.08383333 0.47512500 0.09266667 0.52662500 0.90100000 0.52612500 0.91600000 0.52100000 0.92083333
0 0.54950000 0.92083333 0.53300000 0.92050000 0.53037500 0.91600000 0.51637500 0.73300000 0.48037500 0.12333333 0.48162500 0.09566667 0.49075000 0.09183333 0.54150000 0.09550000 0.54962500 0.09966667 0.55262500 0.11200000 0.58362500 0.56466667 0.61262500 0.89566667 0.61162500 0.90566667 0.60025000 0.91250000
0 0.63900000 0.92050000 0.61912500 0.91233333 0.60237500 0.73166667 0.59562500 0.59600000 0.57687500 0.40433333 0.55562500 0.11133333 0.55700000 0.09983333 0.57250000 0.09583333 0.61800000 0.09950000 0.62837500 0.10733333 0.65662500 0.42833333 0.70762500 0.89566667 0.70662500 0.90433333 0.69850000 0.90883333
0 0.73083333 0.06777778 0.80333333 0.08000000 0.91250000 0.89777778 0.82666667 0.91333333
0 0.84416667 0.05111111 0.89833333 0.06666667 0.98500000 0.90111111 0.91833333 0.91555556
0 0.65416667 0.06333333 0.71000000 0.08333333 0.79666667 0.90555556 0.73083333 0.92111111
