0 0.03823529 0.07973856 0.08186275 0.09607843 0.08235294 0.11960784 0.04852941 0.41372549 0.03480392 0.41764706 0.02058824 0.41633987 0.00392157 0.41045752 0.00294118 0.36209150
0 0.00098039 0.51895425 0.03137255 0.51503268 0.06519608 0.81960784 0.05343137 0.82549020 0.04215686 0.82614379 0.02696078 0.82549020 0.02009804 0.82222222 0.00049020 0.65947712
0 0.08039216 0.06470588 0.12598039 0.06209150 0.14313725 0.43071895 0.10294118 0.42483660
0 0.18750000 0.43616667 0.15025000 0.43283333 0.14512500 0.42700000 0.13537500 0.15900000 0.13012500 0.07200000 0.13012500 0.06833333 0.13450000 0.06550000 0.17850000 0.06716667 0.18400000 0.06883333 0.18687500 0.07333333 0.18862500 0.24133333 0.19112500 0.26366667 0.19512500 0.41600000 0.19412500 0.43200000
0 0.23550000 0.44116667 0.20125000 0.43816667 0.19762500 0.43533333 0.19687500 0.43133333 0.19137500 0.22333333 0.19037500 0.08166667 0.19137500 0.07266667 0.19750000 0.06916667 0.22225000 0.06883333 0.23712500 0.07266667 0.24137500 0.39066667 0.23962500 0.43600000 0.23850000 0.43983333
0 0.28375000 0.44816667 0.24800000 0.44383333 0.24362500 0.43966667 0.23862500 0.07800000 0.24025000 0.07150000 0.24700000 0.06816667 0.27950000 0.06850000 0.29125000 0.07083333 0.29387500 0.07533333 0.29287500 0.29466667 0.29537500 0.42400000 0.29287500 0.44333333 0.28875000 0.44750000
0 0.33025000 0.45416667 0.31100000 0.45250000 0.30125000 0.44883333 0.29812500 0.44433333 0.29687500 0.43333333 0.29687500 0.08033333 0.29762500 0.07566667 0.30050000 0.07250000 0.34625000 0.07616667 0.34987500 0.09733333 0.34662500 0.43600000 0.34400000 0.44916667 0.33950000 0.45250000
0 0.39300000 0.46083333 0.36825000 0.45950000 0.35300000 0.45583333 0.34862500 0.45133333 0.34787500 0.44500000 0.35137500 0.09100000 0.35362500 0.07666667 0.35975000 0.07416667 0.40375000 0.07583333 0.40687500 0.08633333 0.40187500 0.40300000 0.40012500 0.42400000 0.40112500 0.45666667 0.40050000 0.45950000
0 0.45125000 0.46816667 0.41200000 0.46416667 0.40337500 0.45900000 0.40337500 0.36866667 0.40712500 0.24433333 0.40787500 0.14233333 0.41062500 0.08333333 0.41400000 0.07616667 0.45150000 0.07616667 0.46862500 0.08033333 0.45612500 0.46333333 0.45525000 0.46716667
0 0.50600000 0.47416667 0.47025000 0.47150000 0.46000000 0.46850000 0.45787500 0.46366667 0.46912500 0.10533333 0.47187500 0.08166667 0.47425000 0.07883333 0.51850000 0.07983333 0.52575000 0.08250000 0.52737500 0.08633333 0.51512500 0.39400000 0.51062500 0.47100000
0 0.56300000 0.47983333 0.51750000 0.47550000 0.51337500 0.47233333 0.51237500 0.46700000 0.52837500 0.10033333 0.52937500 0.08766667 0.53200000 0.08383333 0.53725000 0.08183333 0.57900000 0.08383333 0.58437500 0.08800000 0.58562500 0.09466667 0.57262500 0.37766667 0.56687500 0.47500000
0 0.61700000 0.48616667 0.57875000 0.48350000 0.56950000 0.47916667 0.56837500 0.47300000 0.57787500 0.28633333 0.58187500 0.23933333 0.58662500 0.12266667 0.59062500 0.08833333 0.59225000 0.08683333 0.60925000 0.08350000 0.64450000 0.08416667 0.64962500 0.08833333 0.64137500 0.20633333 0.64037500 0.25366667 0.62937500 0.39666667 0.62562500 0.48233333
0 0.66950000 0.49183333 0.64425000 0.49083333 0.63075000 0.48750000 0.62787500 0.48133333 0.62812500 0.46466667 0.64937500 0.12966667 0.65287500 0.10066667 0.65437500 0.09400000 0.65900000 0.08916667 0.68650000 0.08850000 0.70500000 0.09416667 0.70712500 0.10566667 0.67937500 0.48333333 0.67800000 0.49050000
0 0.73775000 0.50083333 0.68525000 0.49483333 0.68087500 0.49033333 0.68062500 0.48100000 0.69937500 0.24900000 0.70387500 0.16966667 0.71162500 0.09433333 0.71675000 0.08750000 0.76575000 0.08816667 0.77300000 0.09016667 0.77612500 0.09600000 0.74387500 0.45900000 0.74237500 0.49800000
0 0.79975000 0.50783333 0.75625000 0.50350000 0.74650000 0.49983333 0.74412500 0.49566667 0.75862500 0.30333333 0.77787500 0.09466667 0.77950000 0.09083333 0.78700000 0.08983333 0.84225000 0.09183333 0.84662500 0.09633333 0.83962500 0.17433333 0.82587500 0.29166667 0.80537500 0.50300000 0.80425000 0.50650000
0 0.85800000 0.51583333 0.81850000 0.51016667 0.80837500 0.50500000 0.81362500 0.42833333 0.82012500 0.38066667 0.82612500 0.30666667 0.84812500 0.10466667 0.85150000 0.09550000 0.85725000 0.09283333 0.91225000 0.09550000 0.91587500 0.10266667 0.91412500 0.12600000 0.87412500 0.47133333 0.86762500 0.51366667
0 0.13125000 0.83650000 0.11625000 0.83416667 0.11337500 0.82700000 0.09512500 0.54266667 0.09512500 0.52600000 0.09975000 0.52050000 0.10300000 0.52383333 0.12375000 0.52383333 0.13800000 0.52650000 0.13987500 0.52933333 0.15237500 0.79500000 0.14312500 0.81900000 0.13487500 0.83333333
0 0.13970588 0.53267974 0.18970588 0.53464052 0.20000000 0.85032680 0.15539216 0.84575163
0 0.19607843 0.53921569 0.23970588 0.54183007 0.24460784 0.85620915 0.23529412 0.86078431 0.21813725 0.85686275 0.20294118 0.85490196
0 0.27550000 0.86783333 0.25150000 0.86416667 0.24825000 0.86250000 0.24637500 0.85800000 0.24637500 0.75333333 0.24287500 0.56466667 0.24387500 0.54500000 0.29612500 0.54700000 0.29387500 0.55600000 0.29512500 0.61833333 0.29337500 0.69600000 0.29312500 0.83900000 0.28662500 0.85666667 0.28050000 0.86483333
0 0.33350000 0.88516667 0.29900000 0.87983333 0.29525000 0.87750000 0.29412500 0.87366667 0.29437500 0.73900000 0.29612500 0.69366667 0.29509804 0.55359477 0.34687500 0.55966667 0.34312500 0.70666667 0.34137500 0.87733333 0.33950000 0.88316667
0 0.38525000 0.89383333 0.35325000 0.89283333 0.34550000 0.89016667 0.34387500 0.88466667 0.34412500 0.80100000 0.34787500 0.69366667 0.34812500 0.63033333 0.34962500 0.58033333 0.35350000 0.56383333 0.38950000 0.56416667 0.39712500 0.57066667 0.39987500 0.57866667 0.40012500 0.59600000 0.39837500 0.60366667 0.39862500 0.66133333 0.39662500 0.70766667 0.39462500 0.72300000 0.39237500 0.82300000 0.38987500 0.86133333 0.39037500 0.88800000 0.38875000 0.89283333
0 0.43925000 0.90883333 0.39625000 0.90216667 0.39387500 0.90066667 0.39212500 0.89466667 0.39662500 0.74033333 0.40112500 0.67166667 0.40312500 0.58466667 0.40537500 0.57333333 0.40825000 0.57116667 0.42825000 0.57050000 0.45125000 0.57350000 0.45337500 0.58066667 0.45287500 0.62800000 0.44587500 0.77533333 0.44287500 0.88666667 0.44187500 0.90466667
0 0.46078431 0.57712418 0.50784314 0.58235294 0.49313725 0.91895425 0.44607843 0.91307190
0 0.51078431 0.58758170 0.56519608 0.59215686 0.54656863 0.93137255 0.49656863 0.92549020
0 0.57303922 0.59477124 0.62549020 0.60065359 0.60196078 0.94183007 0.58235294 0.94183007 0.55686275 0.94183007 0.55000000 0.93594771
0 0.63088235 0.60065359 0.68431373 0.60718954 0.65735294 0.96143791 0.60392157 0.95032680
0 0.68823529 0.61307190 0.74656863 0.62091503 0.71421569 0.97581699 0.69656863 0.97189542 0.68823529 0.96535948 0.68333333 0.96928105 0.67352941 0.96928105 0.66176471 0.96601307
0 0.75196078 0.61764706 0.80784314 0.62091503 0.77401961 0.97908497 0.74607843 0.97385621 0.71911765 0.97189542
