0 0.16333333 0.00333333 0.20750000 0.00333333 0.12250000 0.93333333 0.11166667 0.66444444
0 0.22166667 0.00222222 0.25666667 0.00333333 0.16333333 0.98222222 0.13000000 0.98111111 0.12666667 0.92888889
0 0.20600000 0.99966667 0.16800000 0.99966667 0.16787500 0.99333333 0.21987500 0.39233333 0.26037500 0.00033333 0.30425000 0.00016667
0 0.25675000 0.99966667 0.21950000 0.99966667 0.21937500 0.99500000 0.29062500 0.19233333 0.31012500 0.00033333 0.35100000 0.00016667
0 0.30525000 0.99966667 0.26712500 0.99966667 0.29037500 0.72500000 0.36237500 0.00033333 0.40000000 0.00016667
0 0.34875000 0.99966667 0.31225000 0.99966667 0.31212500 0.99566667 0.39162500 0.12400000 0.40462500 0.00033333 0.44675000 0.00016667
0 0.38800000 0.99966667 0.35337500 0.99766667 0.43812500 0.13000000 0.45237500 0.00033333 0.49100000 0.00016667 0.43337500 0.59566667
0 0.42850000 0.99966667 0.39850000 0.99966667 0.39712500 0.99400000 0.43962500 0.54566667 0.46212500 0.33066667 0.47062500 0.24666667 0.48462500 0.10733333 0.49712500 0.00033333 0.52950000 0.00016667 0.53537500 0.00700000 0.53437500 0.03366667 0.44762500 0.85900000 0.43262500 0.98300000 0.42337500 0.99033333 0.43187500 0.99066667
0 0.44775000 0.99650000 0.43562500 0.99033333 0.43862500 0.95533333 0.53962500 0.00966667 0.54100000 0.00516667 0.55350000 0.00583333 0.57862500 0.01400000 0.57687500 0.05433333 0.47187500 0.98900000
0 0.48700000 0.99216667 0.47650000 0.98816667 0.47487500 0.97900000 0.58212500 0.01700000 0.58700000 0.01283333 0.61925000 0.01683333 0.61987500 0.04733333 0.60812500 0.15866667 0.51237500 0.96600000 0.50600000 0.99083333
0 0.53550000 0.99083333 0.51725000 0.98450000 0.51687500 0.97033333 0.62312500 0.02600000 0.62650000 0.01616667 0.64825000 0.01750000 0.66062500 0.02533333 0.65912500 0.04900000 0.57287500 0.81100000 0.55087500 0.98433333
0 0.58025000 0.99516667 0.56000000 0.99050000 0.55487500 0.98300000 0.55537500 0.97000000 0.66487500 0.03133333 0.66625000 0.02516667 0.68050000 0.02150000 0.70112500 0.02866667 0.70162500 0.06066667 0.63562500 0.63066667 0.61887500 0.73866667 0.59362500 0.98466667 0.59175000 0.99083333
0 0.61975000 0.99250000 0.59937500 0.98366667 0.59887500 0.95466667 0.68412500 0.24433333 0.70237500 0.06166667 0.70187500 0.02166667 0.72500000 0.01750000 0.74025000 0.02216667 0.74162500 0.03333333 0.71712500 0.26900000 0.63512500 0.97500000 0.63100000 0.98983333
0 0.65200000 0.98550000 0.63737500 0.98266667 0.63837500 0.95466667 0.73187500 0.16633333 0.74337500 0.02900000 0.74775000 0.02450000 0.76775000 0.02550000 0.77937500 0.03333333 0.74887500 0.31466667 0.66687500 0.97333333 0.66250000 0.98250000
0 0.69100000 0.98650000 0.67700000 0.98383333 0.67187500 0.96400000 0.74837500 0.34033333 0.78087500 0.03366667 0.78925000 0.02816667 0.81475000 0.03116667 0.81912500 0.03400000 0.81912500 0.04900000 0.77987500 0.40433333 0.70937500 0.97600000 0.70525000 0.98550000
0 0.72200000 0.98650000 0.71150000 0.98483333 0.70787500 0.97766667 0.74937500 0.67033333 0.82037500 0.03866667 0.82525000 0.03283333 0.84975000 0.03650000 0.85587500 0.04100000 0.85387500 0.07366667 0.74812500 0.93933333 0.74137500 0.98266667
0 0.76125000 0.98350000 0.74825000 0.98183333 0.74412500 0.97433333 0.80862500 0.47966667 0.85787500 0.04066667 0.86325000 0.03650000 0.88900000 0.04016667 0.88887500 0.09033333 0.87062500 0.24833333 0.79512500 0.85000000 0.77737500 0.97600000
0 0.80750000 0.98416667 0.78350000 0.97850000 0.78012500 0.96400000 0.85887500 0.38500000 0.86037500 0.34166667 0.89387500 0.04466667 0.89800000 0.03983333 0.92800000 0.04183333 0.93287500 0.04833333 0.92937500 0.09300000 0.85687500 0.70500000 0.82037500 0.97233333 0.81475000 0.98350000
0 0.84750000 0.97716667 0.82587500 0.97133333 0.82887500 0.92433333 0.84087500 0.85766667 0.90637500 0.32233333 0.93362500 0.04866667 0.95475000 0.04783333 0.95912500 0.05100000 0.95937500 0.06200000 0.90137500 0.62866667 0.86112500 0.96300000 0.85750000 0.97550000
