0 0.09925000 0.81416667 0.08912500 0.81100000 0.08737500 0.77966667 0.08812500 0.10300000 0.08462500 0.08033333 0.10125000 0.07683333 0.14700000 0.07883333 0.16225000 0.08316667 0.17237500 0.09900000 0.16687500 0.13300000 0.16562500 0.18033333 0.16787500 0.80300000 0.15825000 0.81150000
0 0.19350000 0.81450000 0.17375000 0.81283333 0.16987500 0.80766667 0.17562500 0.10966667 0.17737500 0.09600000 0.18925000 0.09116667 0.24825000 0.09950000 0.25337500 0.14133333 0.24837500 0.79966667 0.24737500 0.80666667 0.24150000 0.81216667
0 0.27100000 0.81750000 0.25575000 0.81683333 0.25012500 0.81100000 0.25087500 0.69900000 0.26037500 0.11233333 0.26300000 0.09950000 0.27775000 0.09850000 0.31300000 0.10350000 0.33062500 0.11133333 0.33062500 0.34233333 0.32512500 0.81066667 0.31600000 0.81550000
0 0.34400000 0.81350000 0.33025000 0.81216667 0.32837500 0.80733333 0.32937500 0.65600000 0.33712500 0.12633333 0.34025000 0.11816667 0.35175000 0.11750000 0.39625000 0.12483333 0.40287500 0.13400000 0.40037500 0.80366667 0.39225000 0.81050000
0 0.43250000 0.81283333 0.40950000 0.81150000 0.40287500 0.80666667 0.40637500 0.16233333 0.40787500 0.12733333 0.41550000 0.11750000 0.43475000 0.11916667 0.46900000 0.13050000 0.47212500 0.18133333 0.47412500 0.80300000 0.46350000 0.81083333
0 0.54100000 0.81216667 0.49300000 0.81116667 0.47875000 0.80783333 0.47687500 0.80300000 0.47387500 0.16566667 0.47487500 0.13133333 0.48250000 0.11850000 0.49875000 0.11916667 0.54312500 0.13466667 0.54712500 0.80700000
0 0.61425000 0.81850000 0.55700000 0.81650000 0.55187500 0.80866667 0.54712500 0.14133333 0.54987500 0.13100000 0.55575000 0.12883333 0.61200000 0.13383333 0.61437500 0.14100000 0.62462500 0.81466667
0 0.65650000 0.81850000 0.63075000 0.81716667 0.62612500 0.81166667 0.61737500 0.18233333 0.61862500 0.13700000 0.63025000 0.13016667 0.66775000 0.13483333 0.68550000 0.14216667 0.68637500 0.14933333 0.69787500 0.81133333 0.69375000 0.81683333
0 0.72900000 0.82650000 0.70850000 0.82283333 0.70112500 0.81666667 0.69962500 0.81000000 0.68887500 0.15700000 0.68987500 0.14266667 0.70425000 0.13016667 0.75600000 0.13883333 0.75887500 0.14266667 0.76012500 0.16500000 0.77787500 0.81833333 0.77575000 0.82283333
0 0.80439189 0.10180180 0.86385135 0.11081081 0.89087838 0.84594595 0.81655405 0.84594595
0 0.86655405 0.15675676 0.88750000 0.16756757 0.92466216 0.81351351 0.88952703 0.81801802
0 0.91250000 0.15585586 0.95912162 0.17027027 0.98682432 0.81441441 0.92398649 0.81351351
0 0.96114865 0.17297297 0.99020270 0.18648649 0.99975000 0.30264527 0.99975000 0.76936937
