0 0.16473068505976068 0.0 0.20086306659446979 0.0 0.19316272298871212 0.39221460698796606 0.1540686708364039 0.39221460698796606
0 0.2103404125707869 0.0 0.24351112348789686 0.0 0.2417341211173374 0.3953737223134051 0.20382473721206887 0.39221460698796606
0 0.25772714245237255 0.017859440923439086 0.2891208509989231 0.021808335080238005 0.3483542633509052 0.3953737223134051 0.31162954769267626 0.40169195296428317
0 0.2956365263576411 0.02338789274295757 0.32525323253363225 0.022598113911597786 0.3886329837502532 0.3969532799761247 0.35427760458610347 0.4032715106270027
0 0.3353229126334692 0.028916344562475865 0.3667166211800197 0.03523457521335394 0.42831937002608106 0.4032715106270027 0.39514865910897107 0.408799962446521
0 0.3720476282916981 0.033655017550634374 0.4034413368382485 0.03918346937015267 0.4662287539313496 0.40169195296428317 0.4336503771377594 0.41195907777196
0 0.4123263486910459 0.03918346937015267 0.44312772311407655 0.04155280586423202 0.5053228060836578 0.4048510682897221 0.47096742691950816 0.41195907777196
0 0.4526050690903937 0.03286523871927459 0.4786677705252657 0.0320754598879149 0.5426398558654065 0.405640847121082 0.5100614790718163 0.41116929894060034
0 0.4881451165015829 0.03918346937015267 0.5159848203070145 0.04155280586423202 0.5781799032765957 0.4048510682897221 0.5473785288535651 0.41274885660331984
0 0.5284238369009309 0.024177671574317258 0.5562635407063623 0.028916344562475865 0.6184586236759434 0.40643062595244167 0.5858802468823535 0.41116929894060034
0 0.5623695360730854 0.03197104094950497 0.5890352379122131 0.03355123068811986 0.6530329223261194 0.4096363884784825 0.6234043647270886 0.4127967679557124
0 0.593775807128058 0.04303236911980968 0.6192563666632244 0.04382246398911717 0.6885871914449564 0.41121657821709745 0.6577734915419643 0.4127967679557124
0 0.6293300762468949 0.0406620845118873 0.6548106357820612 0.04382246398911717 0.7247340317157737 0.41042648334778997 0.6915500472048594 0.4151670525636349
0 0.6672546299736541 0.03908189477327231 0.6951054741167428 0.04382246398911717 0.7620660142905523 0.4120066730864049 0.7306597432355797 0.41674724230224985
0 0.7099197529162583 0.034341325557427346 0.7359928836034051 0.04145217938119469 0.8023608526252339 0.41121657821709745 0.7715471527222422 0.4127967679557124
0 0.14330263278522035 0.5266838280307498 0.1863040202549796 0.5241543346501756 0.18187740683897496 1.0 0.13824364602407221 0.9996990901981013
0 0.19179515739155134 0.5306534426911362 0.23049359320955695 0.5306534426911362 0.23049359320955695 0.9984181423054995 0.1848167509325667 0.9984181423054995
0 0.238106400255722 0.5399579846364492 0.27617043548654724 0.5391121171868752 0.2749016343121864 1.0 0.2374719996685416 0.9984181423054995
0 0.2799768390096298 0.5348827799390057 0.318040874240455 0.5348827799390057 0.31740647365327457 1.0 0.2774392366609081 0.9992640097550736
0 0.32184727776353755 0.5314993101407102 0.35991131299436274 0.5314993101407102 0.35737371064564105 0.9984181423054995 0.31930967541481586 1.0
0 0.361814514755904 0.5374203822877274 0.39797534822518793 0.5365745148381535 0.40939455879443554 1.0 0.3681585206277082 1.0
0 0.40241615233545086 0.5365745148381535 0.4411145881534565 0.5374203822877274 0.44872739519962157 1.0 0.4112977605559768 1.0
0 0.44682419343808033 0.5357286473885796 0.4829850269073643 0.5357286473885796 0.49440423747661183 1.0 0.45570580165860625 1.0
0 0.48932903277916845 0.5374203822877274 0.5204146615510091 0.5382662497373013 0.5343714744689784 0.9984181423054995 0.4963074392381531 1.0
0 0.5311994715330762 0.5348827799390057 0.5629195008920973 0.5348827799390057 0.5762419132228861 1.0 0.5400810797536021 1.0
0 0.5724355096998036 0.5365745148381535 0.6041555390588246 0.5382662497373013 0.6187467525639743 1.0 0.5832203196818707 1.0
0 0.6085963431690875 0.5382662497373013 0.6371443695922064 0.5416497195355969 0.6530043842717169 1.0 0.6231875566742372 0.9992640097550736
0 0.6441227760511911 0.5382662497373013 0.6796492089332946 0.5382662497373013 0.6948748230256246 0.9992640097550736 0.6580795889691603 0.9992640097550736
0 0.684724413630738 0.540803852086023 0.7170788435769394 0.5416497195355969 0.7297668553205479 0.9958805399567779 0.6967780247871659 0.9984181423054995
0 0.7240572500359241 0.5357286473885796 0.7576804811564862 0.5391121171868752 0.7697340923129143 0.9916512027089085 0.7373796623667128 0.9933429376080563
0 0.7697340923129143 0.5374203822877274 0.8052605251950179 0.5382662497373013 0.8135077328283634 0.9916512027089085 0.7836909052308836 0.9933429376080563
0 0.8109701304796416 0.5357286473885796 0.8445933616002039 0.5357286473885796 0.8623565780412558 0.9857301305618912 0.8242925428104305 0.987421865461039
