0 0.03050000 0.93750000 0.01375000 0.93583333 0.00837500 0.92866667 0.00737500 0.10633333 0.00962500 0.08600000 0.01925000 0.08283333 0.05300000 0.08583333 0.05337500 0.42400000 0.05412500 0.73933333 0.05737500 0.92466667 0.05300000 0.93483333
0 0.05714286 0.07936508 0.12142857 0.08412698 0.10952381 0.94285714 0.05952381 0.93968254
0 0.12500000 0.07619048 0.17738095 0.07936508 0.16071429 0.94920635 0.10952381 0.95396825
0 0.17619048 0.07619048 0.23095238 0.07936508 0.21666667 0.96031746 0.17619048 0.96190476 0.16309524 0.96031746
0 0.23571429 0.07301587 0.29285714 0.08253968 0.27261905 0.97142857 0.26190476 0.97142857 0.23690476 0.97142857 0.21904762 0.96507937
0 0.29285714 0.07619048 0.35476190 0.07936508 0.32619048 0.97936508 0.31071429 0.97936508 0.28333333 0.97936508 0.27500000 0.97777778
0 0.35833333 0.07460317 0.41666667 0.08412698 0.38690476 0.97936508 0.36428571 0.98730159 0.34404762 0.98888889 0.32857143 0.97936508
0 0.41650000 0.99583333 0.39450000 0.99116667 0.39112500 0.98300000 0.41512500 0.09933333 0.42000000 0.08016667 0.45950000 0.07983333 0.47100000 0.08450000 0.47362500 0.09100000 0.47512500 0.17833333 0.44962500 0.94766667 0.44412500 0.98966667
0 0.49800000 0.99966667 0.45500000 0.99216667 0.44987500 0.97900000 0.47812500 0.10933333 0.48250000 0.09850000 0.49650000 0.08683333 0.52375000 0.07983333 0.53687500 0.08533333 0.53912500 0.10500000 0.50737500 0.98333333
0 0.56525000 0.99966667 0.51875000 0.99966667 0.50912500 0.98533333 0.53687500 0.17766667 0.54487500 0.08800000 0.55900000 0.07950000 0.59575000 0.08816667 0.60062500 0.11466667 0.58537500 0.43933333 0.57012500 0.95266667
0 0.63175000 0.99966667 0.57125000 0.99966667 0.57012500 0.98666667 0.60637500 0.09200000 0.61275000 0.08016667 0.64950000 0.07683333 0.66200000 0.08016667 0.66737500 0.09166667 0.66887500 0.13200000 0.65212500 0.45033333
0 0.69650000 0.99966667 0.63950000 0.99966667 0.63762500 0.97000000 0.67287500 0.09200000 0.67775000 0.07983333 0.70900000 0.07883333 0.73262500 0.08533333 0.73537500 0.11800000
0 0.76000000 0.99966667 0.70250000 0.99966667 0.70212500 0.98566667 0.73812500 0.09866667 0.73962500 0.08800000 0.74800000 0.08383333 0.78925000 0.08783333 0.79712500 0.09533333 0.79937500 0.11166667
0 0.81400000 0.99966667 0.76200000 0.99966667 0.76187500 0.99066667 0.78687500 0.45033333 0.80212500 0.10700000 0.80600000 0.09583333 0.83525000 0.09483333 0.85612500 0.10366667 0.85737500 0.14266667 0.83212500 0.70166667
0 0.87050000 0.99966667 0.81550000 0.99966667 0.81537500 0.99166667 0.84012500 0.58800000 0.85987500 0.15400000 0.86537500 0.11533333 0.87125000 0.10450000 0.91225000 0.10216667 0.91662500 0.10366667 0.91887500 0.11433333 0.91262500 0.30300000
0 0.93095238 0.08253968 0.99166667 0.08253968 0.94644501 0.99966667 0.88690476 0.99966667
