0 0.05979373709001212 0.00021776596101629 0.14755534658309646 0.0 0.20898847322825548 1.0 0.1365851453964609 1.0
0 0.168398728837704 0.0 0.24080205666949858 0.0 0.2813918010600501 1.0 0.2155705939402368 0.9992374206906264
0 0.249578217618807 0.00021776596101629 0.32966068628124645 0.0 0.3516010886545175 1.0 0.2879739217720314 1.0
0 0.33733982711189137 0.0 0.411937195181013 0.0 0.4163252756556673 1.0 0.3559891691291718 0.997774727199075
0 0.4163252756556673 0.0 0.48872860348746183 0.0 0.47885542241948986 0.9992374206906264 0.4196163360116579 1.0
0 0.49640774431810675 0.0 0.5753931928618826 0.00021776596101629 0.5479676898952938 1.0 0.4843405230128076 1.0
0 0.5786842532178733 0.0 0.6499905609310044 0.0 0.61159485677778 1.0 0.5534527904886115 1.0
0 0.6620577822363034 0.0 0.7267819692374532 0.00021776596101629 0.6763190437789297 0.9992374206906264 0.6203710177270885 1.0
0 0.7333640899494345 0.0 0.7991852970692478 0.00021776596101629 0.7388491905427522 0.9919239532328694 0.685095204728238 0.9963120337075236
0 0.815640598849201 0.00021776596101629 0.8759767053756965 0.0016804594525676958 0.8079614580185562 0.9860731792666638 0.7574985325600326 0.9919239532328694
0 0.8880439266809956 0.0 0.9505740734448183 0.0 0.8726856450197059 0.9846104857751123 0.8167376189678646 0.990461259741318
