0 0.17566667 0.97987500 0.16466667 0.97887500 0.15750000 0.96750000 0.12616667 0.63125000 0.12616667 0.57225000 0.09450000 0.20775000 0.09550000 0.19500000 0.10833333 0.19187500 0.17000000 0.19262500 0.18383333 0.20100000 0.20616667 0.62500000 0.23716667 0.96325000 0.22866667 0.97512500
0 0.30300000 0.97012500 0.24433333 0.96787500 0.23850000 0.95150000 0.18716667 0.26775000 0.18550000 0.20475000 0.19366667 0.19737500 0.20733333 0.19587500 0.25600000 0.19537500 0.27050000 0.20125000 0.29583333 0.70575000 0.31683333 0.95675000 0.31483333 0.96650000
0 0.33800000 0.97512500 0.32116667 0.96700000 0.30250000 0.72575000 0.27450000 0.24850000 0.27383333 0.20250000 0.28666667 0.19637500 0.34600000 0.19737500 0.35450000 0.22300000 0.39683333 0.96700000 0.37733333 0.97387500
0 0.44900000 0.97887500 0.40866667 0.97637500 0.40050000 0.96750000 0.35716667 0.20925000 0.36000000 0.20112500 0.38700000 0.19887500 0.42866667 0.19987500 0.43816667 0.20675000 0.44183333 0.38600000 0.47516667 0.95400000 0.47316667 0.97475000
0 0.52666667 0.98237500 0.48700000 0.97662500 0.47916667 0.96700000 0.44150000 0.22475000 0.44183333 0.20150000 0.47433333 0.19737500 0.51766667 0.19712500 0.52383333 0.20500000 0.55583333 0.96300000 0.55300000 0.97637500
0 0.61300000 0.98762500 0.57166667 0.98687500 0.56350000 0.97500000 0.56716667 0.93475000 0.52850000 0.21250000 0.53300000 0.19737500 0.55133333 0.19562500 0.61250000 0.19875000 0.63950000 0.97775000 0.63100000 0.98637500
0 0.70933333 0.98687500 0.64733333 0.98362500 0.64283333 0.96700000 0.62350000 0.26600000 0.62500000 0.18537500 0.64133333 0.18162500 0.70700000 0.18137500 0.71483333 0.18775000 0.71783333 0.93525000 0.71616667 0.98250000
0 0.74466667 0.98762500 0.72816667 0.98250000 0.72650000 0.95900000 0.72050000 0.19350000 0.72150000 0.18575000 0.73000000 0.18187500 0.78800000 0.18187500 0.80283333 0.18575000 0.80550000 0.22050000 0.80116667 0.96750000 0.79766667 0.98637500
0 0.86933333 0.99037500 0.82233333 0.98862500 0.80583333 0.98275000 0.80783333 0.19050000 0.81066667 0.18337500 0.82366667 0.18062500 0.88366667 0.18262500 0.89883333 0.19150000 0.88583333 0.97425000 0.88516667 0.98300000
0 0.96266667 0.99975000 0.90366667 0.99975000 0.89216667 0.98325000 0.89750000 0.95150000 0.90016667 0.72125000 0.89950000 0.20900000 0.90433333 0.19312500 0.95833333 0.19037500 0.97650000 0.19750000 0.97916667 0.50975000 0.97350000 0.95775000 0.97116667 0.99200000
