0 0.19800000 0.92516667 0.17275000 0.92150000 0.16587500 0.89833333 0.08812500 0.16300000 0.08887500 0.15600000 0.09475000 0.15050000 0.13825000 0.15083333 0.14287500 0.15833333 0.14662500 0.18066667 0.18837500 0.66433333 0.21437500 0.90666667 0.21350000 0.92216667
0 0.24675000 0.93850000 0.22200000 0.93650000 0.21787500 0.92633333 0.14587500 0.16233333 0.14662500 0.15166667 0.15375000 0.14650000 0.20200000 0.14650000 0.20687500 0.15066667 0.21587500 0.32433333 0.26562500 0.93033333 0.26400000 0.93750000
0 0.30675000 0.95050000 0.27550000 0.94983333 0.26737500 0.94333333 0.21787500 0.33100000 0.20762500 0.16333333 0.20887500 0.15066667 0.21650000 0.14583333 0.25950000 0.14416667 0.27087500 0.15033333 0.28512500 0.42433333 0.31987500 0.93500000 0.31825000 0.94683333
0 0.34650000 0.95383333 0.32575000 0.95216667 0.32087500 0.93600000 0.27937500 0.24566667 0.27587500 0.16333333 0.27925000 0.14983333 0.33000000 0.15050000 0.33662500 0.15933333 0.34287500 0.20433333 0.37512500 0.93233333 0.37300000 0.94883333
0 0.40900000 0.95283333 0.38400000 0.95183333 0.37912500 0.94766667 0.37712500 0.93700000 0.34412500 0.19500000 0.34312500 0.16133333 0.34875000 0.15050000 0.40150000 0.14950000 0.40700000 0.15050000 0.40887500 0.15766667 0.43112500 0.93833333 0.42725000 0.94950000
0 0.47300000 0.95216667 0.43875000 0.95050000 0.43287500 0.93700000 0.41412500 0.25600000 0.41425000 0.15416667 0.46525000 0.15350000 0.47487500 0.15800000 0.48612500 0.94100000 0.48350000 0.94950000
0 0.50500000 0.96150000 0.49225000 0.95916667 0.48887500 0.94800000 0.47837500 0.16966667 0.47962500 0.15466667 0.48375000 0.15016667 0.52975000 0.14850000 0.54062500 0.15166667 0.54512500 0.17233333 0.54337500 0.93933333 0.53850000 0.95983333
0 0.57025000 0.96416667 0.54925000 0.96283333 0.54487500 0.95200000 0.54512500 0.56733333 0.54962500 0.15833333 0.55275000 0.15250000 0.57475000 0.15050000 0.61375000 0.15350000 0.61712500 0.17666667 0.60762500 0.47800000 0.60012500 0.95200000 0.59575000 0.96216667
0 0.61750000 0.95816667 0.60262500 0.95400000 0.60162500 0.93033333 0.61762500 0.20100000 0.62475000 0.16750000 0.63650000 0.15816667 0.66900000 0.15650000 0.67800000 0.15816667 0.68112500 0.17100000 0.65537500 0.92500000 0.65075000 0.95516667
0 0.70225000 0.96550000 0.66300000 0.96383333 0.65687500 0.95000000 0.68662500 0.16466667 0.69000000 0.15450000 0.69925000 0.15316667 0.75200000 0.15783333 0.75362500 0.16533333 0.74412500 0.28066667 0.74387500 0.35033333 0.71862500 0.84833333 0.71112500 0.95533333 0.70900000 0.96316667
0 0.78325000 0.96750000 0.76462500 0.95900000 0.76462500 0.82966667 0.76037500 0.40900000 0.75837500 0.17766667 0.76350000 0.16216667 0.81000000 0.16116667 0.81712500 0.16633333 0.81887500 0.18900000 0.81937500 0.93600000 0.81500000 0.96083333
0 0.83600000 0.97116667 0.82212500 0.96666667 0.82012500 0.94766667 0.82137500 0.43166667 0.82437500 0.41233333 0.82137500 0.34500000 0.82612500 0.32333333 0.82712500 0.23266667 0.82687500 0.18100000 0.82212500 0.17400000 0.83100000 0.16216667 0.88175000 0.15716667 0.88837500 0.16600000 0.88887500 0.17633333 0.87762500 0.95966667 0.87275000 0.96850000
0 0.89550000 0.97050000 0.88350000 0.96850000 0.88012500 0.95800000 0.88837500 0.47033333 0.89287500 0.40233333 0.89212500 0.17000000 0.90525000 0.16183333 0.95075000 0.15950000 0.95362500 0.17133333 0.94687500 0.52166667 0.93337500 0.94700000 0.92775000 0.96583333
