0 0.06127451 0.71180556 0.04963235 0.70935458 0.04733456 0.70179739 0.02833946 0.27982026 0.02941176 0.22242647 0.05958946 0.22508170 0.06387868 0.40236928 0.06908701 0.49795752 0.07552083 0.70424837 0.07261029 0.71139706
0 0.10049020 0.71548203 0.07935049 0.71384804 0.07490809 0.70915033 0.07490809 0.64460784 0.05989583 0.23243464 0.06020221 0.22467320 0.06464461 0.22242647 0.09375000 0.22283497 0.09742647 0.22446895 0.09819240 0.22875817 0.09819240 0.30310458 0.11014093 0.70261438 0.10983456 0.71282680
0 0.13878676 0.71793301 0.11672794 0.71711601 0.11228554 0.71160131 0.09941789 0.28022876 0.09911152 0.22875817 0.10324755 0.22446895 0.13112745 0.22365196 0.13342525 0.22834967 0.14322917 0.70138889 0.14292279 0.71323529
0 0.16881127 0.72120098 0.14644608 0.71875000 0.14414828 0.70955882 0.13465074 0.23529412 0.13495711 0.22712418 0.13786765 0.22406046 0.16758578 0.22446895 0.17049632 0.23897059 0.17509191 0.70138889 0.17447917 0.71772876
0 0.20526961 0.72365196 0.18167892 0.72324346 0.17570466 0.71813725 0.17570466 0.53594771 0.17141544 0.27818627 0.17141544 0.22834967 0.17493873 0.22283497 0.20496324 0.22324346 0.20756740 0.23488562 0.20971201 0.71732026
0 0.23682598 0.72610294 0.21354167 0.72487745 0.21063113 0.72099673 0.21063113 0.23897059 0.21323529 0.22773693 0.23192402 0.22365196 0.24080882 0.22446895 0.24433211 0.22834967 0.24525123 0.24223856 0.24617034 0.71936275 0.24448529 0.72324346
0 0.27573529 0.72651144 0.25153186 0.72528595 0.24831495 0.72181373 0.24770221 0.71568627 0.24984681 0.62377451 0.24800858 0.25081699 0.24607065 0.22240378 0.25949755 0.22446895 0.28254357 0.22110696 0.28232230 0.24509804 0.28205727 0.32550057 0.28048407 0.71813725 0.27956495 0.72385621
0 0.30514706 0.72773693 0.28308824 0.72569444 0.28170956 0.71977124 0.28507966 0.23978758 0.28661152 0.22589869 0.29319853 0.22406046 0.31525735 0.22446895 0.32184436 0.22875817 0.31878064 0.42034314 0.31632966 0.72058824 0.31403186 0.72569444
0 0.37622549 0.72528595 0.35876225 0.72487745 0.35554534 0.71691176 0.33624387 0.24142157 0.33823529 0.23468137 0.34926471 0.23304739 0.36611520 0.23263889 0.37086397 0.24346405 0.38893995 0.71241830 0.38817402 0.72160948
0 0.40134804 0.72651144 0.39246324 0.72610294 0.38985907 0.71732026 0.38250613 0.47834967 0.37178309 0.24101307 0.37270221 0.23325163 0.37591912 0.23182190 0.40410539 0.23263889 0.40609681 0.24183007 0.42386642 0.72099673 0.42095588 0.72528595
0 0.44883578 0.72896242 0.43014706 0.72896242 0.42539828 0.72181373 0.40824142 0.25367647 0.40824142 0.23406863 0.41421569 0.22977941 0.43995098 0.22855392 0.44469975 0.23651961 0.46124387 0.72099673 0.45955882 0.72651144
0 0.48039216 0.72773693 0.46660539 0.72773693 0.46246936 0.72467320 0.46185662 0.72058824 0.44806985 0.25612745 0.44868260 0.23570261 0.45098039 0.23141340 0.47886029 0.23141340 0.48330270 0.23651961 0.49586397 0.72099673 0.49448529 0.72610294
0 0.51041667 0.73059641 0.50030637 0.72977941 0.49708946 0.72508170 0.49647672 0.61519608 0.48973652 0.34967320 0.48912377 0.23570261 0.49111520 0.23182190 0.50214461 0.23018791 0.52359069 0.23223039 0.52588848 0.25204248 0.53170956 0.72630719 0.52941176 0.72977941
0 0.55790441 0.73182190 0.53707108 0.73141340 0.53385417 0.72467320 0.53048407 0.25326797 0.53170956 0.23284314 0.53645833 0.22855392 0.56096814 0.22937092 0.56632966 0.23243464 0.56939338 0.72467320 0.56678922 0.73018791
0 0.58578431 0.73100490 0.57291667 0.73018791 0.57061887 0.72549020 0.57000613 0.23692810 0.57230392 0.23182190 0.60049020 0.23100490 0.60431985 0.23325163 0.60523897 0.24428105 0.60554534 0.72589869 0.60263480 0.73018791
0 0.63449755 0.73304739 0.61121324 0.73223039 0.60615809 0.72875817 0.60677083 0.23529412 0.61060049 0.23141340 0.63909314 0.23100490 0.64200368 0.23447712 0.64077819 0.72794118
0 0.66758578 0.73263889 0.64675245 0.73141340 0.64231005 0.72549020 0.64414828 0.26388889 0.64583333 0.23263889 0.67064951 0.23100490 0.67769608 0.23141340 0.67968750 0.23447712 0.67784926 0.57638889 0.67601103 0.72630719 0.67371324 0.73182190
0 0.70036765 0.73468137 0.68167892 0.73345588 0.67846201 0.72875817 0.68121936 0.26348039 0.68412990 0.23263889 0.71354167 0.23100490 0.71829044 0.23570261 0.71614583 0.31454248 0.71461397 0.72957516 0.71292892 0.73386438
0 0.74662990 0.73549837 0.71997549 0.73468137 0.71553309 0.73161765 0.71798407 0.63112745 0.71645221 0.57883987 0.71829044 0.27532680 0.71951593 0.23284314 0.75214461 0.22937092 0.75566789 0.23284314 0.75291054 0.59558824 0.75076593 0.73161765
0 0.78308824 0.73427288 0.75674020 0.73345588 0.75260417 0.72508170 0.75842525 0.24754902 0.75903799 0.23284314 0.76378676 0.22977941 0.79136029 0.23059641 0.79427083 0.23611111 0.78936887 0.55637255 0.78936887 0.64297386 0.78936887 0.71732026 0.78906250 0.72916667
0 0.81464461 0.73018791 0.79136029 0.72977941 0.78967525 0.72630719 0.78936887 0.61887255 0.79090074 0.52573529 0.79427083 0.33047386 0.79488358 0.25490196 0.79656863 0.23631536 0.82322304 0.23427288 0.82613358 0.23692810 0.81908701 0.53390523 0.81847426 0.68627451 0.81724877 0.72549020
0 0.86151961 0.73508987 0.82628676 0.73345588 0.81969975 0.72549020 0.82276348 0.60212418 0.83042279 0.26021242 0.82858456 0.23774510 0.83425245 0.23141340 0.84528186 0.22814542 0.86887255 0.22855392 0.87178309 0.23611111 0.86534926 0.71977124 0.86443015 0.73243464
