0 0.01100000 0.95512500 0.00016667 0.95475000 0.00366667 0.14412500 0.06466667 0.14562500 0.07383333 0.15050000 0.07416667 0.15775000 0.06083333 0.49775000 0.06416667 0.63600000 0.05783333 0.82650000 0.06516667 0.84900000 0.06550000 0.89575000 0.05883333 0.94800000
0 0.13300000 0.95637500 0.08000000 0.95137500 0.07083333 0.93700000 0.07616667 0.84200000 0.07116667 0.76500000 0.07250000 0.27900000 0.07783333 0.17225000 0.09200000 0.16112500 0.14733333 0.15812500 0.15883333 0.16475000 0.16083333 0.21175000 0.15983333 0.93975000 0.15066667 0.95312500
0 0.23200000 0.96437500 0.17433333 0.96287500 0.16083333 0.94900000 0.16350000 0.24300000 0.17116667 0.15825000 0.18066667 0.14662500 0.19300000 0.14537500 0.25633333 0.14637500 0.26550000 0.15825000 0.25883333 0.60325000 0.26416667 0.94475000 0.25700000 0.95937500
0 0.33466667 0.95962500 0.27566667 0.95512500 0.26883333 0.94025000 0.26883333 0.68350000 0.27650000 0.51100000 0.27316667 0.16975000 0.27566667 0.15037500 0.31033333 0.14337500 0.34600000 0.14412500 0.36550000 0.15000000 0.36283333 0.94950000 0.36066667 0.95537500
0 0.39933333 0.97012500 0.37800000 0.96887500 0.36883333 0.96325000 0.36650000 0.13475000 0.37800000 0.12537500 0.43300000 0.12287500 0.46466667 0.12687500 0.46883333 0.14025000 0.46883333 0.95050000 0.46716667 0.96075000 0.45533333 0.96737500
0 0.48700000 0.96337500 0.47083333 0.95550000 0.47683333 0.13750000 0.47850000 0.12700000 0.48766667 0.12337500 0.56100000 0.12212500 0.57683333 0.12700000 0.57883333 0.15775000 0.57316667 0.95200000 0.55966667 0.96037500
0 0.61166667 0.95912500 0.57850000 0.95150000 0.58816667 0.15250000 0.59600000 0.12537500 0.64066667 0.12137500 0.68166667 0.12312500 0.68483333 0.12725000 0.67716667 0.93250000 0.67333333 0.95112500
0 0.71000000 0.95562500 0.68200000 0.95212500 0.67950000 0.93750000 0.68916667 0.12675000 0.70133333 0.11512500 0.77066667 0.11412500 0.78333333 0.11537500 0.78816667 0.12500000 0.77883333 0.93800000 0.77616667 0.94675000 0.76400000 0.95162500
0 0.81933333 0.94787500 0.79900000 0.94787500 0.78600000 0.94362500 0.78483333 0.93775000 0.79850000 0.24500000 0.79550000 0.12700000 0.80766667 0.11487500 0.86766667 0.11412500 0.88066667 0.11587500 0.88650000 0.12325000 0.87583333 0.93300000 0.86566667 0.94412500
0 0.90900000 0.92562500 0.88016667 0.92000000 0.88983333 0.13550000 0.90500000 0.12562500 0.95500000 0.12362500 0.96866667 0.12762500 0.97550000 0.13825000 0.98283333 0.90450000 0.96266667 0.92062500
