0 0.16400000 0.88516667 0.14925000 0.88483333 0.14037500 0.87766667 0.12562500 0.13166667 0.12537500 0.06566667 0.13075000 0.05716667 0.20375000 0.06383333 0.21237500 0.07166667 0.20587500 0.27833333 0.20787500 0.74433333 0.21462500 0.87400000 0.20600000 0.88183333
0 0.23350000 0.88750000 0.21987500 0.88466667 0.21837500 0.86233333 0.21387500 0.06466667 0.22075000 0.06150000 0.28725000 0.06850000 0.29712500 0.07566667 0.29312500 0.87400000 0.28725000 0.88350000
0 0.32175000 0.88350000 0.29850000 0.88183333 0.29512500 0.87200000 0.29987500 0.08266667 0.30162500 0.06900000 0.30775000 0.06683333 0.37750000 0.07150000 0.37987500 0.07600000 0.36737500 0.86933333 0.36150000 0.87983333
0 0.40375000 0.88250000 0.37800000 0.88116667 0.37362500 0.87700000 0.37112500 0.86300000 0.37987500 0.45000000 0.38237500 0.07633333 0.39250000 0.06416667 0.46300000 0.07950000 0.46587500 0.09533333 0.43987500 0.87300000 0.43475000 0.87850000
0 0.48650000 0.88283333 0.45300000 0.88250000 0.44487500 0.87433333 0.46712500 0.08266667 0.47400000 0.07716667 0.53975000 0.08283333 0.54712500 0.08800000 0.51662500 0.76766667 0.51762500 0.84366667 0.51350000 0.87983333
0 0.58525000 0.88583333 0.52550000 0.88283333 0.51937500 0.87400000 0.52237500 0.73966667 0.53037500 0.63533333 0.54337500 0.33866667 0.55037500 0.08800000 0.55975000 0.08183333 0.62700000 0.08716667 0.63237500 0.09166667 0.59612500 0.73666667 0.59287500 0.87633333
0 0.65850000 0.89316667 0.60450000 0.89150000 0.59512500 0.88133333 0.63337500 0.18166667 0.63512500 0.09200000 0.64175000 0.08683333 0.71300000 0.09083333 0.71787500 0.09566667 0.69512500 0.43266667 0.68712500 0.62333333 0.67512500 0.76833333 0.67412500 0.86000000 0.67012500 0.88666667
0 0.72300000 0.89383333 0.68200000 0.89283333 0.67887500 0.86133333 0.71437500 0.28400000 0.71937500 0.09833333 0.72425000 0.09116667 0.73850000 0.09050000 0.79800000 0.09950000 0.80087500 0.12333333 0.76337500 0.69000000 0.75362500 0.75600000 0.75212500 0.85300000 0.74212500 0.88900000
0 0.81125000 0.90783333 0.76725000 0.90650000 0.75462500 0.89133333 0.80362500 0.15466667 0.80412500 0.10000000 0.81700000 0.08816667 0.82550000 0.08783333 0.89200000 0.09583333 0.89562500 0.10533333 0.83412500 0.88700000 0.83075000 0.90516667
0 0.90500000 0.10000000 0.97416667 0.10555556 0.89583333 0.89222222 0.83666667 0.89111111
