0 0.08525000 0.42116667 0.02950000 0.41916667 0.02512500 0.41533333 0.02087500 0.30333333 0.01662500 0.01933333 0.02150000 0.00016667 0.05675000 0.00016667 0.05775000 0.00250000 0.07750000 0.00583333 0.08437500 0.01100000 0.08912500 0.40333333 0.08837500 0.41966667
0 0.14275000 0.42616667 0.09725000 0.42483333 0.09062500 0.42033333 0.08737500 0.01400000 0.08950000 0.00016667 0.14475000 0.00016667 0.14687500 0.00600000 0.14412500 0.01966667 0.14512500 0.40066667 0.14487500 0.42133333
0 0.20550000 0.42983333 0.15025000 0.42816667 0.14637500 0.42400000 0.14587500 0.03333333 0.14687500 0.01366667 0.15000000 0.01116667 0.20025000 0.01350000 0.20812500 0.01766667 0.20937500 0.03000000 0.20762500 0.03333333 0.21012500 0.03833333 0.20737500 0.25600000 0.20787500 0.42466667
0 0.26025000 0.43316667 0.21300000 0.42983333 0.21062500 0.42766667 0.20962500 0.41866667 0.21262500 0.01300000 0.21287500 0.00933333 0.21700000 0.00416667 0.25975000 0.00916667 0.27162500 0.01366667 0.26812500 0.41933333 0.26612500 0.43133333
0 0.31125000 0.43816667 0.28000000 0.43650000 0.27150000 0.43516667 0.26862500 0.43200000 0.27262500 0.01833333 0.27312500 0.01000000 0.27875000 0.00583333 0.32650000 0.00783333 0.33100000 0.00983333 0.33212500 0.01366667 0.32887500 0.10466667 0.32462500 0.42900000 0.32250000 0.43716667
0 0.37750000 0.44183333 0.32975000 0.43883333 0.32662500 0.43566667 0.32937500 0.20366667 0.33262500 0.05066667 0.33462500 0.02933333 0.33337500 0.01366667 0.33750000 0.00916667 0.38550000 0.00950000 0.39112500 0.01366667 0.38287500 0.42000000 0.38212500 0.43966667
0 0.43450000 0.44516667 0.38850000 0.44183333 0.38487500 0.43933333 0.39387500 0.01400000 0.41225000 0.00950000 0.44750000 0.00983333 0.45312500 0.01400000 0.44762500 0.23900000 0.44087500 0.38100000 0.44262500 0.42766667 0.44087500 0.44366667
0 0.49725000 0.44850000 0.45100000 0.44650000 0.44725000 0.44483333 0.44587500 0.44066667 0.45687500 0.01700000 0.45800000 0.01350000 0.46275000 0.01150000 0.51125000 0.01350000 0.51600000 0.01616667 0.51737500 0.02000000 0.50462500 0.43500000 0.50312500 0.44700000
0 0.55825000 0.45283333 0.51350000 0.44950000 0.50850000 0.44750000 0.50812500 0.44466667 0.51987500 0.01800000 0.52450000 0.01350000 0.56900000 0.01750000 0.57937500 0.02266667 0.56362500 0.43733333 0.56237500 0.45033333
0 0.61475000 0.45650000 0.56925000 0.45350000 0.56512500 0.44733333 0.58112500 0.02566667 0.58925000 0.02116667 0.63975000 0.02483333 0.64287500 0.02666667 0.64437500 0.03500000 0.62812500 0.43633333 0.62562500 0.45200000
0 0.68400000 0.45650000 0.64200000 0.45550000 0.63100000 0.45416667 0.62887500 0.45133333 0.63712500 0.28933333 0.64612500 0.04666667 0.64812500 0.03733333 0.65300000 0.03516667 0.70175000 0.04050000 0.70762500 0.04900000 0.68987500 0.42166667 0.68762500 0.43933333 0.68887500 0.45066667 0.68750000 0.45550000
0 0.81125000 0.46016667 0.76625000 0.45716667 0.75725000 0.45516667 0.75562500 0.45200000 0.77512500 0.07500000 0.77762500 0.04200000 0.78325000 0.03650000 0.83800000 0.04050000 0.83962500 0.04466667 0.81862500 0.40333333 0.81487500 0.45433333
0 0.71911765 0.01960784 0.77450980 0.02222222 0.75000000 0.45882353 0.69852941 0.45424837
0 0.01176471 0.53660131 0.06960784 0.54052288 0.06568627 0.95686275 0.01127451 0.95555556
0 0.07254902 0.54183007 0.12941176 0.54379085 0.12500000 0.95751634 0.07009804 0.95751634
0 0.13235294 0.55816993 0.19558824 0.56013072 0.18872549 0.96274510 0.12794118 0.96078431 0.13186275 0.56470588
0 0.19950980 0.54640523 0.25882353 0.54967320 0.24656863 0.96143791 0.19264706 0.96209150
0 0.25931373 0.55228758 0.31617647 0.55424837 0.30637255 0.96535948 0.25147059 0.96601307
0 0.31862745 0.56797386 0.38137255 0.56993464 0.36911765 0.96928105 0.30784314 0.97124183
0 0.42000000 0.97216667 0.37600000 0.96916667 0.37325000 0.96850000 0.37137500 0.96300000 0.37537500 0.77366667 0.38212500 0.58566667 0.38487500 0.55733333 0.38875000 0.55883333 0.39450000 0.55516667 0.41600000 0.55783333 0.43400000 0.55483333 0.43962500 0.55633333 0.43762500 0.57466667 0.43662500 0.67566667 0.42737500 0.94100000 0.42537500 0.96766667 0.42400000 0.97083333
0 0.44215686 0.56078431 0.49803922 0.56143791 0.48284314 0.97450980 0.42990196 0.97124183
0 0.50000000 0.57450980 0.56078431 0.57581699 0.54607843 0.97843137 0.48382353 0.97385621
0 0.56127451 0.56535948 0.61764706 0.56993464 0.60000000 0.97973856 0.54607843 0.97320261
0 0.62156863 0.57058824 0.67598039 0.57254902 0.65833333 0.98235294 0.60490196 0.97908497
0 0.67941176 0.58562092 0.73823529 0.59019608 0.71862745 0.98562092 0.66911765 0.98496732 0.66176471 0.97843137
0 0.74313725 0.58823529 0.80196078 0.59150327 0.77647059 0.98562092 0.75588235 0.98823529 0.73872549 0.98823529 0.72843137 0.98627451 0.72058824 0.98300654
0 0.80735294 0.59673203 0.85980392 0.59869281 0.83529412 0.98562092 0.82352941 0.98823529 0.80735294 0.99019608 0.79313725 0.98888889 0.77794118 0.98300654
0 0.86911765 0.59215686 0.92941176 0.59542484 0.90147059 0.99346405 0.88333333 0.99607843 0.86078431 0.99477124 0.84166667 0.98954248
0 0.93284314 0.59803922 0.98480392 0.59738562 0.95637255 0.98888889 0.94460784 0.99281046 0.93039216 0.99542484 0.92450980 0.99542484 0.91372549 0.99542484 0.91225490 0.99411765
0 0.97200000 0.98283333 0.96275000 0.98150000 0.96087500 0.97866667 0.96062500 0.94933333 0.97062500 0.79633333 0.98087500 0.67733333 0.98387500 0.59566667 0.98650000 0.58916667 0.99100000 0.58916667 0.99975000 0.59066667 0.99975000 0.97666667
