0 0.16625000 0.96016667 0.15675000 0.95950000 0.14862500 0.95166667 0.13462500 0.88866667 0.03237500 0.30066667 0.02812500 0.26766667 0.03300000 0.26083333 0.11075000 0.24950000 0.12137500 0.25233333 0.17537500 0.66233333 0.21862500 0.94966667 0.21125000 0.95583333
0 0.25250000 0.96116667 0.22525000 0.95916667 0.21962500 0.94366667 0.12612500 0.28766667 0.12337500 0.25600000 0.12700000 0.25083333 0.20500000 0.24283333 0.21887500 0.24666667 0.26062500 0.65466667 0.29487500 0.95100000 0.29025000 0.95916667
0 0.31625000 0.95716667 0.30250000 0.95716667 0.29737500 0.94933333 0.22037500 0.25600000 0.22475000 0.24416667 0.30700000 0.23650000 0.31362500 0.24066667 0.31612500 0.25166667 0.34262500 0.55833333 0.34812500 0.67966667 0.37312500 0.93500000 0.36987500 0.94733333 0.36400000 0.95283333
0 0.42625000 0.94316667 0.38100000 0.94083333 0.37612500 0.92000000 0.32112500 0.28700000 0.31812500 0.24400000 0.32225000 0.23616667 0.40050000 0.23016667 0.40562500 0.23300000 0.40887500 0.24400000 0.44712500 0.92166667 0.44575000 0.93983333
0 0.49225000 0.94650000 0.45475000 0.94550000 0.45037500 0.94000000 0.41037500 0.23833333 0.41075000 0.23250000 0.41925000 0.22950000 0.49375000 0.22416667 0.50462500 0.22866667 0.52662500 0.93233333 0.52175000 0.94516667
0 0.55100000 0.93116667 0.53225000 0.93016667 0.52862500 0.91800000 0.50737500 0.23233333 0.50837500 0.22533333 0.51400000 0.22250000 0.59600000 0.21816667 0.59912500 0.22900000 0.60237500 0.92066667 0.60087500 0.92800000 0.59725000 0.92950000
0 0.63100000 0.93150000 0.61125000 0.93116667 0.60562500 0.92466667 0.60137500 0.22100000 0.61150000 0.21450000 0.68975000 0.20916667 0.69387500 0.21633333 0.69462500 0.23800000 0.68237500 0.91800000 0.67775000 0.92850000
0 0.69500000 0.92050000 0.68712500 0.91800000 0.68587500 0.89933333 0.69762500 0.28900000 0.69612500 0.21066667 0.70525000 0.20350000 0.78000000 0.20283333 0.78412500 0.20533333 0.78562500 0.21466667 0.78062500 0.37800000 0.75462500 0.90333333 0.75200000 0.90916667 0.74250000 0.91250000
0 0.79250000 0.89750000 0.76800000 0.89716667 0.75737500 0.89266667 0.77462500 0.57633333 0.78512500 0.29766667 0.78737500 0.21700000 0.78587500 0.20200000 0.77812500 0.20133333 0.79875000 0.19650000 0.86925000 0.19583333 0.87262500 0.20200000 0.87262500 0.21933333 0.85962500 0.44033333 0.82837500 0.88533333 0.82300000 0.89416667
0 0.85450000 0.89416667 0.83400000 0.89083333 0.83212500 0.87266667 0.87062500 0.32100000 0.87487500 0.22000000 0.87212500 0.19733333 0.88425000 0.18816667 0.96325000 0.18816667 0.96587500 0.20966667 0.95287500 0.37700000 0.90637500 0.87400000 0.90050000 0.88983333
0 0.92800000 0.88550000 0.91575000 0.88516667 0.91137500 0.88033333 0.91212500 0.83733333 0.91912500 0.79533333 0.92762500 0.68066667 0.93512500 0.63900000 0.93962500 0.55166667 0.95762500 0.36333333 0.96712500 0.22066667 0.97150000 0.20716667 0.99975000 0.20650000 0.99975000 0.32000000 0.99437500 0.33800000 0.99262500 0.39566667 0.97487500 0.56633333 0.97037500 0.56200000 0.97087500 0.60466667 0.95900000 0.72850000 0.95562500 0.72800000 0.95437500 0.72100000 0.95712500 0.73466667 0.95212500 0.80566667 0.94362500 0.87733333
