0 0.02757353 0.81147876 0.01623775 0.80902778 0.01240809 0.80024510 0.01271446 0.72344771 0.00382966 0.50939542 0.00229779 0.47957516 0.00015319 0.47794118 0.00015319 0.18668301 0.00490196 0.18116830 0.05729167 0.18525327 0.06020221 0.20424837 0.05836397 0.38153595 0.06541054 0.79575163 0.06035539 0.80371732
0 0.08088235 0.80902778 0.07000613 0.80310458 0.06847426 0.78349673 0.06173407 0.29901961 0.06234681 0.18954248 0.06801471 0.18361928 0.10952819 0.18995098 0.11228554 0.20424837 0.11596201 0.34191176 0.12086397 0.79534314 0.11519608 0.80412582
0 0.14093137 0.80861928 0.12837010 0.80698529 0.12362132 0.79901961 0.11657475 0.22957516 0.11351103 0.18627451 0.11550245 0.18075980 0.15962010 0.18198529 0.17064951 0.18566176 0.18030025 0.19771242 0.17968750 0.32638889 0.18581495 0.50081699 0.19041054 0.79207516 0.17861520 0.80330882
0 0.22120098 0.79922386 0.19944853 0.79595588 0.19255515 0.78676471 0.18121936 0.23529412 0.18566176 0.19669118 0.21660539 0.19138072 0.23253676 0.19709967 0.23330270 0.20506536 0.23054534 0.26143791 0.23330270 0.32679739 0.23177083 0.38684641 0.23636642 0.49714052 0.23391544 0.50571895 0.23452819 0.53799020 0.23820466 0.69689542 0.24463848 0.75898693 0.24433211 0.77736928 0.24034926 0.79125817 0.23560049 0.79595588
0 0.26501225 0.79840686 0.24846814 0.79677288 0.24586397 0.79166667 0.24617034 0.74428105 0.24188113 0.69076797 0.23697917 0.23202614 0.23851103 0.19730392 0.24417892 0.19301471 0.28431373 0.19709967 0.28691789 0.24387255 0.28538603 0.38521242 0.28875613 0.49877451 0.28936887 0.79003268 0.28462010 0.79595588
0 0.31188725 0.79881536 0.29748775 0.79677288 0.29365809 0.78839869 0.28906250 0.21446078 0.29090074 0.18954248 0.29748775 0.18729575 0.33210784 0.18974673 0.33838848 0.19648693 0.33961397 0.22058824 0.33961397 0.38562092 0.34237132 0.42320261 0.34666054 0.78227124 0.34191176 0.79513889
0 0.37990196 0.79758987 0.35386029 0.79718137 0.35003064 0.79411765 0.34880515 0.78513072 0.34206495 0.19321895 0.34466912 0.18770425 0.35263480 0.18525327 0.39414828 0.19362745 0.39935662 0.78717320 0.39368873 0.79595588
0 0.42310049 0.79718137 0.40686275 0.79554739 0.40211397 0.78717320 0.39598652 0.20465686 0.39659926 0.19240196 0.40042892 0.18566176 0.40502451 0.18443627 0.44117647 0.18566176 0.44531250 0.18954248 0.44623162 0.20016340 0.45205270 0.78186275 0.44730392 0.79595588
0 0.48529412 0.80698529 0.45955882 0.80290033 0.45419730 0.78390523 0.45021446 0.19076797 0.45297181 0.17442810 0.46262255 0.17136438 0.49540441 0.17299837 0.50505515 0.18178105 0.50291054 0.20833333 0.50352328 0.37459150 0.50750613 0.79575163 0.50183824 0.80412582
0 0.52879902 0.80126634 0.51286765 0.79922386 0.50965074 0.78799020 0.50781250 0.21691176 0.50980392 0.18075980 0.51409314 0.17708333 0.53921569 0.17626634 0.55667892 0.17912582 0.56020221 0.18954248 0.56112132 0.77941176 0.55943627 0.79636438
0 0.58149510 0.79636438 0.56924020 0.79554739 0.56449142 0.79125817 0.56326593 0.75939542 0.56265319 0.20261438 0.56387868 0.18178105 0.57322304 0.17667484 0.60416667 0.17790033 0.61335784 0.18157680 0.61473652 0.18586601 0.61197917 0.37091503 0.61381740 0.78431373 0.61259191 0.79125817 0.60723039 0.79432190
0 0.63939951 0.79963235 0.62254902 0.79595588 0.61810662 0.79044118 0.61718750 0.78063725 0.61780025 0.20016340 0.61902574 0.18504902 0.62408088 0.17381536 0.66390931 0.17340686 0.67233456 0.17851307 0.67447917 0.19689542 0.67141544 0.24673203 0.67386642 0.37622549 0.67141544 0.75531046 0.67417279 0.78513072 0.67294730 0.79289216 0.66850490 0.79677288
0 0.68719363 0.78982843 0.67968750 0.78758170 0.67815564 0.77655229 0.67509191 0.67401961 0.67938113 0.19321895 0.68198529 0.17749183 0.69914216 0.17381536 0.72518382 0.17790033 0.72901348 0.18464052 0.72227328 0.73366013 0.71890319 0.78349673 0.71292892 0.78819444
0 0.75612745 0.78941993 0.72947304 0.78860294 0.72288603 0.77982026 0.72840074 0.42401961 0.73177083 0.41830065 0.73238358 0.40441176 0.72840074 0.37091503 0.73238358 0.30433007 0.73207721 0.18995098 0.73636642 0.17810458 0.74417892 0.16932190 0.79105392 0.16605392 0.79672181 0.17034314 0.79886642 0.17851307 0.78140319 0.61274510 0.77895221 0.77573529 0.77328431 0.78778595
0 0.79963235 0.77839052 0.78170956 0.77532680 0.78048407 0.74428105 0.79273897 0.37622549 0.79733456 0.36560458 0.79825368 0.22916667 0.80223652 0.18178105 0.81066176 0.17381536 0.83792892 0.17381536 0.85753676 0.18035131 0.85830270 0.19076797 0.84390319 0.37214052 0.82245711 0.72589869 0.81694240 0.77205882 0.81403186 0.77634804
0 0.86611520 0.78288399 0.83517157 0.78002451 0.82230392 0.77185458 0.82000613 0.76511438 0.83930760 0.50980392 0.84543505 0.38480392 0.85217525 0.33537582 0.85707721 0.23570261 0.86136642 0.18545752 0.86427696 0.17749183 0.87714461 0.16564542 0.91636029 0.16605392 0.92830882 0.16973039 0.93091299 0.17973856 0.89506740 0.59681373 0.88556985 0.74346405 0.87760417 0.77982026
0 0.95220588 0.79963235 0.91145833 0.79146242 0.88511029 0.77593954 0.88434436 0.76552288 0.89261642 0.67320261 0.90088848 0.64787582 0.89537377 0.63602941 0.89598652 0.61070261 0.91865809 0.36192810 0.92264093 0.27859477 0.93489583 0.16625817 0.96629902 0.13868464 0.98743873 0.13745915 0.99969363 0.14011438 0.99969363 0.45955882 0.99770221 0.46241830 0.99280025 0.51021242 0.97503064 0.72181373 0.97043505 0.74060458 0.96767770 0.79493464
