0 0.09375000 0.92116667 0.08025000 0.91983333 0.07612500 0.91233333 0.06837500 0.85200000 0.01687500 0.19500000 0.01612500 0.16966667 0.02100000 0.16483333 0.07425000 0.16583333 0.08187500 0.17200000 0.10962500 0.62966667 0.12912500 0.88866667 0.12912500 0.90500000 0.12575000 0.91250000
0 0.14725000 0.91650000 0.13287500 0.91233333 0.12962500 0.87833333 0.08487500 0.17600000 0.09125000 0.16550000 0.13200000 0.16550000 0.14212500 0.17000000 0.17012500 0.68766667 0.17512500 0.77900000 0.18037500 0.88366667 0.17775000 0.90850000
0 0.19775000 0.91183333 0.18575000 0.90950000 0.18287500 0.90433333 0.14837500 0.28766667 0.14412500 0.17400000 0.15000000 0.16950000 0.20500000 0.17316667 0.21037500 0.18533333 0.23862500 0.89733333 0.23600000 0.90616667
0 0.24850000 0.89316667 0.24412500 0.88866667 0.24237500 0.87766667 0.23587500 0.75500000 0.21662500 0.30000000 0.21362500 0.18900000 0.21700000 0.17683333 0.26000000 0.17816667 0.26387500 0.18966667 0.26562500 0.21966667 0.28037500 0.63566667 0.28737500 0.83000000 0.28862500 0.87166667 0.28712500 0.88333333 0.28025000 0.88916667
0 0.30300000 0.90116667 0.29150000 0.89816667 0.28937500 0.88500000 0.26762500 0.22500000 0.26712500 0.17800000 0.27300000 0.17350000 0.32225000 0.17683333 0.32487500 0.18866667 0.33662500 0.88500000 0.33075000 0.89650000
0 0.35375000 0.90250000 0.34175000 0.90116667 0.33912500 0.89133333 0.32737500 0.23666667 0.32737500 0.18000000 0.33325000 0.17350000 0.38200000 0.17750000 0.38412500 0.19666667 0.39012500 0.88900000 0.38500000 0.89850000
0 0.40275000 0.90350000 0.39275000 0.90083333 0.39087500 0.89266667 0.38612500 0.18966667 0.38687500 0.17733333 0.39350000 0.17316667 0.43975000 0.17783333 0.44137500 0.19366667 0.44162500 0.88733333 0.43700000 0.89750000
0 0.45850000 0.88650000 0.44550000 0.88516667 0.44262500 0.87366667 0.44312500 0.21166667 0.44437500 0.18766667 0.45025000 0.18083333 0.48700000 0.18383333 0.49387500 0.18933333 0.48762500 0.87766667 0.48325000 0.88216667
0 0.50675000 0.88250000 0.49425000 0.88216667 0.48987500 0.87566667 0.49687500 0.18933333 0.49875000 0.18550000 0.51850000 0.18350000 0.54937500 0.18833333 0.54962500 0.25133333 0.53662500 0.86533333 0.53325000 0.87783333
0 0.55575000 0.87816667 0.54012500 0.87533333 0.53887500 0.85466667 0.55287500 0.18900000 0.56025000 0.18350000 0.58475000 0.18416667 0.60212500 0.18966667 0.60337500 0.21300000 0.59287500 0.50500000 0.58487500 0.86433333 0.57925000 0.87350000
0 0.59625000 0.87416667 0.58687500 0.86933333 0.58662500 0.85500000 0.60612500 0.18966667 0.61525000 0.18550000 0.63850000 0.18583333 0.65287500 0.18966667 0.65512500 0.22000000 0.64112500 0.53200000 0.63287500 0.85466667 0.63112500 0.86300000 0.62425000 0.86950000
0 0.65850000 0.87583333 0.64275000 0.87350000 0.63587500 0.85900000 0.64212500 0.58000000 0.65687500 0.18933333 0.66775000 0.18350000 0.70775000 0.18483333 0.71112500 0.18966667 0.70712500 0.22800000 0.69587500 0.51000000 0.68462500 0.85766667 0.67800000 0.86883333
0 0.69400000 0.86183333 0.68637500 0.85766667 0.68712500 0.80433333 0.71087500 0.19700000 0.71262500 0.19066667 0.72000000 0.18483333 0.75150000 0.18550000 0.75412500 0.19100000 0.74937500 0.31566667 0.73412500 0.60666667 0.72587500 0.84200000 0.72050000 0.85716667
0 0.74750000 0.86150000 0.72925000 0.85783333 0.72612500 0.84866667 0.75512500 0.19533333 0.75975000 0.18550000 0.80325000 0.18550000 0.80912500 0.18966667 0.80962500 0.19566667 0.77387500 0.84600000 0.77287500 0.85366667 0.76800000 0.85850000
0 0.79525000 0.86483333 0.78175000 0.86183333 0.77562500 0.84933333 0.79462500 0.54533333 0.80962500 0.21166667 0.81312500 0.18966667 0.81775000 0.18550000 0.86025000 0.18550000 0.86712500 0.19000000 0.86737500 0.23033333 0.82887500 0.84300000 0.82712500 0.85400000 0.82225000 0.86016667
0 0.84725000 0.85983333 0.83375000 0.85850000 0.83137500 0.84566667 0.86987500 0.19133333 0.87250000 0.18583333 0.88025000 0.18416667 0.91475000 0.18550000 0.92462500 0.19066667 0.87437500 0.84600000 0.86925000 0.85416667
0 0.88250000 0.84583333 0.87562500 0.84233333 0.87587500 0.83033333 0.88712500 0.71200000 0.89162500 0.62133333 0.89962500 0.53300000 0.90687500 0.41966667 0.92287500 0.20500000 0.92725000 0.18850000 0.95875000 0.18950000 0.96087500 0.20600000 0.94812500 0.39400000 0.92112500 0.71633333 0.91712500 0.83466667 0.91250000 0.84250000
