0 0.0411632268176296 0.06979812503216916 0.10956136700518566 0.08169345376043971 0.10460498003507293 0.4709350438132952 0.04165886551464084 0.46630908264119
0 0.12046541833943372 0.08698026652856002 0.18440281025388833 0.1035015564289359 0.18093333937480943 0.4722567470053254 0.11550903136932099 0.4709350438132952
0 0.18787228113296733 0.09557133727675549 0.24437509259225274 0.10482325962096592 0.24288817650121897 0.4735784501973554 0.18291589416285453 0.47291759860134036
0 0.03156102720859251 0.5950546186449328 0.09776248915041712 0.5950546186449328 0.11065126935148036 0.9832803010648363 0.04855078292817583 0.9949973739748937
0 0.10186346466893725 0.598960309614952 0.16279224380123594 0.5973980332269443 0.17275175577478483 0.9754689191247979 0.11416639122449758 0.9856237156468479
0 0.16923663390176755 0.6005225860029596 0.22547858387004335 0.5973980332269443 0.22840785209755773 0.9739066427367904 0.17626687764780208 0.9809368864828248
0 0.22782199845205484 0.598960309614952 0.2875790702933478 0.5981791714209481 0.2899224848753593 0.9785934719008132 0.22957955938856348 0.9918728211988784
0 0.2899224848753593 0.598960309614952 0.35143711765316094 0.5981791714209481 0.3479219957801437 0.9715632281547788 0.29109419216636506 0.9879671302288593
0 0.3549522395261782 0.5973980332269443 0.41178004313995686 0.5966168950329405 0.4088507749124424 0.9739066427367904 0.3508512640076581 0.9856237156468479
0 0.41353760407646545 0.5950546186449328 0.47153711498124984 0.5934923422569252 0.4674361394627297 0.9692198135727674 0.41412345772196835 0.9778123337068095
0 0.47680979779077565 0.5934923422569252 0.5230922357855027 0.589586651286906 0.5225063821399998 0.9403177003946257 0.47446638320876416 0.9660952607967521
0 0.5277790649495256 0.5927112040629212 0.5752332102352583 0.5934923422569252 0.5752332102352583 0.9410988385886295 0.5266073576585198 0.9496913587226717
0 0.5787035409225607 0.5893772984536177 0.6296475693813388 0.5893772984536177 0.6296475693813388 0.9405386518550057 0.5815871651749444 0.9488691219174474
0 0.6339730057599142 0.5893772984536177 0.677707973587733 0.5868140768959434 0.6772273695456691 0.9270817386772153 0.6363760259702339 0.9431018734126801
0 0.6839558261345643 0.5893772984536177 0.7315356262988948 0.587454882285362 0.7329774384250866 0.9341305979608198 0.6853976382607562 0.935412208739657
0 0.737783478845726 0.5887364930641992 0.7848826749679925 0.587454882285362 0.7872856951783122 0.9341305979608198 0.738744686929854 0.9379754302973314
0 0.7892081113465679 0.587454882285362 0.8199667700386603 0.5848916607276876 0.822850394291044 0.9136248254994249 0.7935335477251434 0.9302857656243083
0 0.8276564347116834 0.5868140768959434 0.8680271742450546 0.5855324661171062 0.8694689863712465 0.9097799931629132 0.831501267048195 0.9193920740041922
0 0.8761974429601418 0.5848916607276876 0.9199324107879605 0.584250855338269 0.9237772431244721 0.9129840201100062 0.8795616712545893 0.9149064362782622
0 0.9242578471665359 0.5829692445594319 0.9737600634991221 0.5836100499488505 0.9747212715832501 0.9097799931629132 0.9295444916292395 0.9123432147205878
