0 0.12725000 0.43650000 0.10375000 0.43416667 0.09887500 0.42900000 0.09537500 0.42000000 0.08012500 0.11866667 0.07737500 0.08133333 0.07437500 0.07566667 0.07262500 0.06000000 0.07025000 0.00016667 0.11237500 0.00033333 0.11412500 0.05900000 0.11787500 0.08766667 0.12437500 0.18966667 0.12912500 0.31700000 0.13612500 0.42366667 0.13512500 0.43333333
0 0.16425000 0.43950000 0.14275000 0.43683333 0.13912500 0.43166667 0.12387500 0.12300000 0.12187500 0.08766667 0.11862500 0.07666667 0.11737500 0.06100000 0.11500000 0.00016667 0.15662500 0.00033333 0.15937500 0.08800000 0.16137500 0.09166667 0.16312500 0.14366667 0.16662500 0.17733333 0.17862500 0.42233333 0.17775000 0.43716667
0 0.21150000 0.43983333 0.18900000 0.43950000 0.18187500 0.43466667 0.17337500 0.28600000 0.16737500 0.09200000 0.16437500 0.07633333 0.16175000 0.00016667 0.20287500 0.00033333 0.21812500 0.40833333 0.21787500 0.43566667
0 0.24800000 0.44116667 0.22475000 0.43850000 0.22037500 0.41266667 0.20550000 0.00016667 0.24425000 0.00016667 0.24487500 0.00500000 0.24612500 0.09600000 0.24862500 0.10366667 0.24962500 0.12066667 0.25687500 0.40300000 0.25612500 0.43566667 0.25325000 0.43983333
0 0.29275000 0.44350000 0.26375000 0.44016667 0.26012500 0.43233333 0.24750000 0.00016667 0.28575000 0.00016667 0.28712500 0.00733333 0.29762500 0.41833333 0.29712500 0.43966667
0 0.33400000 0.44483333 0.30575000 0.44416667 0.30087500 0.43966667 0.29112500 0.03100000 0.29200000 0.00016667 0.32937500 0.00033333 0.33787500 0.43833333 0.33712500 0.44333333
0 0.36975000 0.44683333 0.34175000 0.44450000 0.34012500 0.43933333 0.33200000 0.00016667 0.36975000 0.00016667 0.37062500 0.00566667 0.37662500 0.44033333 0.37575000 0.44416667
0 0.40475000 0.44816667 0.38525000 0.44750000 0.38087500 0.44366667 0.38037500 0.43866667 0.37662500 0.29933333 0.37537500 0.12866667 0.37287500 0.07300000 0.37287500 0.01066667 0.37700000 0.00750000 0.40450000 0.00916667 0.40762500 0.01733333 0.41287500 0.42066667 0.41237500 0.44533333
0 0.43650000 0.44850000 0.42100000 0.44783333 0.41862500 0.44366667 0.41437500 0.16433333 0.40987500 0.11400000 0.40937500 0.02133333 0.41225000 0.01716667 0.43475000 0.01750000 0.43975000 0.01883333 0.44162500 0.02333333 0.44162500 0.30300000 0.44412500 0.43400000 0.44362500 0.44366667
0 0.47625000 0.45283333 0.45525000 0.44916667 0.45337500 0.44133333 0.45312500 0.37100000 0.45062500 0.33966667 0.45112500 0.19966667 0.44912500 0.11933333 0.44962500 0.01633333 0.45250000 0.00950000 0.48250000 0.01216667 0.48662500 0.01700000 0.48562500 0.43633333 0.48412500 0.45100000
0 0.51800000 0.45283333 0.49175000 0.45216667 0.48762500 0.44733333 0.48762500 0.05233333 0.48812500 0.01933333 0.49000000 0.01583333 0.51375000 0.01750000 0.52150000 0.02050000 0.52262500 0.02466667 0.52212500 0.30500000 0.52062500 0.44100000 0.52012500 0.45033333
0 0.53825000 0.45516667 0.52437500 0.45133333 0.52412500 0.33900000 0.52762500 0.13733333 0.52637500 0.09166667 0.52737500 0.02533333 0.52950000 0.02016667 0.56075000 0.02283333 0.56287500 0.03300000 0.56062500 0.29966667 0.55862500 0.35566667 0.55662500 0.36533333 0.55512500 0.44800000 0.55300000 0.45383333
0 0.58000000 0.45650000 0.56300000 0.45416667 0.56062500 0.45066667 0.55912500 0.43400000 0.56512500 0.13500000 0.56387500 0.09200000 0.56612500 0.02533333 0.57025000 0.02283333 0.59850000 0.02483333 0.60187500 0.02966667 0.59412500 0.35466667 0.59062500 0.37933333 0.58762500 0.45133333 0.58600000 0.45516667
0 0.61825000 0.45916667 0.59812500 0.45500000 0.60087500 0.36600000 0.59837500 0.35800000 0.59912500 0.31366667 0.60562500 0.17066667 0.60787500 0.03266667 0.60912500 0.02566667 0.61425000 0.02383333 0.63900000 0.02683333 0.64387500 0.03166667 0.63587500 0.31700000 0.62962500 0.38066667 0.62737500 0.45533333
0 0.65825000 0.45983333 0.64000000 0.45750000 0.63462500 0.45433333 0.63337500 0.44766667 0.64162500 0.17333333 0.64412500 0.14300000 0.64537500 0.05233333 0.64687500 0.03333333 0.64875000 0.02950000 0.65350000 0.02816667 0.67775000 0.03183333 0.68137500 0.03733333 0.67912500 0.10900000 0.67612500 0.14233333 0.67212500 0.28933333 0.66612500 0.37733333 0.66337500 0.45500000
0 0.69000000 0.46050000 0.67125000 0.45950000 0.66537500 0.45166667 0.67512500 0.26366667 0.68187500 0.04033333 0.68575000 0.03416667 0.70700000 0.03683333 0.71412500 0.04133333 0.71012500 0.13000000 0.70662500 0.15166667 0.70462500 0.21733333 0.69687500 0.32533333 0.69387500 0.44733333 0.69262500 0.45900000
0 0.71675000 0.46116667 0.69700000 0.45983333 0.69437500 0.45133333 0.69912500 0.37366667 0.70012500 0.31766667 0.70762500 0.22333333 0.70812500 0.15433333 0.71012500 0.14700000 0.71287500 0.06766667 0.71462500 0.04500000 0.71800000 0.04250000 0.74100000 0.04483333 0.74387500 0.04866667 0.74412500 0.05733333 0.72612500 0.43600000 0.72362500 0.45766667
0 0.75200000 0.46050000 0.73050000 0.45916667 0.72737500 0.45533333 0.72662500 0.44666667 0.73812500 0.25800000 0.74612500 0.05200000 0.74875000 0.04516667 0.75950000 0.04483333 0.77875000 0.04883333 0.77962500 0.06133333 0.77587500 0.13266667 0.77187500 0.16833333 0.77187500 0.19166667 0.76837500 0.21566667 0.76837500 0.23800000 0.75887500 0.32633333 0.76037500 0.34933333 0.75787500 0.37966667 0.75887500 0.42533333 0.75562500 0.45533333
0 0.76525000 0.46016667 0.76187500 0.45666667 0.76062500 0.43833333 0.76462500 0.40200000 0.76587500 0.29833333 0.76712500 0.27566667 0.76887500 0.27166667 0.76762500 0.26700000 0.77037500 0.25600000 0.77237500 0.23000000 0.78037500 0.05666667 0.78250000 0.05483333 0.80225000 0.05616667 0.80612500 0.06066667 0.80412500 0.11300000 0.79962500 0.16433333 0.79287500 0.34366667 0.78637500 0.37900000 0.78387500 0.45366667 0.78225000 0.45850000
0 0.81625000 0.46483333 0.79575000 0.46083333 0.79412500 0.45466667 0.79712500 0.39466667 0.79837500 0.29433333 0.80362500 0.16900000 0.80612500 0.15933333 0.80487500 0.15233333 0.80887500 0.06100000 0.81200000 0.05583333 0.82050000 0.05416667 0.84225000 0.05583333 0.84412500 0.05700000 0.84512500 0.06333333 0.83112500 0.35800000 0.82762500 0.38100000 0.82287500 0.45766667 0.82050000 0.46316667
0 0.84750000 0.46583333 0.83400000 0.46316667 0.83112500 0.45900000 0.83037500 0.45133333 0.84737500 0.06666667 0.84975000 0.05816667 0.85800000 0.05683333 0.87700000 0.06016667 0.87912500 0.06566667 0.87412500 0.15933333 0.87212500 0.16600000 0.86987500 0.24500000 0.85862500 0.45500000 0.85550000 0.46416667
0 0.86625000 0.46383333 0.86150000 0.46316667 0.86062500 0.45800000 0.86237500 0.42400000 0.86137500 0.40200000 0.86312500 0.39733333 0.86362500 0.36000000 0.86837500 0.29966667 0.87987500 0.06600000 0.88100000 0.06316667 0.90850000 0.06416667 0.91062500 0.07000000 0.91037500 0.08500000 0.90537500 0.15266667 0.90237500 0.17000000 0.89712500 0.25300000 0.88512500 0.37900000 0.87987500 0.41633333 0.87787500 0.45233333 0.87375000 0.46150000
0 0.14025000 0.98050000 0.11900000 0.97950000 0.11487500 0.97533333 0.11212500 0.96466667 0.10962500 0.93600000 0.10987500 0.89166667 0.10612500 0.81200000 0.09962500 0.74500000 0.09737500 0.69666667 0.09437500 0.67833333 0.08912500 0.58300000 0.09162500 0.56900000 0.09600000 0.56650000 0.10875000 0.56616667 0.11325000 0.56883333 0.11925000 0.56650000 0.12712500 0.57233333 0.12487500 0.57500000 0.12412500 0.58133333 0.12787500 0.61133333 0.12837500 0.66433333 0.12987500 0.68166667 0.13212500 0.68533333 0.14862500 0.94933333 0.14862500 0.97533333 0.14675000 0.97916667
0 0.13166667 0.57888889 0.16666667 0.57666667 0.18416667 0.97777778 0.15250000 0.98444444
0 0.17166667 0.58333333 0.20833333 0.58222222 0.22333333 0.98111111 0.18666667 0.98444444
0 0.21750000 0.57555556 0.25500000 0.57555556 0.26916667 0.97555556 0.23000000 0.98111111
0 0.25583333 0.57888889 0.29416667 0.58000000 0.30833333 0.97222222 0.27083333 0.97777778
0 0.29558824 0.57647059 0.32843137 0.57450980 0.33872549 0.97124183 0.30686275 0.97385621
0 0.33284314 0.57712418 0.36421569 0.57254902 0.38333333 0.95359477 0.35049020 0.95555556
0 0.36715686 0.58039216 0.40049020 0.57712418 0.42009804 0.95555556 0.39068627 0.96274510
0 0.40490196 0.57973856 0.43676471 0.57712418 0.45490196 0.96078431 0.42450980 0.96209150
0 0.44019608 0.58366013 0.47205882 0.57647059 0.48774510 0.95555556 0.45686275 0.95620915
0 0.47450980 0.58366013 0.50735294 0.57908497 0.52009804 0.95686275 0.48921569 0.95947712
0 0.51323529 0.56209150 0.54068627 0.55751634 0.55147059 0.94444444 0.52058824 0.94313725
0 0.54313725 0.57973856 0.57303922 0.57712418 0.57941176 0.93856209 0.55245098 0.94575163
0 0.57794118 0.58366013 0.61029412 0.58104575 0.61372549 0.94575163 0.58333333 0.94771242
0 0.61225490 0.58496732 0.64411765 0.58104575 0.64411765 0.94575163 0.61568627 0.94509804
0 0.64803922 0.58823529 0.67843137 0.58300654 0.67549020 0.94509804 0.64705882 0.94509804
0 0.68284314 0.58627451 0.71421569 0.58431373 0.70931373 0.94771242 0.67843137 0.94771242
0 0.72009804 0.59084967 0.75098039 0.58758170 0.73921569 0.94444444 0.71176471 0.94705882
0 0.75343137 0.58954248 0.78480392 0.58823529 0.77058824 0.95032680 0.74264706 0.95032680
