0 0.05866667 0.92787500 0.04100000 0.92712500 0.02616667 0.92000000 0.01550000 0.81100000 0.00016667 0.57850000 0.00016667 0.18925000 0.00433333 0.18887500 0.04100000 0.18862500 0.04350000 0.19925000 0.05616667 0.89275000 0.06033333 0.89912500 0.07716667 0.90325000 0.08050000 0.91825000 0.07633333 0.92512500
0 0.11000000 0.90112500 0.06300000 0.89737500 0.05816667 0.89075000 0.04450000 0.17550000 0.04516667 0.12350000 0.05800000 0.11912500 0.11166667 0.12312500 0.12016667 0.13100000 0.11916667 0.17025000 0.11183333 0.18600000 0.11050000 0.27400000 0.13150000 0.87775000 0.12116667 0.89650000
0 0.18166667 0.93662500 0.13883333 0.93275000 0.13316667 0.87050000 0.11383333 0.18500000 0.11933333 0.17487500 0.14566667 0.17287500 0.17400000 0.17537500 0.18650000 0.18150000 0.17950000 0.19950000 0.17983333 0.34300000 0.19516667 0.92800000
0 0.23900000 0.94037500 0.20566667 0.93912500 0.19716667 0.93175000 0.19583333 0.92150000 0.18083333 0.29500000 0.18150000 0.19875000 0.18416667 0.19250000 0.19166667 0.19112500 0.24333333 0.19337500 0.25016667 0.19925000 0.25650000 0.92175000 0.25050000 0.93525000
0 0.30233333 0.94387500 0.26366667 0.93837500 0.25783333 0.92250000 0.25600000 0.19662500 0.31483333 0.19700000 0.31450000 0.89425000 0.31050000 0.93575000
0 0.36266667 0.94512500 0.32233333 0.94362500 0.31716667 0.91925000 0.31683333 0.20050000 0.31933333 0.19312500 0.33166667 0.19112500 0.37700000 0.19287500 0.38316667 0.20625000 0.37516667 0.93725000 0.37333333 0.94362500
0 0.43233333 0.95287500 0.39133333 0.95212500 0.37750000 0.94325000 0.37683333 0.82150000 0.38616667 0.20150000 0.39266667 0.19737500 0.43566667 0.19437500 0.45233333 0.19712500 0.45416667 0.20800000 0.43950000 0.92100000 0.43783333 0.94900000
0 0.48800000 0.96237500 0.44400000 0.96037500 0.44050000 0.94725000 0.45450000 0.25375000 0.45883333 0.17900000 0.51133333 0.17637500 0.52983333 0.18175000 0.53016667 0.20700000 0.50550000 0.95675000
0 0.54966667 0.96087500 0.51000000 0.95862500 0.50750000 0.94700000 0.53216667 0.18925000 0.53666667 0.18137500 0.55433333 0.18087500 0.59833333 0.18412500 0.60150000 0.19775000 0.56583333 0.95575000 0.56400000 0.95987500
0 0.61400000 0.96262500 0.57200000 0.96012500 0.56783333 0.95425000 0.60183333 0.21700000 0.60766667 0.19537500 0.65533333 0.19337500 0.66883333 0.20050000 0.65550000 0.45775000 0.62483333 0.95200000 0.62383333 0.95925000
0 0.66700000 0.96462500 0.63100000 0.96312500 0.62683333 0.94800000 0.67116667 0.20625000 0.67433333 0.19712500 0.68466667 0.19637500 0.73666667 0.19937500 0.73950000 0.21100000 0.68816667 0.94925000 0.68200000 0.96337500
0 0.72166667 0.96137500 0.70100000 0.95937500 0.69016667 0.95200000 0.69183333 0.91625000 0.74183333 0.21575000 0.74766667 0.20512500 0.77266667 0.20337500 0.81116667 0.21300000 0.75316667 0.91800000 0.74450000 0.95700000
0 0.79933333 0.96912500 0.75933333 0.96712500 0.75216667 0.94875000 0.78083333 0.66425000 0.81283333 0.21950000 0.81866667 0.20362500 0.88100000 0.20312500 0.88616667 0.20925000 0.88583333 0.23150000 0.82683333 0.87750000 0.81650000 0.96625000
0 0.86200000 0.96912500 0.82266667 0.96837500 0.81883333 0.96150000 0.85650000 0.60775000 0.88750000 0.21875000 0.89333333 0.20562500 0.95233333 0.20437500 0.93683333 0.42275000 0.88283333 0.93725000 0.87783333 0.96700000
0 0.96250000 0.20625000 0.99966667 0.20712109 0.99966667 0.78392857 0.98273810 0.93392857 0.89107143 0.93035714
