0 0.0 0.31524479453890014 0.0 0.5289166476348818 0.09048316936156929 0.9025371450484267 0.15366898877709528 0.8805594687299829 0.032791769025654255 0.3115818484858262
0 0.04103339764507069 0.3250126506804307 0.11978673778616106 0.3103608664681349 0.22051775424569525 0.8866643788184395 0.15550046180363228 0.8964322349599702
0 0.1280283664055775 0.3225706866450481 0.21227612562627882 0.30913988445044355 0.29011372925410067 0.8842224147830569 0.22509643681203773 0.903758127066118
0 0.2131918621395473 0.3042559563796782 0.30110256741332264 0.29937202830891296 0.3578782312359692 0.8732335766238349 0.2965238848469801 0.8939902709245874
0 0.311175669059276 0.31524479453890014 0.3844345901207554 0.3066979204150609 0.4247269967045691 0.8793384867122916 0.3652041233421171 0.8927692889068961
0 0.3926762187401719 0.3042559563796782 0.46776661282818827 0.29937202830891296 0.4924914986864376 0.8622447384646131 0.42930567927091157 0.8768965226769089
0 0.48333413355375265 0.3128028305035175 0.549267162509084 0.3066979204150609 0.5474356894825471 0.8561398283761564 0.4961544447395116 0.8720125946061437
0 0.567581892774454 0.3176867585742828 0.6344306582430539 0.3128028305035175 0.6161159279776841 0.8671286665353783 0.5593402641550376 0.8817804507476743
0 0.6518296519951554 0.3176867585742828 0.7223413635168292 0.31646577655659147 0.686627639499358 0.8854433968007482 0.6261890296236375 0.8939902709245874
0 0.7314987286495142 0.31402381252120887 0.7946845480650402 0.3066979204150609 0.751644931941421 0.8756755406592176 0.6976164776585799 0.8854433968007482
0 0.8230723799763634 0.3103608664681349 0.8935840914980374 0.3115818484858262 0.8368084276753908 0.903758127066118 0.7791170273394759 0.907421073119192
0 0.9018257201174538 0.3030349743619869 0.9778318507187388 0.3018139923442956 0.9118988217634072 0.9062000911015007 0.8514602118876867 0.91474696522534
