0 0.09633333 0.88387500 0.04866667 0.88162500 0.04050000 0.87375000 0.02483333 0.28000000 0.02483333 0.12325000 0.03333333 0.11762500 0.10366667 0.12187500 0.11250000 0.13025000 0.10583333 0.19700000 0.10683333 0.39750000 0.11916667 0.87025000 0.11166667 0.88112500
0 0.16700000 0.88962500 0.12700000 0.88512500 0.12283333 0.86900000 0.11550000 0.24725000 0.11683333 0.13425000 0.11783333 0.12700000 0.12900000 0.12462500 0.18933333 0.12612500 0.19883333 0.13100000 0.19216667 0.57100000 0.19550000 0.87600000 0.18966667 0.88812500
0 0.26300000 0.90062500 0.20533333 0.89712500 0.19950000 0.88500000 0.20050000 0.13350000 0.20116667 0.12675000 0.21266667 0.12362500 0.27833333 0.12637500 0.28816667 0.13075000 0.27850000 0.88950000 0.27533333 0.89737500
0 0.34666667 0.90462500 0.29166667 0.90162500 0.28483333 0.89400000 0.28983333 0.13600000 0.29266667 0.12987500 0.30266667 0.12762500 0.37733333 0.13412500 0.38150000 0.13850000 0.37616667 0.15425000 0.36350000 0.89700000
0 0.42400000 0.91137500 0.37733333 0.90887500 0.36916667 0.90200000 0.38483333 0.14750000 0.38616667 0.13500000 0.40133333 0.13187500 0.46266667 0.13437500 0.47016667 0.13900000 0.44383333 0.90475000
0 0.51033333 0.91687500 0.45500000 0.91312500 0.44783333 0.89350000 0.47283333 0.13850000 0.48633333 0.13362500 0.55066667 0.13462500 0.56216667 0.13950000 0.52916667 0.90950000
0 0.59233333 0.92512500 0.54100000 0.92137500 0.53416667 0.90850000 0.56283333 0.17550000 0.56583333 0.13900000 0.57700000 0.13437500 0.64400000 0.13787500 0.65183333 0.14250000 0.61616667 0.91975000
0 0.69033333 0.93362500 0.62733333 0.92862500 0.62116667 0.92025000 0.65450000 0.17375000 0.65683333 0.14275000 0.66833333 0.13762500 0.73866667 0.14062500 0.74583333 0.14475000 0.70383333 0.92775000
0 0.77966667 0.93987500 0.71866667 0.93587500 0.71083333 0.92850000 0.70883333 0.90850000 0.71750000 0.82675000 0.74750000 0.15750000 0.75116667 0.14425000 0.76200000 0.14087500 0.83333333 0.14212500 0.83950000 0.14625000 0.79250000 0.93575000
0 0.86966667 0.94612500 0.80700000 0.94237500 0.79683333 0.92500000 0.82583333 0.57700000 0.84550000 0.15000000 0.85100000 0.14262500 0.86233333 0.14037500 0.92333333 0.14262500 0.93966667 0.14562500 0.94183333 0.15025000 0.88383333 0.93975000
0 0.96333333 0.95262500 0.91566667 0.95137500 0.89666667 0.94737500 0.88916667 0.93950000 0.92083333 0.63200000 0.94383333 0.27200000 0.94516667 0.15450000 0.96700000 0.14587500 0.99966667 0.14850000 0.99966667 0.70550000 0.98450000 0.82150000 0.97716667 0.94425000 0.97233333 0.95162500
