0 0.31500000 0.99966667 0.25950000 0.99966667 0.25912500 0.99600000 0.26337500 0.33866667 0.26737500 0.07033333 0.26912500 0.01400000 0.27275000 0.00916667 0.31650000 0.01383333 0.32337500 0.01800000 0.32437500 0.02866667
0 0.37375000 0.99966667 0.31950000 0.99966667 0.31887500 0.99500000 0.32712500 0.01800000 0.33750000 0.00983333 0.37700000 0.01383333 0.38262500 0.02500000
0 0.43775000 0.99966667 0.37850000 0.99966667 0.37812500 0.99500000 0.38537500 0.02333333 0.38837500 0.00833333 0.39650000 0.00283333 0.44000000 0.00783333 0.44587500 0.02800000
0 0.50350000 0.99966667 0.44400000 0.99966667 0.44337500 0.99566667 0.45262500 0.02400000 0.45387500 0.00966667 0.46275000 0.00416667 0.51062500 0.01366667
0 0.57200000 0.99966667 0.51162500 0.99800000 0.51887500 0.02166667 0.52200000 0.00583333 0.53550000 0.00016667 0.57250000 0.00883333 0.57512500 0.01766667
0 0.63525000 0.99966667 0.57850000 0.99966667 0.57762500 0.99466667 0.57912500 0.02100000 0.58700000 0.01316667 0.63100000 0.01916667 0.63587500 0.03633333
0 0.68200000 0.99966667 0.63850000 0.99966667 0.63712500 0.98000000 0.63737500 0.04466667 0.63925000 0.03683333 0.64600000 0.03516667 0.68225000 0.04016667 0.68637500 0.05433333
0 0.73800000 0.99966667 0.68737500 0.99700000 0.68812500 0.06833333 0.68950000 0.05683333 0.70050000 0.05350000 0.72925000 0.05683333 0.74137500 0.06766667
0 0.78875000 0.99966667 0.74225000 0.99966667 0.74187500 0.99500000 0.74337500 0.09133333 0.74412500 0.07300000 0.74800000 0.06816667 0.78725000 0.07550000 0.78962500 0.08733333
0 0.82000000 0.99966667 0.79025000 0.99966667 0.78937500 0.97933333 0.79037500 0.82633333 0.79037500 0.57466667 0.79112500 0.12033333 0.79450000 0.10083333 0.81250000 0.10383333 0.81637500 0.11733333
0 0.84250000 0.08222222 0.88333333 0.08555556 0.89166667 0.98888889 0.85500000 0.99000000
0 0.94000000 0.07333333 0.98666667 0.07222222 0.99833333 0.42777778 0.99833333 0.99222222 0.96416667 0.98888889
0 0.88916667 0.09333333 0.92416667 0.09777778 0.94500000 0.99222222 0.90583333 0.99222222
