0 0.07750000 0.78083333 0.06075000 0.77616667 0.05737500 0.76233333 0.02787500 0.46266667 0.00362500 0.24400000 0.00012500 0.23366667 0.00025000 0.07850000 0.07675000 0.08216667 0.08450000 0.08483333 0.08887500 0.09166667 0.11237500 0.42800000 0.13912500 0.74466667 0.13262500 0.77133333 0.12600000 0.77716667
0 0.15900000 0.77850000 0.14637500 0.77633333 0.14187500 0.75000000 0.12637500 0.55400000 0.09362500 0.09966667 0.09600000 0.08650000 0.10575000 0.08383333 0.18425000 0.08783333 0.18962500 0.10900000 0.19137500 0.19366667 0.22262500 0.76466667 0.22100000 0.77216667 0.21300000 0.77416667
0 0.23450000 0.78016667 0.22637500 0.77266667 0.22437500 0.75300000 0.19087500 0.09266667 0.19525000 0.08650000 0.26475000 0.08783333 0.28350000 0.09016667 0.28587500 0.09500000 0.30487500 0.76400000 0.30275000 0.77116667 0.29150000 0.77450000
0 0.32475000 0.78383333 0.31425000 0.78350000 0.31012500 0.77866667 0.30637500 0.71733333 0.28962500 0.14066667 0.28987500 0.09333333 0.29750000 0.08716667 0.37775000 0.09316667 0.38212500 0.09566667 0.38262500 0.10300000 0.38787500 0.76766667 0.38100000 0.77550000
0 0.39800000 0.77550000 0.39062500 0.77166667 0.39012500 0.75400000 0.38587500 0.09900000 0.38975000 0.09383333 0.45925000 0.09583333 0.46737500 0.10200000 0.46887500 0.11066667 0.46162500 0.76366667 0.45650000 0.77183333
0 0.49100000 0.77416667 0.46925000 0.77316667 0.46487500 0.76500000 0.47262500 0.10000000 0.47800000 0.09516667 0.55250000 0.09950000 0.56225000 0.10316667 0.56312500 0.11200000 0.53837500 0.76366667 0.53325000 0.76883333
0 0.56650000 0.77016667 0.54525000 0.76750000 0.54312500 0.74000000 0.56712500 0.11166667 0.57125000 0.10350000 0.58000000 0.09983333 0.64525000 0.10350000 0.65187500 0.11133333 0.65062500 0.16033333 0.61762500 0.76266667 0.60775000 0.76783333
0 0.63825000 0.76583333 0.62325000 0.76583333 0.62137500 0.75533333 0.65562500 0.11166667 0.65825000 0.10350000 0.66325000 0.10283333 0.72625000 0.10716667 0.73037500 0.11133333 0.72637500 0.19166667 0.70387500 0.47433333 0.68662500 0.74500000 0.68150000 0.75850000
0 0.75650000 0.77283333 0.70400000 0.77183333 0.69350000 0.76816667 0.68812500 0.75600000 0.68887500 0.72366667 0.72012500 0.29566667 0.73587500 0.15066667 0.73312500 0.13966667 0.73562500 0.11133333 0.74200000 0.10350000 0.79525000 0.10350000 0.81500000 0.10816667 0.81887500 0.11633333 0.81937500 0.12933333 0.76537500 0.76566667 0.76275000 0.77150000
0 0.78375000 0.76583333 0.76875000 0.76383333 0.76712500 0.75233333 0.79362500 0.48266667 0.82387500 0.11166667 0.82925000 0.10350000 0.89075000 0.11050000 0.89387500 0.12200000 0.88937500 0.17400000 0.82837500 0.75766667 0.81450000 0.76383333
0 0.89650000 0.76450000 0.83775000 0.76016667 0.83187500 0.75633333 0.83137500 0.74900000 0.88337500 0.25000000 0.90037500 0.11033333 0.91475000 0.10416667 0.97075000 0.10950000 0.97562500 0.12833333 0.96812500 0.22233333 0.90412500 0.74833333 0.90112500 0.76000000
0 0.92400000 0.76283333 0.91200000 0.76250000 0.90737500 0.75866667 0.91137500 0.70500000 0.98162500 0.13200000 0.98562500 0.11066667 0.99975000 0.10583333 0.99975000 0.54333333 0.99237500 0.57966667 0.96837500 0.75533333 0.96225000 0.76016667
