0 0.13500000 0.80337500 0.12316667 0.79950000 0.11850000 0.78775000 0.11716667 0.75175000 0.07050000 0.47450000 0.00016667 0.10100000 0.00016667 0.05800000 0.01300000 0.05412500 0.05266667 0.05437500 0.06450000 0.06050000 0.08316667 0.22575000 0.17850000 0.79100000 0.16633333 0.80137500
0 0.20133333 0.79862500 0.18066667 0.79587500 0.17750000 0.78725000 0.16316667 0.67325000 0.11316667 0.39300000 0.06816667 0.08425000 0.06716667 0.06475000 0.08300000 0.06062500 0.12300000 0.06187500 0.13183333 0.07100000 0.23450000 0.78175000 0.23233333 0.79612500
0 0.27000000 0.79612500 0.24066667 0.79537500 0.23550000 0.78425000 0.16450000 0.31200000 0.13250000 0.07300000 0.13866667 0.06712500 0.18566667 0.06837500 0.19350000 0.07625000 0.28816667 0.77525000 0.28716667 0.79175000
0 0.30700000 0.79362500 0.29050000 0.78900000 0.28316667 0.74875000 0.19616667 0.09975000 0.19483333 0.07675000 0.20100000 0.07112500 0.25233333 0.07162500 0.25816667 0.09550000 0.34350000 0.78000000 0.34000000 0.79162500
0 0.36266667 0.79562500 0.35000000 0.79487500 0.34416667 0.78525000 0.25583333 0.07650000 0.26333333 0.07187500 0.30566667 0.07237500 0.31516667 0.07550000 0.31750000 0.08225000 0.39750000 0.78175000 0.39200000 0.79112500
0 0.42033333 0.79062500 0.40400000 0.78987500 0.39816667 0.78550000 0.32016667 0.10050000 0.32200000 0.07862500 0.37816667 0.08000000 0.45216667 0.77750000 0.44900000 0.78812500
0 0.48033333 0.79487500 0.45966667 0.79187500 0.45416667 0.78150000 0.38216667 0.11525000 0.38016667 0.08350000 0.39300000 0.07737500 0.43566667 0.07787500 0.44183333 0.08650000 0.50783333 0.77800000 0.50500000 0.79137500
0 0.52566667 0.79237500 0.51433333 0.79112500 0.50850000 0.78100000 0.44250000 0.08475000 0.45033333 0.07962500 0.49066667 0.08037500 0.50016667 0.09450000 0.56283333 0.78275000 0.55800000 0.79012500
0 0.59233333 0.78962500 0.56866667 0.78937500 0.56350000 0.77775000 0.50016667 0.09300000 0.50566667 0.08587500 0.54833333 0.08587500 0.55516667 0.09400000 0.61550000 0.78075000 0.61166667 0.78812500
0 0.62500000 0.78537500 0.61683333 0.78100000 0.61116667 0.74150000 0.60716667 0.64950000 0.55716667 0.10025000 0.55716667 0.09200000 0.56300000 0.09037500 0.60366667 0.09062500 0.61016667 0.09825000 0.66250000 0.77525000 0.65800000 0.78362500
0 0.67733333 0.78362500 0.66450000 0.77950000 0.66150000 0.75300000 0.61150000 0.10025000 0.61433333 0.09462500 0.63033333 0.09287500 0.66166667 0.09387500 0.66650000 0.09950000 0.68216667 0.29475000 0.71416667 0.77600000 0.70900000 0.78212500
0 0.74933333 0.78337500 0.71750000 0.77950000 0.71216667 0.74050000 0.66916667 0.10075000 0.67866667 0.09512500 0.71766667 0.09512500 0.72216667 0.09975000 0.76516667 0.76750000 0.76450000 0.77950000
0 0.81133333 0.78487500 0.77566667 0.78487500 0.76716667 0.77075000 0.72516667 0.09975000 0.74000000 0.09412500 0.77966667 0.09437500 0.78383333 0.09975000 0.82550000 0.76725000 0.82416667 0.78250000
0 0.85766667 0.78462500 0.83000000 0.78387500 0.82616667 0.77625000 0.81150000 0.44700000 0.78550000 0.10375000 0.79500000 0.09487500 0.83433333 0.09562500 0.84283333 0.11250000 0.87516667 0.76725000 0.87416667 0.77950000
0 0.89466667 0.78112500 0.88050000 0.77950000 0.87650000 0.76400000 0.87350000 0.61625000 0.84316667 0.10825000 0.84900000 0.10162500 0.88500000 0.10337500 0.89083333 0.13050000 0.92250000 0.70050000 0.91716667 0.77450000 0.91166667 0.77912500
0 0.95133333 0.75862500 0.93566667 0.75687500 0.93050000 0.74825000 0.91250000 0.31425000 0.89650000 0.16475000 0.89783333 0.13100000 0.91900000 0.12462500 0.94366667 0.12637500 0.94750000 0.13075000 0.95250000 0.18200000 0.97283333 0.75225000 0.97000000 0.75637500
