0 0.0 0.12420126439801182 0.0 0.20478607756563916 0.0933564866785167 0.7810895899159439 0.17210982681960704 0.7810895899159439 0.0933564866785167 0.12542224641570313
0 0.09885090575812766 0.11809635430955519 0.17668850938594952 0.7871945000044005 0.26002053209338233 0.7786476258805612 0.20873928735034675 0.12664322843339446
0 0.2151494429432262 0.12664322843339446 0.2636834781464563 0.7762056618451786 0.34518402782735214 0.7713217337744133 0.31496472288949184 0.14007403062799903
0 0.3195434054558344 0.1290851924687771 0.4129485298092206 0.13641108457492504 0.42485310448171104 0.766437805703648 0.3506784469069631 0.770100751756722
0 0.42210589494190554 0.14251599466338166 0.5127638097554863 0.14617894071645562 0.5036064446228014 0.7615538776328827 0.43217899658785897 0.766437805703648
0 0.5164267558085602 0.13641108457492504 0.6134948262150205 0.143736976681073 0.5860227308169657 0.762774859650574 0.5127638097554863 0.7676587877213393
0 0.6235679278609739 0.13030617448646845 0.7078156870816752 0.1351901025572337 0.6620288614182506 0.7639958416682654 0.5906014133833082 0.766437805703648
0 0.7252146808337766 0.12420126439801182 0.8167883321606259 0.13152715650415975 0.7471923571522203 0.7676587877213393 0.6785121186570835 0.7713217337744133
0 0.8241142242667737 0.13763206659261637 0.7517710397185629 0.7615538776328827 0.8177040686738943 0.7505650394736608 0.9001203548680587 0.14617894071645562
0 0.9037833009211326 0.14495795869876432 0.9816209045489547 0.14984188676952961 0.8781426785496148 0.7420181653498216 0.8204512782136998 0.7444601293852041
