0 0.10466667 0.86587500 0.07666667 0.86337500 0.07350000 0.84975000 0.05250000 0.26325000 0.05216667 0.18925000 0.06033333 0.17987500 0.09566667 0.18062500 0.10016667 0.18500000 0.11616667 0.85675000 0.11483333 0.86200000
0 0.13733333 0.86587500 0.12300000 0.86587500 0.11716667 0.86125000 0.10683333 0.33875000 0.10616667 0.19275000 0.11100000 0.18462500 0.14700000 0.18537500 0.15583333 0.18950000 0.16083333 0.85975000 0.15766667 0.86362500
0 0.19066667 0.86437500 0.16600000 0.86362500 0.16250000 0.85150000 0.15616667 0.44150000 0.15683333 0.20325000 0.16233333 0.18862500 0.20133333 0.19237500 0.20750000 0.19750000 0.20383333 0.85850000 0.20133333 0.86337500
0 0.23666667 0.86637500 0.21200000 0.86612500 0.20550000 0.86200000 0.20350000 0.82825000 0.20816667 0.20900000 0.21633333 0.19737500 0.24033333 0.19662500 0.25316667 0.19750000 0.25816667 0.21025000 0.24550000 0.85825000 0.24416667 0.86375000
0 0.27633333 0.86712500 0.24800000 0.86662500 0.24616667 0.85625000 0.25816667 0.21650000 0.26216667 0.19900000 0.28033333 0.19537500 0.30333333 0.19662500 0.30683333 0.20525000 0.28483333 0.86150000 0.28333333 0.86612500
0 0.31300000 0.86937500 0.28733333 0.86762500 0.28583333 0.85875000 0.30583333 0.23000000 0.30783333 0.20050000 0.31066667 0.19662500 0.32066667 0.19662500 0.35000000 0.19862500 0.35516667 0.21100000 0.32816667 0.86325000
0 0.34600000 0.86412500 0.33033333 0.86262500 0.32850000 0.85575000 0.35550000 0.20525000 0.36533333 0.20112500 0.40083333 0.20700000 0.40116667 0.23925000 0.36683333 0.85850000 0.36500000 0.86262500
0 0.39333333 0.86812500 0.36933333 0.86637500 0.36816667 0.85350000 0.40283333 0.21275000 0.40500000 0.20787500 0.41633333 0.20537500 0.44750000 0.21200000 0.44783333 0.23475000 0.40983333 0.85700000 0.40700000 0.86687500
0 0.44400000 0.87162500 0.41600000 0.86912500 0.41050000 0.85650000 0.44983333 0.21525000 0.45233333 0.20887500 0.48333333 0.20737500 0.49516667 0.20925000 0.49683333 0.22375000 0.45583333 0.82525000 0.45250000 0.86550000
0 0.47500000 0.87012500 0.45533333 0.86937500 0.45350000 0.85500000 0.49716667 0.22000000 0.50033333 0.21287500 0.50900000 0.21237500 0.53850000 0.21725000 0.53983333 0.23575000 0.49083333 0.85925000 0.48633333 0.86887500
0 0.52533333 0.86637500 0.49466667 0.86462500 0.49216667 0.84875000 0.54216667 0.21950000 0.54533333 0.21187500 0.56000000 0.21087500 0.58700000 0.21287500 0.59050000 0.22150000 0.53816667 0.81100000 0.53216667 0.86125000
0 0.55733333 0.87037500 0.53733333 0.86987500 0.53283333 0.86350000 0.59116667 0.22400000 0.59433333 0.21812500 0.60133333 0.21762500 0.63133333 0.21987500 0.63416667 0.22900000 0.57716667 0.83450000 0.57316667 0.86575000
0 0.59633333 0.86987500 0.57666667 0.86937500 0.57383333 0.86450000 0.59883333 0.59400000 0.63583333 0.22875000 0.63900000 0.22037500 0.66000000 0.22012500 0.68083333 0.22475000 0.67950000 0.25275000 0.61916667 0.81875000 0.61283333 0.86550000
0 0.63166667 0.86737500 0.61483333 0.86575000 0.61416667 0.85325000 0.62150000 0.82000000 0.68116667 0.24000000 0.68566667 0.22412500 0.70566667 0.22412500 0.72616667 0.22875000 0.71750000 0.31550000 0.65216667 0.86025000 0.64700000 0.86637500
0 0.67833333 0.86587500 0.65500000 0.86337500 0.65316667 0.85500000 0.68816667 0.54850000 0.72616667 0.23575000 0.73133333 0.22837500 0.75533333 0.22837500 0.76850000 0.23175000 0.76416667 0.28500000 0.68716667 0.85950000
0 0.70166667 0.86387500 0.68933333 0.86262500 0.68716667 0.85700000 0.76583333 0.26400000 0.77083333 0.23450000 0.78766667 0.23337500 0.80816667 0.23650000 0.79550000 0.34425000 0.73216667 0.80725000 0.72150000 0.86150000
0 0.74133333 0.86712500 0.72800000 0.86587500 0.72383333 0.85675000 0.80950000 0.24400000 0.81183333 0.23675000 0.81866667 0.23412500 0.85033333 0.23512500 0.85483333 0.23650000 0.85516667 0.24425000 0.83116667 0.43425000 0.76483333 0.84875000 0.75850000 0.86500000
0 0.77966667 0.86037500 0.76666667 0.85987500 0.76383333 0.85450000 0.78916667 0.72175000 0.82216667 0.48275000 0.83050000 0.45350000 0.85583333 0.24350000 0.86000000 0.23912500 0.87400000 0.23962500 0.88916667 0.24450000 0.89050000 0.25350000 0.87383333 0.37600000 0.79483333 0.85725000
0 0.81533333 0.86362500 0.79883333 0.86050000 0.79750000 0.84425000 0.82450000 0.70150000 0.89183333 0.25225000 0.89700000 0.24012500 0.91800000 0.23987500 0.92800000 0.24212500 0.93216667 0.24850000 0.92883333 0.30025000 0.87083333 0.66450000 0.83816667 0.85775000 0.83400000 0.86212500
0 0.87333333 0.85537500 0.84833333 0.85112500 0.84216667 0.84600000 0.84250000 0.83725000 0.92683333 0.31775000 0.93116667 0.24400000 0.91650000 0.23250000 0.92100000 0.22837500 0.94166667 0.22562500 0.96816667 0.22875000 0.96850000 0.24725000 0.89716667 0.80350000 0.88883333 0.84500000 0.88466667 0.85137500
0 0.90033333 0.86012500 0.88283333 0.85750000 0.88983333 0.84600000 0.89750000 0.81050000 0.92116667 0.65475000 0.96816667 0.26100000 0.97100000 0.25112500 0.99966667 0.24987500 0.99966667 0.36525000 0.99316667 0.38475000 0.91350000 0.84150000 0.90850000 0.85850000
