0 0.04500000 0.70783333 0.02200000 0.70583333 0.01737500 0.69633333 0.00412500 0.20566667 0.00512500 0.18566667 0.00975000 0.18383333 0.03775000 0.18650000 0.04187500 0.18966667 0.04012500 0.27300000 0.04812500 0.70066667
0 0.08150000 0.71750000 0.05550000 0.71350000 0.04962500 0.70566667 0.04087500 0.20133333 0.04475000 0.18850000 0.07900000 0.19150000 0.08237500 0.19666667 0.08212500 0.45966667 0.08562500 0.70300000 0.08537500 0.71366667
0 0.11800000 0.72250000 0.09150000 0.71950000 0.08725000 0.71716667 0.08662500 0.71300000 0.08337500 0.20633333 0.08412500 0.19700000 0.08800000 0.19483333 0.12287500 0.19766667 0.12162500 0.69766667 0.12137500 0.71833333
0 0.15175000 0.72950000 0.12650000 0.72616667 0.12212500 0.72066667 0.12287500 0.25466667 0.12412500 0.20533333 0.12700000 0.19850000 0.15850000 0.19983333 0.16237500 0.20433333 0.15537500 0.72400000
0 0.18950000 0.73750000 0.16225000 0.73450000 0.15612500 0.72900000 0.16437500 0.20900000 0.16587500 0.20266667 0.16950000 0.20083333 0.20075000 0.20283333 0.20512500 0.20900000 0.19262500 0.73066667
0 0.22475000 0.74383333 0.19750000 0.74016667 0.19387500 0.73600000 0.19362500 0.72800000 0.20712500 0.22033333 0.21125000 0.20916667 0.22100000 0.21050000 0.23250000 0.20650000 0.24500000 0.20883333 0.24662500 0.22266667 0.23312500 0.70533333 0.23112500 0.74066667
0 0.26550000 0.74850000 0.23625000 0.74383333 0.23362500 0.74066667 0.23337500 0.73333333 0.24662500 0.35900000 0.24762500 0.26000000 0.24962500 0.21300000 0.25350000 0.21016667 0.28725000 0.21250000 0.29137500 0.21700000 0.27237500 0.71733333 0.27037500 0.74400000
0 0.30375000 0.75183333 0.27550000 0.74850000 0.27362500 0.74166667 0.29312500 0.23333333 0.29412500 0.21700000 0.29875000 0.21516667 0.33025000 0.21850000 0.33337500 0.22600000 0.31687500 0.62766667 0.31487500 0.73733333 0.31175000 0.74850000
0 0.36150000 0.75750000 0.33025000 0.75583333 0.32762500 0.74866667 0.33212500 0.59066667 0.33687500 0.23500000 0.33737500 0.22466667 0.34150000 0.21950000 0.37650000 0.22316667 0.37937500 0.22800000 0.36712500 0.75233333
0 0.40125000 0.76150000 0.37300000 0.76016667 0.36812500 0.75600000 0.38087500 0.25233333 0.38212500 0.22866667 0.38500000 0.22583333 0.41800000 0.22783333 0.42012500 0.22866667 0.42112500 0.23600000 0.40712500 0.64233333 0.40562500 0.74866667 0.40462500 0.75800000
0 0.44000000 0.76916667 0.41225000 0.76783333 0.40637500 0.76366667 0.42262500 0.23800000 0.42387500 0.23066667 0.42725000 0.22783333 0.45925000 0.23083333 0.46212500 0.23500000 0.44412500 0.76100000
0 0.47750000 0.77350000 0.44975000 0.77216667 0.44537500 0.76766667 0.46537500 0.23666667 0.46950000 0.23183333 0.50225000 0.23450000 0.50600000 0.23616667 0.50687500 0.24033333 0.48412500 0.76600000 0.48275000 0.77183333
0 0.51750000 0.77250000 0.49000000 0.77150000 0.48612500 0.76900000 0.48512500 0.76400000 0.51012500 0.24300000 0.51350000 0.23816667 0.54800000 0.24316667 0.55012500 0.24766667 0.52312500 0.74700000 0.52162500 0.76766667
0 0.55375000 0.77316667 0.52500000 0.77216667 0.52287500 0.76233333 0.53062500 0.65533333 0.54612500 0.37366667 0.55162500 0.25233333 0.55325000 0.24716667 0.56150000 0.24516667 0.58775000 0.24816667 0.59037500 0.25700000 0.56312500 0.66000000 0.55787500 0.76833333
0 0.59250000 0.77716667 0.56450000 0.77550000 0.55987500 0.77166667 0.55962500 0.75966667 0.59312500 0.25233333 0.60050000 0.24916667 0.62500000 0.25216667 0.63237500 0.25733333 0.59662500 0.76966667 0.59562500 0.77533333
0 0.62775000 0.78050000 0.59950000 0.77750000 0.59762500 0.76900000 0.63337500 0.25900000 0.63425000 0.25583333 0.63950000 0.25450000 0.67000000 0.25916667 0.67137500 0.26833333 0.63587500 0.74066667 0.63237500 0.77666667
0 0.66650000 0.78483333 0.63600000 0.78183333 0.63337500 0.77700000 0.67287500 0.26466667 0.67475000 0.25950000 0.69100000 0.25916667 0.71262500 0.26400000 0.67112500 0.77933333
0 0.70550000 0.78883333 0.67425000 0.78483333 0.67187500 0.77700000 0.71187500 0.28266667 0.71537500 0.26400000 0.72525000 0.26283333 0.74850000 0.26583333 0.75262500 0.26933333 0.71012500 0.76133333
0 0.74350000 0.79283333 0.71150000 0.78883333 0.70887500 0.78666667 0.70862500 0.77866667 0.75087500 0.29166667 0.75462500 0.26800000 0.76875000 0.26750000 0.79100000 0.27050000 0.79312500 0.27633333 0.74612500 0.78866667
0 0.77950000 0.79850000 0.74800000 0.79316667 0.74637500 0.78466667 0.76162500 0.63700000 0.79362500 0.27533333 0.79825000 0.27050000 0.83025000 0.27316667 0.83312500 0.27733333 0.83187500 0.29933333 0.80762500 0.56500000 0.78387500 0.78900000
0 0.82025000 0.80083333 0.79025000 0.79683333 0.78487500 0.79100000 0.82312500 0.41566667 0.83362500 0.27833333 0.83800000 0.27250000 0.87300000 0.27483333 0.87537500 0.27966667 0.87287500 0.31100000 0.83962500 0.65533333 0.82462500 0.79500000 0.82387500 0.79900000
0 0.86175000 0.80716667 0.82825000 0.80150000 0.82587500 0.79400000 0.82862500 0.76300000 0.83962500 0.67000000 0.87587500 0.28366667 0.88050000 0.27516667 0.91275000 0.27783333 0.91712500 0.27966667 0.91737500 0.28566667 0.90562500 0.41166667 0.87412500 0.72466667 0.86562500 0.79500000
0 0.90375000 0.81550000 0.87225000 0.81083333 0.86662500 0.80666667 0.86637500 0.79866667 0.88962500 0.59266667 0.91912500 0.28333333 0.92375000 0.27850000 0.95050000 0.27950000 0.96187500 0.28333333 0.96037500 0.30966667 0.94587500 0.43166667 0.92112500 0.69233333 0.90737500 0.81100000
0 0.97826087 0.27681159 0.99782609 0.27898551 0.99891304 0.46884058 0.96168831 0.83593074 0.92012987 0.82813853
