0 0.04318182 0.05151515 0.08106061 0.05454545 0.06818182 0.87474747 0.03863636 0.88181818
0 0.08409091 0.05151515 0.11363636 0.05151515 0.09848485 0.88080808 0.07272727 0.87575758
0 0.12045455 0.04444444 0.15378788 0.05252525 0.13181818 0.88686869 0.10000000 0.88585859
0 0.18787879 0.04343434 0.21666667 0.05151515 0.18257576 0.89898990 0.15530303 0.89292929
0 0.21818182 0.03636364 0.25227273 0.04242424 0.20984848 0.91010101 0.18106061 0.90808081
0 0.25378788 0.03030303 0.29015152 0.03636364 0.24621212 0.91818182 0.22424242 0.92222222 0.20984848 0.91313131
0 0.29318182 0.03535354 0.32954545 0.03939394 0.28030303 0.92323232 0.24848485 0.92020202
0 0.34090909 0.03535354 0.37196970 0.03939394 0.31439394 0.92525253 0.28333333 0.92222222
0 0.37727273 0.04242424 0.40984848 0.04444444 0.34469697 0.92626263 0.31742424 0.92121212
0 0.41515152 0.03333333 0.45151515 0.04040404 0.38181818 0.93030303 0.34621212 0.92828283
0 0.46060606 0.04141414 0.49545455 0.04343434 0.41590909 0.93030303 0.38636364 0.92727273
0 0.50000000 0.03737374 0.53939394 0.04040404 0.45454545 0.92828283 0.41893939 0.92828283
0 0.54469697 0.04242424 0.57803030 0.04848485 0.48787879 0.93434343 0.45681818 0.93333333
0 0.58181818 0.04545455 0.61893939 0.04848485 0.52348485 0.93131313 0.49318182 0.93030303
0 0.62121212 0.03939394 0.65530303 0.04545455 0.55833333 0.91818182 0.52803030 0.92121212
0 0.66060606 0.04141414 0.69469697 0.04646465 0.59393939 0.92525253 0.56363636 0.92626263
0 0.69848485 0.05252525 0.73030303 0.05757576 0.62348485 0.91515152 0.59772727 0.91313131
0 0.73560606 0.04747475 0.77121212 0.05151515 0.66060606 0.91616162 0.62500000 0.91818182
0 0.77954545 0.04747475 0.81439394 0.05252525 0.69696970 0.92020202 0.66515152 0.92323232
0 0.81818182 0.04747475 0.85151515 0.05151515 0.73409091 0.92727273 0.69848485 0.92929293
0 0.85606061 0.04747475 0.89090909 0.05050505 0.77045455 0.92626263 0.74166667 0.92626263
0 0.89848485 0.05555556 0.92803030 0.05959596 0.80833333 0.92121212 0.77651515 0.92424242
0 0.93333333 0.05252525 0.96515152 0.05454545 0.85075758 0.92727273 0.81439394 0.92525253
0 0.97954545 0.05454545 0.99848485 0.05454545 0.99696970 0.13636364 0.96439394 0.40909091 0.88560606 0.92626263 0.85757576 0.92828283
