0 0.0003688930624126699 0.10782693389989038 0.0 0.24387710182805866 0.08102720690554101 0.9176493620437493 0.14516514321453464 0.9072836349635078 0.06353504245763365 0.10912264978492056
0 0.06742219011272418 0.11819266098013177 0.14030620864567145 0.11430551332504124 0.2112466533510735 0.9098750667335682 0.14905229086962515 0.9072836349635078
0 0.1480805039558525 0.11819266098013177 0.22193630940257245 0.11430551332504124 0.27635637657383977 0.9098750667335682 0.21610558791993664 0.9176493620437493
0 0.23262596545407138 0.12207980863522229 0.30356641015947344 0.11948837686516194 0.34340967362415126 0.9059879190784775 0.2821870980564755 0.9072836349635078
0 0.30648177090079126 0.12337552452025247 0.3774222156061933 0.12078409275019211 0.40949118376069016 0.9059879190784775 0.3472968212792418 0.9085793508485379
0 0.38422472400260177 0.1311498198304335 0.4483626603115954 0.12726267217534298 0.4707137593283659 0.8995093396533268 0.4192090528984165 0.9008050555383569
0 0.45808052944932165 0.13374125160049385 0.5261056134134058 0.1311498198304335 0.5251338264996331 0.8969179078832664 0.4736291200696838 0.894326476113206
0 0.5358234825511321 0.13892411514061453 0.5980178450325805 0.14021983102564473 0.5882999758948542 0.878777885492844 0.5329081218098143 0.8774821696078138
0 0.6009332057738984 0.14799412633582576 0.6592404206002562 0.14540269456576543 0.6407764692385761 0.8541592836772707 0.5921871235499446 0.8554549995623009
0 0.6650711420828921 0.14799412633582576 0.728237291478113 0.1505855581058861 0.701999044806252 0.8735950219527232 0.6436918299798942 0.8658207266425422
0 0.7467012428397929 0.13892411514061453 0.817641687545195 0.13762839925558437 0.7690523418565635 0.8969179078832664 0.7165758485128414 0.894326476113206
0 0.8273595566829213 0.13892411514061453 0.8944128537332329 0.14021983102564473 0.8322184912517845 0.9021007714233871 0.7739112764254267 0.9008050555383569
0 0.9187075265775486 0.1363326833705542 0.9886761843691779 0.14021983102564473 0.9051025097847317 0.9202407938138096 0.8458235080446013 0.9202407938138096
