0 0.03000000 0.71416667 0.02462500 0.71000000 0.02362500 0.66433333 0.02487500 0.21600000 0.02537500 0.20900000 0.02925000 0.20516667 0.04750000 0.20516667 0.07750000 0.20883333 0.08312500 0.21300000 0.07937500 0.31233333 0.07662500 0.70300000 0.07612500 0.70933333 0.07275000 0.71216667
0 0.10875000 0.71616667 0.08350000 0.71583333 0.07937500 0.70933333 0.08262500 0.28500000 0.08462500 0.21933333 0.08750000 0.21183333 0.13775000 0.21483333 0.14162500 0.22033333 0.13862500 0.25833333 0.13262500 0.71000000 0.12725000 0.71583333
0 0.17450000 0.71816667 0.13850000 0.71783333 0.13437500 0.71233333 0.14162500 0.31366667 0.14412500 0.22533333 0.14625000 0.21683333 0.18750000 0.22083333 0.19937500 0.22500000 0.19512500 0.29300000 0.19512500 0.40866667 0.18787500 0.70300000 0.18550000 0.71683333
0 0.23550000 0.71850000 0.19325000 0.71816667 0.19062500 0.71033333 0.20037500 0.25500000 0.20212500 0.22866667 0.20525000 0.22350000 0.25200000 0.22850000 0.25537500 0.23400000 0.25187500 0.28333333 0.25112500 0.40800000 0.24437500 0.68200000 0.24287500 0.71366667 0.24075000 0.71783333
0 0.26300000 0.71883333 0.24662500 0.71700000 0.24587500 0.68933333 0.25837500 0.23533333 0.25975000 0.23183333 0.27200000 0.23116667 0.30675000 0.23516667 0.30837500 0.24533333 0.29637500 0.71333333 0.29550000 0.71750000 0.29225000 0.71850000
0 0.34575000 0.71983333 0.30300000 0.71950000 0.29712500 0.71700000 0.30962500 0.25800000 0.31087500 0.23633333 0.31450000 0.23283333 0.35425000 0.23616667 0.36212500 0.24066667 0.35062500 0.67166667 0.34812500 0.71700000
0 0.38550000 0.72150000 0.35775000 0.72116667 0.35162500 0.71700000 0.36312500 0.24033333 0.36550000 0.23783333 0.40050000 0.23983333 0.41487500 0.24433333 0.40287500 0.71333333 0.40025000 0.72050000
0 0.44825000 0.72116667 0.40825000 0.72083333 0.40387500 0.71733333 0.40962500 0.55300000 0.41487500 0.27800000 0.41662500 0.24800000 0.41950000 0.24416667 0.45775000 0.24816667 0.46437500 0.25200000 0.45362500 0.70466667 0.45312500 0.71733333
0 0.50200000 0.72450000 0.46250000 0.72416667 0.45825000 0.72283333 0.45562500 0.71733333 0.46662500 0.25700000 0.47062500 0.24433333 0.47425000 0.24350000 0.51600000 0.24783333 0.51862500 0.25200000 0.50737500 0.71433333 0.50712500 0.72100000
0 0.54025000 0.72416667 0.51375000 0.72416667 0.50912500 0.71700000 0.52062500 0.25466667 0.52500000 0.24983333 0.56687500 0.25666667 0.55612500 0.71766667 0.55275000 0.72350000
0 0.59200000 0.72483333 0.56100000 0.72383333 0.55787500 0.71833333 0.56762500 0.28600000 0.56937500 0.25600000 0.57500000 0.25383333 0.60100000 0.25583333 0.61612500 0.26000000 0.61362500 0.30233333 0.60512500 0.72033333 0.60150000 0.72383333
0 0.64475000 0.72550000 0.61150000 0.72450000 0.60612500 0.72100000 0.61762500 0.26333333 0.61850000 0.25950000 0.62275000 0.25783333 0.65975000 0.26350000 0.66337500 0.26733333 0.66437500 0.27466667 0.65762500 0.47500000 0.65262500 0.71933333 0.65050000 0.72383333
0 0.69125000 0.72650000 0.66350000 0.72616667 0.65387500 0.72100000 0.66562500 0.29300000 0.66787500 0.26400000 0.67400000 0.26150000 0.70100000 0.26383333 0.71262500 0.26766667 0.70312500 0.58400000 0.70187500 0.71866667 0.70000000 0.72483333
0 0.74625000 0.72750000 0.70850000 0.72683333 0.70362500 0.72466667 0.70287500 0.71733333 0.71537500 0.27100000 0.71725000 0.26583333 0.72350000 0.26350000 0.75675000 0.26750000 0.76100000 0.26950000 0.76237500 0.27333333 0.75187500 0.72166667 0.75050000 0.72616667
0 0.79275000 0.72683333 0.75600000 0.72616667 0.75362500 0.72133333 0.76337500 0.29100000 0.76537500 0.27200000 0.77075000 0.26850000 0.80125000 0.27150000 0.80762500 0.27533333 0.79737500 0.72333333
0 0.83975000 0.72883333 0.80425000 0.72716667 0.79962500 0.72433333 0.79912500 0.71833333 0.80787500 0.40166667 0.80912500 0.28333333 0.81062500 0.27333333 0.81525000 0.27083333 0.85025000 0.27416667 0.85400000 0.27516667 0.85587500 0.27966667 0.84612500 0.70133333 0.84512500 0.72466667
0 0.88275000 0.72950000 0.84950000 0.72883333 0.84612500 0.72500000 0.85662500 0.28300000 0.85750000 0.27916667 0.86125000 0.27783333 0.89725000 0.28150000 0.90062500 0.28500000 0.89037500 0.72000000 0.88875000 0.72683333
0 0.93275000 0.72616667 0.90000000 0.72516667 0.89137500 0.72100000 0.90187500 0.33133333 0.90112500 0.27566667 0.90450000 0.27416667 0.93675000 0.27550000 0.94537500 0.27933333 0.93737500 0.71733333 0.93637500 0.72466667
0 0.97925000 0.72783333 0.94650000 0.72650000 0.94000000 0.72450000 0.93837500 0.72033333 0.93937500 0.67366667 0.94137500 0.66300000 0.94587500 0.45633333 0.94737500 0.29400000 0.94862500 0.28366667 0.95150000 0.27883333 0.96700000 0.27883333 0.98625000 0.28316667 0.99187500 0.28733333 0.99437500 0.29866667 0.98562500 0.71866667 0.98512500 0.72500000
