0 0.10766667 0.99975000 0.04083333 0.99975000 0.00016667 0.79675000 0.00033333 0.33837500
0 0.19600000 0.99975000 0.12183333 0.99975000 0.01616667 0.37750000 0.00016667 0.25600000 0.00033333 0.15637500 0.06866667 0.15337500 0.07650000 0.15950000
0 0.27166667 0.99975000 0.20200000 0.99975000 0.19950000 0.99150000 0.10983333 0.39525000 0.08516667 0.17850000 0.08516667 0.16200000 0.09166667 0.15812500 0.15966667 0.15912500 0.17116667 0.16675000
0 0.34800000 0.99975000 0.27450000 0.99975000 0.18083333 0.20250000 0.17716667 0.15825000 0.18966667 0.15112500 0.25400000 0.15062500 0.26150000 0.15850000
0 0.42166667 0.99975000 0.35283333 0.99975000 0.27883333 0.22700000 0.27383333 0.15150000 0.28166667 0.14612500 0.35466667 0.14637500 0.36116667 0.15650000
0 0.50100000 0.99975000 0.42583333 0.99975000 0.36850000 0.20350000 0.36716667 0.14650000 0.38933333 0.13812500 0.44066667 0.13637500 0.45650000 0.14100000
0 0.58733333 0.99975000 0.50833333 0.99975000 0.50583333 0.98650000 0.46550000 0.14800000 0.47083333 0.11925000 0.48966667 0.11512500 0.56066667 0.11512500 0.56716667 0.12625000
0 0.66266667 0.99975000 0.59116667 0.99975000 0.57116667 0.15650000 0.58000000 0.13887500 0.64633333 0.13787500 0.66016667 0.14250000
0 0.73400000 0.99975000 0.66416667 0.99975000 0.66983333 0.15025000 0.67266667 0.14187500 0.69833333 0.13912500 0.75066667 0.14112500 0.75450000 0.14875000
0 0.78833333 0.99975000 0.73450000 0.99975000 0.74683333 0.68625000 0.75483333 0.15725000 0.75933333 0.15037500 0.81633333 0.14937500 0.83050000 0.15375000 0.83083333 0.18825000
0 0.86066667 0.99975000 0.79600000 0.99975000 0.79450000 0.98675000 0.83616667 0.30050000 0.83716667 0.15325000 0.84200000 0.14662500 0.85666667 0.14362500 0.91000000 0.14087500 0.92400000 0.14237500 0.92683333 0.14775000 0.92616667 0.19350000 0.89050000 0.69375000
