0 0.0 0.23774488766151738 0.05446128396016224 0.24009860977591738 0.05357863816726225 0.8861953301787109 0.0 0.8920796354647108
0 0.05446128396016224 0.23303744343271743 0.11889442684186162 0.24009860977591738 0.12065971842766159 0.8897259133503109 0.05710922133886221 0.8944333575791108
0 0.12065971842766159 0.24245233189031737 0.179796986551961 0.2459829150619173 0.18421021551646094 0.8909027744075108 0.12507294739216154 0.8920796354647108
0 0.180679632344861 0.24127547083311734 0.2406995462620604 0.24715977611911732 0.2486433583981603 0.8909027744075108 0.18597550710226093 0.8932564965219107
0 0.24511277522656033 0.2483366371763173 0.3060153349366597 0.25069035929071726 0.3139591470727597 0.8920796354647108 0.2504086499839603 0.8920796354647108
0 0.30778062652245974 0.25539780351951724 0.3651526030609591 0.2565746645767172 0.378392289954459 0.8826647470071108 0.31660708445145963 0.8897259133503109
0 0.3686831862325591 0.26245896986271716 0.4216419338065586 0.2648126919771171 0.4401774954574584 0.8838416080643109 0.380157581540259 0.8838416080643109
0 0.4269378085639585 0.26128210880551717 0.481661847723758 0.2648126919771171 0.5019627009604578 0.8861953301787109 0.4428254328361584 0.8861953301787109
0 0.48519243089535796 0.26128210880551717 0.5407991158480574 0.26363583091991716 0.5628652606705572 0.8861953301787109 0.5063759299249578 0.8850184691215108
0 0.5425644074338575 0.2718738583203171 0.592875217629157 0.2718738583203171 0.6228851745877566 0.881487885949911 0.5655131980492571 0.880311024892711
0 0.6061149045226567 0.2648126919771171 0.6564257147179562 0.2683432751487171 0.676726567954656 0.8744267196067109 0.6220025287948566 0.8767804417211109
0 0.6573083605108563 0.2718738583203171 0.7049712333274558 0.273050719377517 0.7358638360789554 0.877957302778311 0.6802571511262561 0.879134163835511
0 0.7111497538777558 0.27422758043471707 0.7632258556588553 0.27422758043471707 0.7985316873748549 0.879134163835511 0.7411597108363555 0.880311024892711
0 0.7658737930375552 0.280111885720717 0.8002969789606549 0.875603580663911 0.8497251433630544 0.8673655532635111 0.8055928537180548 0.2836424688923169
0 0.8241284153689546 0.2706969972631171 0.8673780592210542 0.275404441491917 0.9159235778305537 0.872072997492311 0.8673780592210542 0.875603580663911
0 0.8709086423926541 0.2859961910067169 0.9150409320376537 0.2859961910067169 0.980356720712253 0.8626581090347112 0.9291632647240535 0.8673655532635111
0 0.9185715152092537 0.2859961910067169 0.9644690964400533 0.2883499131211169 0.9997749281560528 0.584918899535514 0.9997749281560528 0.8626581090347112 0.983004658090953 0.8638349700919111
