0 0.10500000 0.87450000 0.07850000 0.87116667 0.07212500 0.85733333 0.06312500 0.75866667 0.04087500 0.58500000 0.00262500 0.23133333 0.00012500 0.22833333 0.00012500 0.21200000 0.00412500 0.20600000 0.02075000 0.19950000 0.08475000 0.19883333 0.09250000 0.20050000 0.09437500 0.20566667 0.13062500 0.62300000 0.12912500 0.64766667 0.13337500 0.70833333 0.14237500 0.78733333 0.14587500 0.81066667 0.15112500 0.82233333 0.15487500 0.85933333 0.15050000 0.86950000
0 0.17500000 0.86783333 0.15825000 0.86583333 0.15562500 0.85833333 0.09887500 0.24000000 0.09862500 0.21000000 0.10725000 0.20150000 0.17050000 0.20150000 0.17825000 0.20383333 0.18262500 0.21333333 0.22487500 0.85800000 0.21350000 0.86550000
0 0.28350000 0.87683333 0.23375000 0.87416667 0.22762500 0.86400000 0.18562500 0.24666667 0.18437500 0.20866667 0.18925000 0.20116667 0.25700000 0.20016667 0.26512500 0.20733333 0.30012500 0.86433333 0.29875000 0.87416667
0 0.35000000 0.88516667 0.30675000 0.88283333 0.30162500 0.87300000 0.26962500 0.24833333 0.27062500 0.20900000 0.27550000 0.20216667 0.28275000 0.20016667 0.34650000 0.20016667 0.35437500 0.20533333 0.37737500 0.87666667 0.37350000 0.88250000
0 0.41825000 0.88683333 0.38950000 0.88550000 0.38062500 0.87966667 0.37662500 0.80733333 0.35862500 0.21200000 0.36050000 0.20450000 0.36750000 0.20116667 0.39325000 0.19750000 0.42700000 0.19783333 0.44600000 0.20516667 0.45062500 0.21766667 0.45212500 0.25000000 0.45537500 0.77166667 0.46062500 0.87400000 0.45825000 0.88116667 0.44900000 0.88516667
0 0.48725000 0.88650000 0.46700000 0.88450000 0.46262500 0.88100000 0.46162500 0.87400000 0.45412500 0.20766667 0.45925000 0.20050000 0.47475000 0.19716667 0.53000000 0.19783333 0.53837500 0.20133333 0.54062500 0.23533333 0.53887500 0.87433333 0.53737500 0.88033333 0.53225000 0.88316667
0 0.56150000 0.88850000 0.54375000 0.88516667 0.54062500 0.88100000 0.53962500 0.86600000 0.54487500 0.20533333 0.56725000 0.19816667 0.63100000 0.20050000 0.63412500 0.20500000 0.63512500 0.24033333 0.62037500 0.76700000 0.62112500 0.87733333 0.61925000 0.88183333 0.60775000 0.88583333
0 0.66250000 0.89116667 0.63100000 0.88983333 0.62587500 0.88533333 0.62437500 0.87566667 0.62937500 0.52066667 0.63862500 0.20500000 0.65325000 0.19583333 0.71725000 0.19583333 0.72500000 0.19716667 0.72912500 0.20900000 0.70362500 0.87800000 0.70125000 0.88516667 0.69325000 0.88950000
0 0.73775000 0.89283333 0.71325000 0.89116667 0.70612500 0.87966667 0.70962500 0.78300000 0.71287500 0.76900000 0.71700000 0.77216667 0.71762500 0.76866667 0.71287500 0.76700000 0.71262500 0.74366667 0.73337500 0.20566667 0.73650000 0.19783333 0.74650000 0.19450000 0.81075000 0.19350000 0.82012500 0.20133333 0.82012500 0.23666667 0.78562500 0.88133333 0.77950000 0.88950000
0 0.81300000 0.89083333 0.79150000 0.88883333 0.78787500 0.87800000 0.79712500 0.75033333 0.82462500 0.20400000 0.82625000 0.19850000 0.83725000 0.19316667 0.90850000 0.19316667 0.91087500 0.20600000 0.90587500 0.30033333 0.86337500 0.88100000 0.85800000 0.88650000
0 0.90875000 0.90916667 0.88350000 0.90483333 0.86912500 0.88666667 0.86687500 0.87266667 0.87137500 0.84133333 0.91537500 0.19633333 0.93075000 0.18550000 0.99975000 0.18416667 0.99975000 0.49866667 0.99287500 0.54066667 0.95912500 0.88766667 0.95687500 0.89666667 0.95125000 0.90183333
