0 0.03825000 0.88616667 0.01625000 0.88250000 0.01187500 0.87700000 0.00937500 0.74500000 0.01362500 0.63933333 0.01237500 0.31366667 0.01537500 0.19833333 0.04525000 0.19550000 0.05012500 0.19766667 0.05187500 0.27033333 0.04362500 0.65033333 0.04712500 0.73900000 0.04337500 0.78700000 0.04662500 0.82833333 0.04287500 0.84600000 0.04337500 0.88100000
0 0.06850000 0.89783333 0.04775000 0.89316667 0.04437500 0.88166667 0.04812500 0.82666667 0.04562500 0.79133333 0.05112500 0.65466667 0.04737500 0.53533333 0.04987500 0.45533333 0.05637500 0.40933333 0.05362500 0.36833333 0.05462500 0.28700000 0.05187500 0.28033333 0.05412500 0.24366667 0.05087500 0.21633333 0.05275000 0.19650000 0.07750000 0.19450000 0.09012500 0.19733333 0.09012500 0.26166667 0.09412500 0.29533333 0.09162500 0.38900000 0.08512500 0.47566667 0.08462500 0.70433333 0.08062500 0.77266667 0.08337500 0.79966667 0.08187500 0.88933333 0.07675000 0.89716667
0 0.11250000 0.89716667 0.08775000 0.89483333 0.08237500 0.88900000 0.08637500 0.77933333 0.08387500 0.75866667 0.08587500 0.47433333 0.09387500 0.37000000 0.08987500 0.19966667 0.09250000 0.19416667 0.12325000 0.19250000 0.13100000 0.19350000 0.13462500 0.19900000 0.12562500 0.53666667 0.12137500 0.88600000 0.11900000 0.89416667
0 0.13425000 0.89150000 0.12425000 0.89083333 0.12187500 0.88666667 0.13412500 0.24800000 0.13812500 0.19700000 0.15450000 0.19416667 0.17462500 0.19766667 0.17087500 0.38100000 0.16612500 0.42766667 0.16112500 0.55700000 0.15637500 0.84233333 0.15237500 0.88866667
0 0.18200000 0.89983333 0.15825000 0.89683333 0.15437500 0.88500000 0.16062500 0.77633333 0.15937500 0.68766667 0.16412500 0.52866667 0.17287500 0.37866667 0.17362500 0.25166667 0.17737500 0.19800000 0.20900000 0.19716667 0.21937500 0.20133333 0.21987500 0.21366667 0.21587500 0.25400000 0.21762500 0.29600000 0.20462500 0.57466667 0.19812500 0.85633333 0.19537500 0.89233333
0 0.22625000 0.89350000 0.20025000 0.89150000 0.19712500 0.88900000 0.19712500 0.87700000 0.20862500 0.49766667 0.21612500 0.39900000 0.21712500 0.25000000 0.22112500 0.20400000 0.23650000 0.20116667 0.25700000 0.20283333 0.25987500 0.21233333 0.25287500 0.40533333 0.24652778 0.50462963 0.23487500 0.84200000 0.23062500 0.88966667
0 0.26050000 0.91250000 0.23725000 0.90450000 0.23237500 0.89466667 0.23937500 0.78100000 0.24412500 0.56033333 0.25512500 0.40666667 0.26012500 0.21700000 0.26400000 0.20350000 0.29875000 0.20350000 0.30337500 0.20533333 0.29987500 0.32666667 0.27237500 0.88933333 0.26862500 0.90900000
0 0.30025000 0.90616667 0.27525000 0.90283333 0.27287500 0.89166667 0.27837500 0.85066667 0.28087500 0.71066667 0.29687500 0.41800000 0.30262500 0.23266667 0.30487500 0.20500000 0.31250000 0.20183333 0.34225000 0.20450000 0.34612500 0.21433333 0.31112500 0.89333333 0.30675000 0.90483333
0 0.34225000 0.90283333 0.31450000 0.89683333 0.31237500 0.88500000 0.33412500 0.46766667 0.33987500 0.40966667 0.34737500 0.21300000 0.37425000 0.20916667 0.38087500 0.21333333 0.37912500 0.27966667 0.35037500 0.85833333 0.34762500 0.89666667
0 0.37700000 0.90583333 0.35350000 0.90083333 0.34987500 0.89666667 0.34962500 0.88666667 0.35687500 0.83200000 0.36012500 0.66633333 0.37487500 0.41000000 0.38137500 0.22400000 0.38400000 0.20850000 0.39900000 0.20750000 0.42487500 0.21366667 0.38487500 0.87066667 0.38212500 0.90100000
0 0.41650000 0.91416667 0.39150000 0.90983333 0.38562500 0.90433333 0.38487500 0.89466667 0.41862500 0.35800000 0.42312500 0.24033333 0.42775000 0.21150000 0.45175000 0.20916667 0.46737500 0.21300000 0.46387500 0.29566667 0.44087500 0.60700000 0.42562500 0.88533333 0.42237500 0.90900000
0 0.45275000 0.91450000 0.42800000 0.91150000 0.42362500 0.90300000 0.43437500 0.78733333 0.43487500 0.72500000 0.45387500 0.43533333 0.46012500 0.38033333 0.46612500 0.24166667 0.47025000 0.21116667 0.50375000 0.21150000 0.51462500 0.21700000 0.50762500 0.22066667 0.51062500 0.23600000 0.50762500 0.33433333 0.49862500 0.41266667 0.48650000 0.41450000 0.48387500 0.43166667 0.49500000 0.43450000 0.49837500 0.43966667 0.49462500 0.50466667 0.48262500 0.65333333 0.47787500 0.67000000 0.47637500 0.74066667 0.47162500 0.77566667 0.46412500 0.90833333 0.46300000 0.91250000
0 0.48400000 0.91016667 0.46700000 0.91016667 0.46487500 0.90000000 0.50037500 0.41966667 0.50587500 0.36433333 0.50812500 0.29433333 0.51112500 0.24833333 0.51650000 0.21283333 0.54200000 0.21283333 0.55087500 0.21700000 0.54637500 0.33133333 0.53562500 0.43166667 0.52637500 0.56500000 0.52012500 0.60333333 0.51637500 0.71200000 0.50637500 0.84366667 0.50187500 0.86500000 0.49962500 0.90433333
0 0.53325000 0.92083333 0.50625000 0.91683333 0.50162500 0.90833333 0.51387500 0.78033333 0.53662500 0.45133333 0.54712500 0.36200000 0.55212500 0.25300000 0.55637500 0.21666667 0.56000000 0.21283333 0.59600000 0.21283333 0.59837500 0.21866667 0.59287500 0.31066667 0.58587500 0.36766667 0.55737500 0.75300000 0.55112500 0.79300000 0.54537500 0.89300000 0.54287500 0.91633333
0 0.60347222 0.20925926 0.64166667 0.21759259 0.58333333 0.92129630 0.54722222 0.92500000
0 0.64513889 0.21574074 0.67569444 0.21851852 0.61250000 0.91388889 0.58402778 0.91111111
0 0.68125000 0.21481481 0.72152778 0.22314815 0.65486111 0.92777778 0.62152778 0.92592593
0 0.72500000 0.21388889 0.76805556 0.21851852 0.69652778 0.92870370 0.65833333 0.92407407
0 0.76875000 0.22314815 0.80208333 0.22777778 0.72500000 0.91481481 0.69791667 0.91759259
0 0.80208333 0.22037037 0.84652778 0.22222222 0.77083333 0.92777778 0.73055556 0.92407407
0 0.85000000 0.20925926 0.88958333 0.21018519 0.81250000 0.92129630 0.78055556 0.91851852
0 0.90138889 0.20555556 0.94444444 0.20833333 0.86111111 0.92777778 0.82152778 0.92314815
0 0.93125000 0.19629630 0.96805556 0.20000000 0.90069444 0.90000000 0.86805556 0.89722222 0.94513889 0.20555556
0 0.98958333 0.20462963 0.99791667 0.20648148 0.99861111 0.49907407 0.94097222 0.91481481 0.90555556 0.91759259
