0 0.00155543 0.01923077 0.04986802 0.02237305 0.11703431 0.88178733 0.09228884 0.89278532 0.08286199 0.89278532 0.06047323 0.88650075 0.00037707 0.23761941
0 0.15839461 0.89072712 0.14399510 0.88500817 0.13373162 0.85784314 0.10860907 0.58047386 0.09329044 0.46527778 0.06847426 0.17238562 0.05989583 0.05718954 0.06587010 0.04758987 0.10079657 0.04840686 0.10615809 0.07638889 0.14506740 0.54411765 0.16712623 0.79493464 0.17141544 0.87990196 0.16973039 0.88582516
0 0.19730392 0.91319444 0.18167892 0.90747549 0.17264093 0.88194444 0.14751838 0.54330065 0.12484681 0.33251634 0.10554534 0.05310458 0.10707721 0.04084967 0.11090686 0.03901144 0.14307598 0.04105392 0.15885417 0.05473856 0.16406250 0.07230392 0.22441789 0.88970588 0.21844363 0.90502451
0 0.25214461 0.91115196 0.23651961 0.90870098 0.22686887 0.88766340 0.16620711 0.07761438 0.16743260 0.06086601 0.17647059 0.05657680 0.22426471 0.06433824 0.22993260 0.08210784 0.23667279 0.16135621 0.24617034 0.41217320 0.26179534 0.56413399 0.26547181 0.66299020 0.28201593 0.87581699 0.27144608 0.90216503
0 0.30729167 0.89848856 0.29534314 0.89031863 0.28783701 0.87295752 0.27527574 0.72671569 0.24249387 0.16625817 0.23514093 0.09436275 0.23651961 0.08762255 0.25214461 0.08149510 0.27113971 0.08272059 0.28308824 0.09170752 0.28906250 0.13031046 0.33011642 0.87785948 0.32812500 0.89276961
0 0.35784314 0.89971405 0.33593750 0.89665033 0.32981005 0.85130719 0.29917279 0.33333333 0.29641544 0.21323529 0.28844975 0.10130719 0.29105392 0.09415850 0.33026961 0.09865196 0.33961397 0.11478758 0.37545956 0.84558824 0.37576593 0.89215686 0.36948529 0.89848856
0 0.40441176 0.90461601 0.38327206 0.89726307 0.37852328 0.88071895 0.34329044 0.12336601 0.34589461 0.10763889 0.36151961 0.10518791 0.37683824 0.10927288 0.38664216 0.11866830 0.39384191 0.14624183 0.40242034 0.47589869 0.42049632 0.87581699 0.41712623 0.89624183
0 0.44638480 0.91033497 0.42539828 0.90441176 0.42141544 0.87336601 0.40456495 0.47508170 0.39506740 0.13316993 0.39659926 0.11601307 0.40441176 0.11090686 0.42371324 0.11131536 0.43918505 0.11928105 0.44531250 0.17933007 0.44960172 0.47630719 0.46430760 0.88235294 0.46308211 0.90441176
0 0.49448529 0.91850490 0.48008578 0.91646242 0.47058824 0.90870098 0.46645221 0.90032680 0.46553309 0.88194444 0.45297181 0.52410131 0.44868260 0.18913399 0.44347426 0.12745098 0.45128676 0.11131536 0.45894608 0.10968137 0.49448529 0.11907680 0.49739583 0.13848039 0.50750613 0.90318627 0.50214461 0.91482843
0 0.53186275 0.90992647 0.51470588 0.90870098 0.50903799 0.90400327 0.50842525 0.89746732 0.50015319 0.21691176 0.50076593 0.14419935 0.50919118 0.13827614 0.51838235 0.13868464 0.53615196 0.14971405 0.54273897 0.16748366 0.54947917 0.89215686 0.54656863 0.90461601
0 0.57720588 0.92340686 0.55912990 0.91646242 0.55193015 0.90032680 0.54641544 0.17565359 0.54764093 0.15931373 0.55300245 0.14889706 0.57873775 0.15420752 0.58792892 0.16115196 0.59359681 0.17238562 0.59298407 0.90767974 0.58762255 0.92013889
0 0.62408088 0.91768791 0.60294118 0.91687092 0.59420956 0.90563725 0.59696691 0.18423203 0.59941789 0.16993464 0.60753676 0.16115196 0.63327206 0.16809641 0.63893995 0.17483660 0.64231005 0.18995098 0.63556985 0.82802288 0.63219975 0.91299020
0 0.66421569 0.92463235 0.64399510 0.92422386 0.63465074 0.91625817 0.64598652 0.19035948 0.65027574 0.16625817 0.65808824 0.16115196 0.67432598 0.16196895 0.69025735 0.16973039 0.69500613 0.20179739 0.67968750 0.67973856 0.67570466 0.91258170 0.67248775 0.92054739
0 0.70833333 0.94791667 0.69761029 0.94505719 0.68152574 0.93178105 0.67907475 0.88602941 0.68857230 0.49918301 0.70113358 0.18014706 0.70925245 0.16156046 0.74050245 0.16891340 0.74586397 0.17442810 0.74770221 0.19117647 0.73115809 0.55718954 0.72012868 0.90441176 0.72196691 0.93627451 0.71844363 0.94383170
0 0.75214461 0.93852124 0.72395833 0.93239379 0.72166054 0.90767974 0.73483456 0.49836601 0.74770221 0.20874183 0.75076593 0.18709150 0.76378676 0.18321078 0.78707108 0.18811275 0.79181985 0.20343137 0.76608456 0.70302288 0.76056985 0.87826797 0.75719975 0.93218954
0 0.79289216 0.94832516 0.78216912 0.94791667 0.76133578 0.93607026 0.75934436 0.91053922 0.79365809 0.20710784 0.80238971 0.18933824 0.81433824 0.18770425 0.83670343 0.19709967 0.83900123 0.21732026 0.82031250 0.52491830 0.80070466 0.93709150
0 0.83088235 0.94628268 0.81066176 0.94383170 0.80223652 0.93586601 0.80162377 0.92361111 0.84053309 0.22222222 0.84558824 0.20731209 0.85600490 0.20445261 0.88082108 0.21262255 0.88526348 0.22140523 0.88587623 0.23488562 0.85248162 0.69607843 0.84145221 0.93423203 0.83762255 0.94342320
0 0.89121418 0.20776772 0.94777526 0.21405229 0.92185143 0.52985168 0.89710596 0.81422826 0.89003582 0.95720211 0.87236048 0.95877325 0.84290158 0.94149070
0 0.95838047 0.20305430 0.99962293 0.21091001 0.99962293 0.31146305 0.93717006 0.97134238 0.91713801 0.96820010 0.89239253 0.95563097
