0 0.22675000 0.97983333 0.21012500 0.97500000 0.20437500 0.90466667 0.17937500 0.08000000 0.18850000 0.07216667 0.23625000 0.07050000 0.25250000 0.07216667 0.25687500 0.08000000 0.26662500 0.55366667 0.28137500 0.96866667 0.27575000 0.97616667
0 0.32600000 0.97883333 0.29100000 0.97716667 0.28537500 0.96900000 0.26237500 0.09333333 0.26362500 0.07666667 0.27250000 0.07450000 0.33475000 0.07750000 0.33962500 0.10933333 0.35837500 0.96800000 0.35375000 0.97583333
0 0.38500000 0.97750000 0.36462500 0.97466667 0.36087500 0.94466667 0.34512500 0.08233333 0.35200000 0.07816667 0.41300000 0.07750000 0.41862500 0.08100000 0.42012500 0.12600000 0.42137500 0.41233333 0.43362500 0.96700000 0.42775000 0.97516667
0 0.47850000 0.97716667 0.44400000 0.97650000 0.43712500 0.96733333 0.42287500 0.11600000 0.42362500 0.08533333 0.43500000 0.07816667 0.48975000 0.08016667 0.49587500 0.08433333 0.49862500 0.09566667 0.50812500 0.96900000 0.50225000 0.97516667
0 0.52650000 0.98083333 0.51187500 0.97466667 0.50162500 0.08800000 0.50675000 0.07783333 0.57375000 0.07616667 0.57937500 0.08000000 0.58262500 0.97200000 0.57675000 0.97883333
0 0.60950000 0.99116667 0.59225000 0.98950000 0.58762500 0.98333333 0.58637500 0.96700000 0.58262500 0.08400000 0.58700000 0.07216667 0.59675000 0.06916667 0.65825000 0.07216667 0.66112500 0.07966667 0.66262500 0.97900000 0.65700000 0.98650000
0 0.68025000 0.98650000 0.66625000 0.98283333 0.66512500 0.97533333 0.66387500 0.08866667 0.66512500 0.08066667 0.67250000 0.07616667 0.73650000 0.07416667 0.74037500 0.08166667 0.74112500 0.11766667 0.74187500 0.43466667 0.73762500 0.97566667 0.72900000 0.98283333
0 0.77375000 0.98450000 0.74825000 0.98316667 0.74262500 0.97833333 0.74112500 0.96733333 0.74387500 0.08900000 0.74512500 0.07666667 0.75500000 0.07116667 0.81425000 0.07816667 0.81987500 0.08733333 0.82037500 0.45566667 0.81387500 0.97100000 0.81050000 0.97916667
0 0.83500000 0.97716667 0.81850000 0.97550000 0.81612500 0.96933333 0.82187500 0.57233333 0.82237500 0.09433333 0.82412500 0.08433333 0.83025000 0.08116667 0.88925000 0.08650000 0.89337500 0.09533333 0.88262500 0.96466667 0.87725000 0.97216667
0 0.92900000 0.98516667 0.90075000 0.98350000 0.88587500 0.96733333 0.89587500 0.09166667 0.90050000 0.07983333 0.90825000 0.07616667 0.94600000 0.07250000 0.97450000 0.07450000 0.97937500 0.08366667 0.97137500 0.73266667 0.96637500 0.97466667 0.95875000 0.98150000
