0 0.11450000 0.88150000 0.09412500 0.87700000 0.08812500 0.81933333 0.06837500 0.22300000 0.06412500 0.00866667 0.06900000 0.00016667 0.09975000 0.00016667 0.13037500 0.01000000 0.13637500 0.42966667 0.14737500 0.84966667 0.15087500 0.85366667 0.15112500 0.87300000
0 0.19800000 0.88350000 0.16525000 0.88183333 0.15512500 0.87333333 0.13787500 0.30600000 0.13337500 0.02233333 0.13950000 0.01283333 0.19050000 0.01250000 0.19812500 0.02133333 0.20337500 0.47900000 0.21387500 0.87333333 0.21000000 0.88150000
0 0.25650000 0.88516667 0.22325000 0.88116667 0.21687500 0.87700000 0.21612500 0.87033333 0.20212500 0.09633333 0.20287500 0.02666667 0.21250000 0.02150000 0.24500000 0.02416667 0.26062500 0.03300000 0.27337500 0.82733333 0.27162500 0.87700000
0 0.32000000 0.89416667 0.28250000 0.89316667 0.27637500 0.88300000 0.26662500 0.03100000 0.26900000 0.02150000 0.28625000 0.01816667 0.32762500 0.02566667 0.32437500 0.05700000 0.32812500 0.08733333 0.33412500 0.84200000 0.32887500 0.88866667
0 0.35650000 0.90283333 0.33687500 0.89633333 0.33587500 0.84700000 0.33287500 0.02533333 0.33425000 0.02083333 0.34975000 0.01716667 0.38600000 0.02150000 0.39562500 0.02966667 0.39712500 0.89300000 0.38550000 0.90083333
0 0.43375000 0.90316667 0.40550000 0.90083333 0.39887500 0.88900000 0.39887500 0.07400000 0.40037500 0.02933333 0.41175000 0.02450000 0.44550000 0.02550000 0.46137500 0.03366667 0.46087500 0.89666667
0 0.50675000 0.90116667 0.47050000 0.89850000 0.46287500 0.88966667 0.46333333 0.75333333 0.46416667 0.59444444 0.46662500 0.04833333 0.47450000 0.03783333 0.50600000 0.03516667 0.52550000 0.03716667 0.52687500 0.05400000 0.52187500 0.58200000 0.52187500 0.61133333 0.52137500 0.81500000 0.51787500 0.89566667
0 0.54725000 0.90950000 0.53000000 0.90850000 0.52412500 0.89666667 0.53137500 0.04766667 0.53312500 0.03666667 0.53975000 0.03283333 0.58325000 0.03716667 0.58837500 0.04200000 0.59062500 0.06166667 0.58362500 0.89566667 0.58000000 0.90716667
0 0.62400000 0.91116667 0.59175000 0.90916667 0.58587500 0.89866667 0.59437500 0.05000000 0.59575000 0.04083333 0.60750000 0.03650000 0.64900000 0.04083333 0.65587500 0.05600000 0.64462500 0.90066667 0.64175000 0.90816667
0 0.69000000 0.91383333 0.65050000 0.90850000 0.64912500 0.88933333 0.65737500 0.16033333 0.66062500 0.04866667 0.67375000 0.04216667 0.70900000 0.04483333 0.71700000 0.04883333 0.71787500 0.05566667 0.70712500 0.90200000 0.70525000 0.90983333
0 0.74800000 0.91650000 0.71275000 0.91316667 0.70912500 0.90433333 0.72037500 0.11400000 0.72412500 0.04966667 0.73500000 0.04516667 0.77475000 0.04783333 0.78362500 0.05633333 0.76787500 0.84266667 0.76262500 0.90633333 0.76050000 0.91250000
0 0.81675000 0.91750000 0.78050000 0.91650000 0.77100000 0.91250000 0.76862500 0.90500000 0.78537500 0.08033333 0.79075000 0.05283333 0.80775000 0.05116667 0.83900000 0.05283333 0.84662500 0.06000000 0.84162500 0.40700000 0.82787500 0.90433333 0.82625000 0.91383333
0 0.86800000 0.92016667 0.83425000 0.91616667 0.82837500 0.90266667 0.84112500 0.57266667 0.85137500 0.06066667 0.88050000 0.05616667 0.90912500 0.06466667 0.90662500 0.24433333 0.88837500 0.90833333 0.88450000 0.91650000
0 0.92575000 0.91883333 0.89350000 0.91616667 0.88962500 0.89900000 0.90512500 0.54133333 0.91512500 0.06800000 0.91675000 0.06383333 0.93625000 0.06116667 0.96825000 0.06450000 0.97337500 0.07866667 0.94862500 0.90466667 0.94325000 0.91650000
0 0.95650000 0.90550000 0.95112500 0.90400000 0.94962500 0.87200000 0.96587500 0.44600000 0.97387500 0.10333333 0.97850000 0.09616667 0.99975000 0.09750000 0.99975000 0.89266667 0.98775000 0.90450000
