0 0.01216063 0.30674962 0.08993213 0.30832076 0.05929487 0.83936652 0.00000000 0.84696842 0.00273379 0.43715435
0 0.11550245 0.82986111 0.09957108 0.82945261 0.09512868 0.82434641 0.12178309 0.33700980 0.12346814 0.33231209 0.12990196 0.32945261 0.17677696 0.33394608 0.19025735 0.33762255 0.19286152 0.35049020 0.18795956 0.42728758 0.18612132 0.52165033 0.17662377 0.70669935 0.17447917 0.79942810 0.17172181 0.80310458 0.17080270 0.81862745 0.16727941 0.82291667
0 0.19362745 0.82700163 0.18045343 0.82659314 0.17693015 0.82352941 0.17662377 0.81862745 0.18520221 0.55759804 0.19500613 0.34150327 0.19761029 0.33762255 0.20496324 0.33680556 0.25612745 0.33966503 0.26302083 0.34354575 0.26363358 0.35988562 0.24708946 0.81862745 0.24417892 0.82291667
0 0.30238971 0.82700163 0.25704657 0.82536765 0.25061275 0.82291667 0.24862132 0.81862745 0.26485907 0.34803922 0.26547181 0.34232026 0.27144608 0.33884804 0.31924020 0.34089052 0.33103554 0.34599673 0.33256740 0.37663399 0.33103554 0.40849673 0.33379289 0.42075163 0.32368260 0.81004902 0.32245711 0.81781046 0.31862745 0.82250817
0 0.34926471 0.82291667 0.33026961 0.82209967 0.32705270 0.81862745 0.32643995 0.81250000 0.33624387 0.41993464 0.33900123 0.39869281 0.33992034 0.35008170 0.34436275 0.34497549 0.36335784 0.34456699 0.40134804 0.35232843 0.40579044 0.36029412 0.40609681 0.45710784 0.40303309 0.50898693 0.39905025 0.72385621 0.39935662 0.77328431 0.40364583 0.79697712 0.40088848 0.80841503 0.39690564 0.81454248 0.38909314 0.81883170
0 0.43106618 0.81311275 0.41574755 0.81188725 0.41130515 0.80024510 0.41467525 0.35661765 0.41590074 0.35049020 0.42003676 0.34783497 0.46783088 0.34946895 0.47579657 0.35151144 0.47931985 0.35866013 0.47686887 0.79820261 0.47625613 0.80310458 0.47089461 0.80657680
0 0.53492647 0.81229575 0.48651961 0.80902778 0.47870711 0.80269608 0.47778799 0.79575163 0.48146446 0.36356209 0.48376225 0.35763889 0.48774510 0.35600490 0.53216912 0.35723039 0.53844975 0.36111111 0.53998162 0.36887255 0.54335172 0.79125817 0.54549632 0.79942810 0.54411765 0.80739379
0 0.55701934 0.34794844 0.61262028 0.35551319 0.62793891 0.80864198 0.56723175 0.81545025
0 0.63909314 0.80657680 0.63066789 0.80269608 0.62882966 0.79125817 0.62086397 0.56495098 0.61718750 0.51388889 0.61289828 0.36478758 0.61519608 0.36131536 0.62162990 0.36049837 0.65931373 0.36499183 0.66574755 0.36785131 0.66743260 0.37132353 0.67080270 0.49101307 0.67509191 0.53921569 0.68213848 0.69526144 0.68489583 0.79901961 0.67677696 0.80249183
0 0.67446215 0.36307795 0.72665895 0.36459090 0.73970815 0.78746066 0.70907090 0.79956427 0.69772377 0.79956427
0 0.73403459 0.36459090 0.78282725 0.37064270 0.80892565 0.79275599 0.77431690 0.79880779 0.76580655 0.79880779 0.76410448 0.79805132 0.76126770 0.79653837
0 0.79871324 0.36459090 0.84807326 0.36761680 0.88097994 0.78821714 0.83956291 0.79653837 0.82935049 0.79199952
0 0.86339188 0.36307795 0.90764570 0.36686032 0.94565859 0.79048656 0.90878041 0.79805132 0.89743328 0.79426894
0 0.92750318 0.36156500 0.96551607 0.37366860 0.99899011 0.77384411 0.99842275 0.78897361 0.96267928 0.79351247
