0 0.14629630 0.17716049 0.21574074 0.17098765 0.25648148 0.73024691 0.22777778 0.73888889 0.20462963 0.73641975 0.19814815 0.73024691
0 0.28400000 0.74650000 0.26625000 0.74050000 0.26237500 0.72900000 0.22637500 0.19300000 0.22612500 0.18100000 0.23000000 0.17316667 0.28775000 0.17116667 0.29950000 0.17316667 0.30162500 0.17766667 0.30062500 0.20600000 0.30537500 0.30900000 0.31037500 0.40200000 0.31512500 0.43466667 0.32837500 0.71366667 0.32225000 0.74350000
0 0.35250000 0.75416667 0.33775000 0.75250000 0.33387500 0.74833333 0.33212500 0.73866667 0.30537500 0.22566667 0.30562500 0.18200000 0.32850000 0.17783333 0.37250000 0.18016667 0.37862500 0.18533333 0.39137500 0.45133333 0.40212500 0.74066667 0.39600000 0.74883333
0 0.43325000 0.75216667 0.40900000 0.74916667 0.40512500 0.74133333 0.38112500 0.19066667 0.38187500 0.18600000 0.38600000 0.18416667 0.45550000 0.18450000 0.45687500 0.18866667 0.46812500 0.73700000 0.46712500 0.74333333 0.46100000 0.74850000
0 0.49275000 0.75716667 0.47475000 0.75483333 0.47037500 0.73633333 0.45837500 0.19833333 0.45925000 0.18883333 0.47025000 0.18650000 0.52625000 0.18850000 0.52987500 0.19000000 0.53137500 0.19966667 0.53662500 0.74466667 0.53350000 0.75116667
0 0.56100000 0.76183333 0.54525000 0.76083333 0.54062500 0.75633333 0.53937500 0.74833333 0.53287500 0.19666667 0.53425000 0.19316667 0.54500000 0.19116667 0.59975000 0.19116667 0.60475000 0.19283333 0.60637500 0.19733333 0.60437500 0.47866667 0.60637500 0.74900000 0.60375000 0.75450000 0.59575000 0.75850000
0 0.64175000 0.76550000 0.61725000 0.76416667 0.61112500 0.75933333 0.60937500 0.75333333 0.60737500 0.23533333 0.61025000 0.19716667 0.67050000 0.19316667 0.67800000 0.19483333 0.68212500 0.20133333 0.67637500 0.75500000 0.67350000 0.76083333
0 0.72425000 0.76550000 0.68950000 0.76416667 0.68100000 0.76050000 0.67912500 0.75600000 0.68387500 0.22233333 0.68487500 0.20566667 0.68750000 0.20116667 0.74750000 0.19750000 0.75337500 0.20066667 0.75437500 0.21366667 0.74312500 0.75700000 0.73950000 0.76383333
0 0.78550000 0.77250000 0.75900000 0.77183333 0.75037500 0.76733333 0.74662500 0.75533333 0.75587500 0.21233333 0.75737500 0.20533333 0.76100000 0.20416667 0.82625000 0.20116667 0.83112500 0.20466667 0.83212500 0.21400000 0.81412500 0.76266667 0.81050000 0.76983333
0 0.85277778 0.20802469 0.91388889 0.20925926 0.88611111 0.77839506 0.84907407 0.78950617 0.82962963 0.78209877
0 0.92685185 0.21543210 0.99444444 0.21172840 0.95370370 0.77839506 0.89722222 0.78703704
