0 0.07169118 0.72160948 0.04901961 0.71915850 0.04243260 0.69362745 0.00536152 0.27083333 0.00536152 0.24509804 0.01348039 0.23958333 0.03492647 0.24448529 0.05238971 0.25674020 0.05468750 0.26388889 0.06326593 0.39419935 0.09206495 0.71078431 0.08915441 0.71834150
0 0.12959559 0.72201797 0.10202206 0.72120098 0.09558824 0.71915850 0.09298407 0.71323529 0.05958946 0.32148693 0.05652574 0.25980392 0.05744485 0.23651961 0.06035539 0.23468137 0.09221814 0.23182190 0.09712010 0.23263889 0.09911152 0.23611111 0.11780025 0.52083333 0.12117034 0.54044118 0.13342525 0.71650327
0 0.14828431 0.72487745 0.13756127 0.72283497 0.13434436 0.71037582 0.10646446 0.30596405 0.10278799 0.23897059 0.10661765 0.23263889 0.14981618 0.23508987 0.15242034 0.23651961 0.15456495 0.24387255 0.18152574 0.71037582 0.18030025 0.71772876 0.17555147 0.72120098
0 0.19914216 0.72242647 0.18458946 0.72099673 0.18152574 0.69771242 0.15701593 0.27205882 0.15701593 0.24468954 0.15977328 0.23774510 0.16360294 0.23590686 0.20526961 0.23631536 0.20756740 0.24346405 0.23054534 0.71323529 0.22824755 0.71834150
0 0.24724265 0.71793301 0.23621324 0.71752451 0.23422181 0.71323529 0.21155025 0.25163399 0.21185662 0.24223856 0.21568627 0.23917484 0.25674020 0.23999183 0.26271446 0.24468954 0.26332721 0.24959150 0.28262868 0.70588235 0.27818627 0.71343954
0 0.31924020 0.71098856 0.28737745 0.71017157 0.28538603 0.70547386 0.26669730 0.28758170 0.26577819 0.25163399 0.26807598 0.24285131 0.30269608 0.24366830 0.30713848 0.24877451 0.30897672 0.25612745 0.31632966 0.41911765 0.31602328 0.47875817 0.32398897 0.70138889 0.32337623 0.70915033
0 0.36580882 0.70690359 0.33731618 0.70608660 0.33318015 0.69771242 0.32061887 0.27042484 0.32123162 0.25531046 0.32751225 0.25102124 0.35232843 0.25102124 0.35860907 0.26266340 0.37117034 0.69444444 0.37025123 0.70465686
0 0.40533088 0.71343954 0.37775735 0.71098856 0.37331495 0.69771242 0.36197917 0.27410131 0.36197917 0.25163399 0.36550245 0.24080882 0.40042892 0.23876634 0.40839461 0.23999183 0.41038603 0.24428105 0.41743260 0.70588235 0.41574755 0.71017157
0 0.43933824 0.71221405 0.42187500 0.71017157 0.41988358 0.69852941 0.41344975 0.24795752 0.41636029 0.24203431 0.45618873 0.23999183 0.46001838 0.24264706 0.46124387 0.24795752 0.46246936 0.70588235 0.45955882 0.71098856
0 0.47855392 0.71303105 0.46691176 0.71017157 0.46553309 0.70138889 0.46430760 0.25204248 0.46660539 0.24366830 0.50674020 0.24244281 0.51026348 0.24468954 0.50842525 0.70710784 0.50674020 0.71098856 0.50214461 0.71262255
0 0.52941176 0.71262255 0.51378676 0.71180556 0.51118260 0.70383987 0.51302083 0.24428105 0.51378676 0.23999183 0.52113971 0.23835784 0.55422794 0.23835784 0.55897672 0.24264706 0.55928309 0.26143791 0.55407475 0.70629085 0.54963235 0.71098856
0 0.58057598 0.71262255 0.56158088 0.71180556 0.55744485 0.70915033 0.55591299 0.70383987 0.56234681 0.25204248 0.56295956 0.24019608 0.56801471 0.23549837 0.60386029 0.23754085 0.60891544 0.24142157 0.59880515 0.70506536 0.59497549 0.71098856
0 0.61151961 0.71058007 0.60355392 0.70935458 0.60125613 0.70261438 0.61075368 0.24632353 0.61488971 0.23876634 0.65042892 0.24040033 0.65548407 0.24428105 0.65579044 0.27205882 0.64353554 0.69812092 0.64200368 0.70547386 0.63602941 0.70935458
0 0.66329657 0.70976307 0.65196078 0.70935458 0.64598652 0.70547386 0.64905025 0.54044118 0.65824142 0.25449346 0.65977328 0.24305556 0.66237745 0.23917484 0.70159314 0.23958333 0.70511642 0.24428105 0.70327819 0.31821895 0.69500613 0.56209150 0.69132966 0.60661765 0.68979779 0.70383987 0.68566176 0.70812908
0 0.70710784 0.71139706 0.69791667 0.71058007 0.69286152 0.70547386 0.69194240 0.68872549 0.70726103 0.25040850 0.70879289 0.24060458 0.71292892 0.23549837 0.75214461 0.23672386 0.75505515 0.24060458 0.75321691 0.32312092 0.73759191 0.70424837 0.72640931 0.70935458
0 0.75796569 0.70935458 0.74417892 0.70772059 0.73881740 0.70179739 0.75413603 0.38194444 0.75781250 0.24591503 0.75965074 0.23815359 0.76378676 0.23549837 0.79871324 0.23631536 0.80407475 0.24060458 0.80407475 0.26960784 0.78477328 0.68218954 0.78232230 0.70138889 0.77941176 0.70567810
0 0.79748775 0.70404412 0.78783701 0.70138889 0.78691789 0.68096405 0.79335172 0.57271242 0.80683211 0.24428105 0.81770833 0.24080882 0.84191176 0.24203431 0.84666054 0.24428105 0.84666054 0.24959150 0.82705270 0.68668301 0.82261029 0.69995915
0 0.83639706 0.69546569 0.82950368 0.69321895 0.82858456 0.68218954 0.83164828 0.64705882 0.83318015 0.57148693 0.84022672 0.44893791 0.84757966 0.25449346 0.84957108 0.24734477 0.87806373 0.24816176 0.88342525 0.25204248 0.88158701 0.33333333 0.86289828 0.68137255 0.86167279 0.68790850 0.85753676 0.69260621
0 0.87714461 0.68974673 0.86519608 0.68974673 0.86381740 0.68055556 0.88219975 0.34599673 0.88403799 0.25245098 0.88848039 0.24938725 0.92064951 0.25102124 0.92264093 0.25285948 0.92172181 0.29493464 0.90762868 0.53145425 0.90242034 0.67851307 0.90088848 0.68504902 0.89797794 0.68729575
0 0.92187500 0.68811275 0.90471814 0.68688725 0.90303309 0.67892157 0.90732230 0.55678105 0.91773897 0.41870915 0.92601103 0.25980392 0.92800245 0.25510621 0.93382353 0.25183824 0.95986520 0.25388072 0.96461397 0.25653595 0.96706495 0.26797386 0.95419730 0.43586601 0.95205270 0.50285948 0.94102328 0.67973856 0.93596814 0.68688725
0 0.96323529 0.68566176 0.94332108 0.68443627 0.94163603 0.67769608 0.95235907 0.51429739 0.95419730 0.45547386 0.96829044 0.26102941 0.97365196 0.25510621 0.99969363 0.25469771 0.99969363 0.42973856 0.99800858 0.43055556 0.99126838 0.50449346 0.98330270 0.63888889 0.97870711 0.68014706 0.97518382 0.68402778
