0 0.0 0.18934081346423562 0.0 0.40532959326788215 0.027173913043478302 0.6549789621318373 0.07871669004207578 0.6563814866760168 0.03348527349228615 0.19915848527349228
0 0.04295231416549793 0.19775596072931273 0.0818723702664797 0.6535764375876577 0.14288218793828894 0.6549789621318373 0.09344319775596077 0.20196353436185133
0 0.10291023842917255 0.20196353436185133 0.15340112201963538 0.20196353436185133 0.21335904628330998 0.6479663394109397 0.15445301542777 0.6521739130434783
0 0.16602384291725109 0.20757363253856942 0.2091514726507714 0.20757363253856942 0.2649018232819075 0.6409537166900421 0.2238779803646564 0.6437587657784011
0 0.21335904628330998 0.2061711079943899 0.26700561009817675 0.20897615708274891 0.313288920056101 0.6367461430575034 0.2712131837307153 0.6423562412342215
0 0.27226507713884995 0.21037868162692844 0.3174964936886396 0.211781206171108 0.3553646563814867 0.638148667601683 0.3206521739130435 0.6395511921458625
0 0.33011921458625526 0.2061711079943899 0.3700911640953717 0.21598877980364656 0.40164796633941097 0.6339410939691444 0.3627279102384292 0.6395511921458625
0 0.3785063113604488 0.211781206171108 0.41321879382889204 0.21739130434782608 0.44477559607293127 0.6297335203366058 0.40480364656381485 0.638148667601683
0 0.4237377279102384 0.21598877980364656 0.4637096774193548 0.21739130434782608 0.4857994389901823 0.6213183730715287 0.4479312762973352 0.6339410939691444
0 0.472124824684432 0.211781206171108 0.5089410939691444 0.21739130434782608 0.5236676016830295 0.6241234221598878 0.486851332398317 0.6297335203366058
0 0.5142005610098177 0.21037868162692844 0.5573281907433381 0.211781206171108 0.5657433380084151 0.6241234221598878 0.527875175315568 0.6255259467040672
0 0.5615357643758766 0.21037868162692844 0.6004558204768584 0.211781206171108 0.6057152875175316 0.6241234221598878 0.5667952314165499 0.6241234221598878
0 0.6078190743338009 0.214586255259467 0.6414796633941094 0.21739130434782608 0.6404277699859747 0.6157082748948106 0.6057152875175316 0.6185133239831696
0 0.6541023842917251 0.211781206171108 0.6835553997194951 0.21598877980364656 0.6793478260869565 0.6185133239831696 0.6498948106591865 0.6157082748948106
0 0.6961781206171108 0.21598877980364656 0.7245792426367461 0.21879382889200558 0.7203716690042076 0.6143057503506311 0.6919705469845722 0.6171107994389902
0 0.7414095371669004 0.2131837307152875 0.7687587657784012 0.21739130434782608 0.7613955119214586 0.6100981767180925 0.7266830294530154 0.6115007012622721
0 0.7740182328190742 0.22159887798036465 0.801367461430575 0.22300140252454415 0.7908485273492286 0.6044880785413744 0.7634992987377279 0.6100981767180925
0 0.8055750350631137 0.22300140252454415 0.8350280504908835 0.22300140252454415 0.8245091164095372 0.6016830294530153 0.7929523141654979 0.603085553997195
0 0.8434431977559608 0.22300140252454415 0.8728962131837308 0.22300140252454415 0.8571178120617111 0.5988779803646563 0.8266129032258064 0.5988779803646563
0 0.8781556802244038 0.22580645161290322 0.901297335203366 0.22861150070126224 0.8876227208976157 0.5932678821879382 0.8613253856942497 0.5932678821879382
0 0.9160238429172511 0.22159887798036465 0.9507363253856942 0.22159887798036465 0.9328541374474053 0.5876577840112202 0.8981416549789621 0.5904628330995793
0 0.9580995792426367 0.21879382889200558 0.9970196353436185 0.214586255259467 0.9738779803646563 0.5904628330995793 0.9339060308555399 0.5890603085553997
