0 0.10075000 0.43750000 0.08425000 0.43650000 0.07912500 0.42433333 0.03287500 0.11466667 0.03012500 0.09233333 0.03012500 0.08833333 0.03250000 0.08650000 0.06025000 0.08783333 0.06212500 0.09200000 0.06337500 0.10666667 0.06612500 0.11133333 0.09487500 0.33366667 0.10537500 0.39966667 0.10812500 0.43300000 0.10650000 0.43616667
0 0.12700000 0.43916667 0.11125000 0.43650000 0.10912500 0.43000000 0.10062500 0.36266667 0.09462500 0.32933333 0.07437500 0.16266667 0.06687500 0.11600000 0.06512500 0.09200000 0.06825000 0.09050000 0.09575000 0.09316667 0.09787500 0.10733333 0.10062500 0.11266667 0.11262500 0.20600000 0.11287500 0.22500000 0.13912500 0.43366667 0.13850000 0.43650000
0 0.15900000 0.43850000 0.14275000 0.43750000 0.14087500 0.43566667 0.13937500 0.42733333 0.13237500 0.36066667 0.12262500 0.29133333 0.11187500 0.18533333 0.10337500 0.12433333 0.10162500 0.09566667 0.10350000 0.09250000 0.12700000 0.09250000 0.13187500 0.09600000 0.13312500 0.10333333 0.14187500 0.19833333 0.14762500 0.23866667 0.16862500 0.42900000 0.16750000 0.43750000
0 0.19425000 0.44050000 0.17350000 0.44016667 0.16912500 0.43500000 0.14862500 0.25366667 0.14837500 0.23933333 0.14637500 0.23200000 0.13837500 0.16133333 0.13612500 0.11900000 0.13387500 0.10833333 0.13475000 0.09550000 0.15825000 0.09550000 0.16237500 0.10400000 0.16837500 0.16966667 0.17237500 0.19200000 0.17837500 0.24666667 0.18762500 0.34966667 0.19762500 0.43166667 0.19737500 0.43933333
0 0.21775000 0.44416667 0.20125000 0.44416667 0.19887500 0.43966667 0.19612500 0.42433333 0.18012500 0.27433333 0.17537500 0.22166667 0.17512500 0.20100000 0.16887500 0.17000000 0.16437500 0.12400000 0.16312500 0.10000000 0.16575000 0.09783333 0.18950000 0.09883333 0.19162500 0.10333333 0.19137500 0.11566667 0.19487500 0.13500000 0.19687500 0.16700000 0.22612500 0.43566667 0.22475000 0.44150000
0 0.24625000 0.44716667 0.23050000 0.44516667 0.22787500 0.44366667 0.22612500 0.43833333 0.20812500 0.26766667 0.20337500 0.20900000 0.19487500 0.14033333 0.19287500 0.10366667 0.19675000 0.10116667 0.21725000 0.10083333 0.22212500 0.10366667 0.22762500 0.17400000 0.23087500 0.19400000 0.25487500 0.43600000 0.25400000 0.44516667
0 0.27825000 0.44916667 0.25975000 0.44850000 0.25437500 0.44333333 0.23787500 0.26800000 0.23262500 0.19566667 0.22762500 0.16633333 0.22387500 0.12700000 0.22312500 0.10700000 0.22475000 0.10316667 0.24525000 0.10216667 0.25012500 0.10366667 0.25762500 0.22500000 0.26487500 0.27566667 0.27362500 0.37766667 0.28062500 0.43466667 0.28112500 0.44633333
0 0.29625000 0.45450000 0.28350000 0.45183333 0.28087500 0.44100000 0.27687500 0.39366667 0.27312500 0.36933333 0.26287500 0.24000000 0.25987500 0.22866667 0.25537500 0.18633333 0.25137500 0.10766667 0.25575000 0.10383333 0.27950000 0.10450000 0.28562500 0.10766667 0.28412500 0.11533333 0.28862500 0.16800000 0.28962500 0.21066667 0.29687500 0.26600000 0.31287500 0.45100000 0.30950000 0.45416667
0 0.33100000 0.45583333 0.31775000 0.45516667 0.31362500 0.45133333 0.31262500 0.44500000 0.28612500 0.14233333 0.28512500 0.11000000 0.28600000 0.10750000 0.29050000 0.10616667 0.31100000 0.10683333 0.31512500 0.11133333 0.32087500 0.21000000 0.34262500 0.44966667 0.34100000 0.45416667
0 0.36675000 0.45716667 0.34925000 0.45683333 0.34500000 0.45516667 0.34312500 0.45066667 0.32812500 0.28800000 0.32362500 0.22100000 0.32087500 0.20266667 0.31637500 0.13100000 0.31637500 0.11400000 0.31825000 0.10950000 0.34200000 0.10950000 0.34412500 0.11200000 0.34512500 0.11900000 0.37137500 0.44733333 0.37112500 0.45533333
0 0.39025000 0.46250000 0.37500000 0.46050000 0.37112500 0.45200000 0.35587500 0.24866667 0.35437500 0.20500000 0.34587500 0.11733333 0.34587500 0.11100000 0.34925000 0.10850000 0.36175000 0.10716667 0.37125000 0.10950000 0.37462500 0.11200000 0.37612500 0.11866667 0.39962500 0.45033333 0.39987500 0.45900000 0.39850000 0.46083333
0 0.41950000 0.46416667 0.40450000 0.46383333 0.40062500 0.45933333 0.39937500 0.45300000 0.38662500 0.23833333 0.37812500 0.13133333 0.37787500 0.11500000 0.38075000 0.11083333 0.39675000 0.10983333 0.40400000 0.11116667 0.40887500 0.11500000 0.41362500 0.23700000 0.41737500 0.26800000 0.42962500 0.45800000 0.42775000 0.46316667
0 0.45125000 0.46583333 0.43575000 0.46550000 0.43075000 0.46350000 0.42962500 0.46000000 0.41162500 0.16200000 0.41037500 0.11566667 0.41200000 0.11383333 0.43650000 0.11516667 0.43975000 0.11616667 0.44137500 0.12000000 0.44487500 0.16700000 0.44562500 0.22500000 0.44862500 0.24700000 0.45937500 0.43366667 0.45962500 0.46266667
0 0.48275000 0.46950000 0.46375000 0.46850000 0.46012500 0.45966667 0.44312500 0.12700000 0.44337500 0.11900000 0.44750000 0.11450000 0.45925000 0.11283333 0.47237500 0.11566667 0.48787500 0.43666667 0.48762500 0.46633333
0 0.51100000 0.46983333 0.49425000 0.46950000 0.49050000 0.46750000 0.48937500 0.46366667 0.47412500 0.12366667 0.47437500 0.11533333 0.47925000 0.11350000 0.50150000 0.11350000 0.50512500 0.11933333 0.50362500 0.13500000 0.50662500 0.18066667 0.50762500 0.24100000 0.51087500 0.27133333 0.51787500 0.44833333 0.51737500 0.46633333
0 0.53650000 0.47316667 0.52150000 0.47216667 0.51887500 0.46166667 0.50712500 0.16500000 0.50687500 0.12266667 0.50825000 0.11883333 0.51300000 0.11750000 0.53275000 0.11850000 0.53487500 0.12500000 0.54687500 0.44400000 0.54887500 0.46400000 0.54800000 0.47116667
0 0.56575000 0.46316667 0.55225000 0.46316667 0.54912500 0.46033333 0.54787500 0.45266667 0.53662500 0.14000000 0.53762500 0.11166667 0.54075000 0.10783333 0.54400000 0.10716667 0.56425000 0.10750000 0.56712500 0.11166667 0.56962500 0.13566667 0.57087500 0.24866667 0.57737500 0.45600000 0.57712500 0.45933333 0.57450000 0.46183333
0 0.59325000 0.47883333 0.58350000 0.47883333 0.58012500 0.47533333 0.57812500 0.44566667 0.57037500 0.12700000 0.57225000 0.12250000 0.57900000 0.12016667 0.59525000 0.12016667 0.60100000 0.12283333 0.60212500 0.12633333 0.60237500 0.22600000 0.60912500 0.47200000 0.60750000 0.47716667
0 0.62325000 0.48183333 0.61150000 0.47983333 0.60987500 0.47466667 0.60287500 0.13133333 0.60362500 0.12533333 0.60750000 0.12150000 0.62725000 0.12050000 0.63275000 0.12283333 0.63362500 0.12700000 0.64037500 0.46733333 0.63925000 0.47883333
0 0.65875000 0.48350000 0.64575000 0.48316667 0.64212500 0.48033333 0.64087500 0.47600000 0.63412500 0.13933333 0.63537500 0.12766667 0.63875000 0.12250000 0.66250000 0.12450000 0.66512500 0.12700000 0.66662500 0.13433333 0.67037500 0.38800000 0.67012500 0.47233333 0.66962500 0.47900000 0.66725000 0.48216667
0 0.69100000 0.48450000 0.67350000 0.48416667 0.67062500 0.47800000 0.66787500 0.13833333 0.66912500 0.12733333 0.67750000 0.12483333 0.69625000 0.12516667 0.69887500 0.12700000 0.69962500 0.13133333 0.70062500 0.47133333 0.69887500 0.48266667
0 0.71550000 0.48683333 0.70525000 0.48616667 0.70337500 0.48400000 0.70212500 0.46600000 0.70237500 0.13866667 0.70287500 0.13066667 0.70550000 0.12750000 0.72500000 0.12616667 0.72900000 0.12650000 0.73237500 0.13100000 0.73112500 0.24766667 0.73312500 0.31433333 0.73237500 0.47933333 0.72975000 0.48483333
0 0.74575000 0.48416667 0.73350000 0.48316667 0.73212500 0.47200000 0.73387500 0.45166667 0.73262500 0.42066667 0.73312500 0.13433333 0.73600000 0.13016667 0.75200000 0.12916667 0.75750000 0.13050000 0.75912500 0.13433333 0.76062500 0.16533333 0.75912500 0.45266667 0.75762500 0.48033333 0.75475000 0.48316667
0 0.76825000 0.48816667 0.76375000 0.48683333 0.76212500 0.48300000 0.76162500 0.45733333 0.76237500 0.33000000 0.76512500 0.29500000 0.76587500 0.24566667 0.76512500 0.16566667 0.76912500 0.13433333 0.77150000 0.13183333 0.79050000 0.13083333 0.79500000 0.13216667 0.79712500 0.13833333 0.79312500 0.47700000 0.79100000 0.48683333
0 0.80700000 0.48916667 0.79750000 0.48850000 0.79462500 0.48633333 0.79387500 0.48300000 0.79812500 0.13866667 0.79925000 0.13483333 0.80325000 0.13316667 0.83050000 0.13183333 0.83462500 0.13433333 0.83537500 0.14033333 0.82662500 0.46766667 0.82537500 0.48266667 0.82250000 0.48816667
0 0.85317460 0.13756614 0.87698413 0.13597884 0.84523810 0.48783069 0.82777778 0.48571429
0 0.88373016 0.14550265 0.90714286 0.14708995 0.86825397 0.48677249 0.84841270 0.48465608
0 0.91230159 0.13756614 0.93928571 0.13756614 0.89166667 0.48518519 0.86865079 0.48624339
0 0.95396825 0.14232804 0.97857143 0.14285714 0.92261905 0.49523810 0.89880952 0.49417989
0 0.12175000 0.80616667 0.11125000 0.80316667 0.10762500 0.78800000 0.07612500 0.55833333 0.07462500 0.53033333 0.07625000 0.52516667 0.08150000 0.52683333 0.10000000 0.52483333 0.10612500 0.54400000 0.10662500 0.55800000 0.11212500 0.59533333 0.11387500 0.61966667 0.12987500 0.75233333 0.13262500 0.76566667 0.13512500 0.79433333 0.13425000 0.80316667
0 0.10476190 0.52645503 0.12936508 0.52645503 0.12420635 0.53386243 0.16071429 0.80423280 0.13769841 0.80423280
0 0.12539683 0.53386243 0.15396825 0.53439153 0.18611111 0.81216931 0.16349206 0.81640212
0 0.16230159 0.53544974 0.19047619 0.53492063 0.21785714 0.81269841 0.19285714 0.81534392
0 0.19285714 0.53809524 0.21904762 0.53333333 0.24523810 0.81164021 0.21746032 0.81216931
0 0.22182540 0.54232804 0.24523810 0.54021164 0.27301587 0.81164021 0.24801587 0.81904762
0 0.24880952 0.54285714 0.27579365 0.53809524 0.29841270 0.81693122 0.27301587 0.81904762
0 0.27857143 0.54444444 0.30396825 0.54444444 0.32460317 0.81851852 0.30039683 0.82328042
0 0.30714286 0.54497354 0.33333333 0.54391534 0.35119048 0.82010582 0.32420635 0.82169312
0 0.33531746 0.54338624 0.36071429 0.54391534 0.37698413 0.81693122 0.35198413 0.81957672
0 0.36269841 0.54603175 0.38968254 0.54444444 0.40039683 0.81375661 0.37857143 0.81693122
0 0.39126984 0.54761905 0.41666667 0.54444444 0.42658730 0.81534392 0.40317460 0.81746032
0 0.41984127 0.54708995 0.44642857 0.54497354 0.45198413 0.81798942 0.42857143 0.81851852
0 0.44841270 0.54867725 0.47341270 0.54814815 0.47738095 0.81851852 0.45317460 0.81957672
0 0.49200000 0.82116667 0.48250000 0.82083333 0.47962500 0.81833333 0.47762500 0.81066667 0.47712500 0.79933333 0.47612500 0.62700000 0.47437500 0.56766667 0.47612500 0.55100000 0.47875000 0.54816667 0.48625000 0.54750000 0.49825000 0.54783333 0.50212500 0.55200000 0.50312500 0.55666667 0.50262500 0.81166667 0.50150000 0.81883333
0 0.51450000 0.82716667 0.50600000 0.82450000 0.50412500 0.82233333 0.50287500 0.80533333 0.50337500 0.55233333 0.50550000 0.54950000 0.52550000 0.54916667 0.52925000 0.54983333 0.53112500 0.55233333 0.53162500 0.56366667 0.52937500 0.65266667 0.53037500 0.70933333 0.52887500 0.74600000 0.52837500 0.82000000 0.52762500 0.82400000 0.52575000 0.82583333
0 0.54250000 0.82983333 0.53325000 0.82983333 0.53087500 0.82766667 0.52912500 0.82266667 0.52837500 0.81066667 0.53187500 0.57733333 0.53375000 0.55216667 0.53625000 0.55083333 0.55475000 0.55083333 0.56137500 0.55300000 0.56262500 0.55633333 0.56262500 0.56566667 0.55912500 0.63733333 0.55887500 0.68966667 0.55462500 0.82633333 0.55300000 0.82883333
0 0.56625000 0.83583333 0.55912500 0.83400000 0.55612500 0.82433333 0.55537500 0.81266667 0.55662500 0.75100000 0.56412500 0.55733333 0.56825000 0.55283333 0.59200000 0.55350000 0.59487500 0.55700000 0.59512500 0.57266667 0.59062500 0.63866667 0.58887500 0.70833333 0.58337500 0.82700000 0.58125000 0.83150000
0 0.59960317 0.57195767 0.61706349 0.57248677 0.60396825 0.83227513 0.58373016 0.83174603
0 0.65515873 0.57566138 0.68531746 0.57248677 0.68690476 0.84444444 0.65714286 0.84391534
0 0.71190476 0.56190476 0.74801587 0.53703704 0.75555556 0.84603175 0.74484127 0.85026455 0.72857143 0.85291005 0.71626984 0.84920635
0 0.76230159 0.59735450 0.78492063 0.58624339 0.78888889 0.84656085 0.76468254 0.84973545
0 0.78968254 0.55238095 0.80357143 0.54444444 0.80793651 0.85079365 0.79444444 0.85238095
0 0.81388889 0.54867725 0.82539683 0.53862434 0.89126984 0.75026455 0.87380952 0.75873016
0 0.80674603 0.60158730 0.81309524 0.59576720 0.86666667 0.83386243 0.84404762 0.84656085 0.81547619 0.66666667 0.81349206 0.60952381
