0 0.08100000 0.85050000 0.04150000 0.84583333 0.03612500 0.83900000 0.01312500 0.19133333 0.01212500 0.13200000 0.01625000 0.12450000 0.06475000 0.12483333 0.08025000 0.13150000 0.08312500 0.13833333 0.08087500 0.14700000 0.08362500 0.21733333 0.08112500 0.22500000 0.08437500 0.24500000 0.08562500 0.50633333 0.08937500 0.74033333 0.09287500 0.78433333 0.09187500 0.84200000
0 0.14800000 0.85550000 0.09975000 0.85250000 0.09637500 0.83866667 0.08537500 0.17266667 0.08612500 0.13600000 0.09175000 0.12916667 0.14787500 0.13500000 0.14587500 0.14700000 0.15312500 0.37200000 0.15962500 0.82600000 0.15712500 0.85366667
0 0.21300000 0.85950000 0.17000000 0.85583333 0.16412500 0.85033333 0.15362500 0.24400000 0.15312500 0.14200000 0.15550000 0.13383333 0.19500000 0.13483333 0.21362500 0.14266667 0.21837500 0.83066667 0.21737500 0.85366667
0 0.26775000 0.86650000 0.22575000 0.86183333 0.21937500 0.85566667 0.21812500 0.21866667 0.22050000 0.14116667 0.27150000 0.14283333 0.27612500 0.14766667 0.27887500 0.17300000 0.27662500 0.84233333 0.27487500 0.86133333
0 0.33025000 0.87550000 0.28350000 0.86783333 0.28037500 0.85100000 0.28362500 0.19333333 0.28562500 0.15033333 0.28875000 0.14550000 0.33800000 0.14883333 0.34237500 0.15066667 0.34312500 0.15733333 0.34162500 0.77633333 0.33662500 0.86933333
0 0.40075000 0.88583333 0.35200000 0.88183333 0.34562500 0.87700000 0.34412500 0.87033333 0.34787500 0.58966667 0.34787500 0.15700000 0.34950000 0.14983333 0.35550000 0.14816667 0.40775000 0.14983333 0.41012500 0.15833333 0.40562500 0.86600000
0 0.46050000 0.89116667 0.41250000 0.88850000 0.40712500 0.86966667 0.41537500 0.26200000 0.42000000 0.14950000 0.47125000 0.15350000 0.47887500 0.16500000 0.46862500 0.82700000 0.46637500 0.88500000
0 0.52550000 0.89516667 0.48250000 0.89350000 0.47212500 0.87800000 0.48512500 0.20633333 0.48762500 0.15866667 0.49425000 0.15550000 0.53250000 0.15816667 0.54750000 0.16183333 0.54962500 0.16633333 0.53187500 0.87700000 0.53037500 0.89266667
0 0.58475000 0.90483333 0.54025000 0.90083333 0.53612500 0.89600000 0.53437500 0.88100000 0.55337500 0.22066667 0.55662500 0.16300000 0.56050000 0.16050000 0.60800000 0.16383333 0.61525000 0.16616667 0.61587500 0.17300000 0.59387500 0.88100000 0.59237500 0.90033333
0 0.60825000 0.88716667 0.59862500 0.88466667 0.59662500 0.85966667 0.59937500 0.76766667 0.60362500 0.74933333 0.60162500 0.70133333 0.60612500 0.51733333 0.61912500 0.18033333 0.62400000 0.17616667 0.68075000 0.18150000 0.68237500 0.25200000 0.65937500 0.72433333 0.66212500 0.73333333 0.65862500 0.76366667 0.65587500 0.87866667 0.65050000 0.88516667
0 0.70925000 0.89083333 0.66225000 0.88716667 0.65737500 0.88166667 0.67362500 0.48433333 0.68412500 0.33033333 0.68812500 0.18200000 0.69625000 0.17583333 0.74900000 0.18116667 0.75237500 0.18566667 0.71637500 0.85466667 0.71312500 0.88866667
0 0.78100000 0.91050000 0.72475000 0.90116667 0.71787500 0.88600000 0.75562500 0.19733333 0.75812500 0.18200000 0.76250000 0.18016667 0.82650000 0.18283333 0.82987500 0.18900000 0.78787500 0.87566667 0.78462500 0.90733333
0 0.86150000 0.93716667 0.80650000 0.92816667 0.79462500 0.92000000 0.78937500 0.90466667 0.80837500 0.63700000 0.83287500 0.18933333 0.83687500 0.17400000 0.84150000 0.17216667 0.90900000 0.17416667 0.91887500 0.17800000 0.91837500 0.20766667 0.86662500 0.93200000
0 0.94250000 0.16444444 0.99975000 0.17336652 0.99975000 0.22666667 0.94500000 0.94888889 0.88333333 0.94888889
