0 0.06050000 0.54783333 0.04825000 0.54783333 0.04037500 0.54500000 0.03287500 0.49800000 0.03137500 0.45900000 0.02537500 0.41933333 0.00762500 0.25600000 0.00237500 0.21900000 0.00012500 0.21766667 0.00025000 0.14850000 0.05425000 0.15050000 0.06512500 0.15600000 0.07037500 0.23500000 0.07012500 0.25600000 0.07587500 0.32366667 0.08537500 0.39200000 0.09287500 0.47533333 0.09662500 0.48633333 0.09737500 0.51400000 0.09562500 0.51966667 0.09987500 0.54233333 0.09250000 0.54650000
0 0.12125000 0.55016667 0.10900000 0.54950000 0.10425000 0.54683333 0.10237500 0.54200000 0.09887500 0.48300000 0.09412500 0.45200000 0.08862500 0.37800000 0.08187500 0.32666667 0.07712500 0.25300000 0.06737500 0.15866667 0.07175000 0.15383333 0.13425000 0.15650000 0.13787500 0.15866667 0.13837500 0.16233333 0.13912500 0.19833333 0.14412500 0.24433333 0.14412500 0.28666667 0.14637500 0.31966667 0.15087500 0.34900000 0.15337500 0.40300000 0.16012500 0.47533333 0.16312500 0.48433333 0.16762500 0.54466667 0.15850000 0.54816667
0 0.21025000 0.54783333 0.17450000 0.54783333 0.16937500 0.54366667 0.16737500 0.50366667 0.16162500 0.45933333 0.15737500 0.40533333 0.15262500 0.29866667 0.14137500 0.16266667 0.14187500 0.15633333 0.14375000 0.15416667 0.20250000 0.15583333 0.20875000 0.15850000 0.21237500 0.16566667 0.21762500 0.26300000 0.21687500 0.28600000 0.21862500 0.31100000 0.21662500 0.33033333 0.22162500 0.34200000 0.23337500 0.54466667
0 0.28325000 0.54716667 0.24025000 0.54583333 0.23562500 0.54166667 0.23462500 0.53766667 0.23162500 0.47366667 0.23237500 0.45866667 0.22737500 0.38966667 0.21862500 0.19733333 0.21562500 0.16700000 0.21712500 0.16233333 0.21950000 0.16116667 0.27325000 0.16250000 0.28537500 0.16600000 0.28562500 0.33033333 0.28937500 0.37100000 0.29262500 0.46666667 0.29587500 0.48233333 0.29662500 0.54033333 0.29425000 0.54516667
0 0.33950000 0.54716667 0.30350000 0.54650000 0.30037500 0.54033333 0.29212500 0.18633333 0.29212500 0.17033333 0.29450000 0.16650000 0.29875000 0.16516667 0.34975000 0.16850000 0.35437500 0.17400000 0.35562500 0.31933333 0.36087500 0.52200000 0.36262500 0.53900000 0.36150000 0.54216667 0.35525000 0.54550000
0 0.39925000 0.54183333 0.37275000 0.54183333 0.36950000 0.54116667 0.36737500 0.53733333 0.36637500 0.47433333 0.36512500 0.47100000 0.36712500 0.45933333 0.36687500 0.26633333 0.36412500 0.17000000 0.36575000 0.16616667 0.36875000 0.16483333 0.42075000 0.16750000 0.42475000 0.16916667 0.42587500 0.17266667 0.42587500 0.25366667 0.42337500 0.31300000 0.42587500 0.47866667 0.42512500 0.53700000 0.42050000 0.54016667
0 0.46825000 0.54516667 0.43625000 0.54350000 0.43050000 0.54150000 0.42862500 0.53733333 0.43087500 0.26800000 0.42962500 0.17733333 0.43037500 0.17033333 0.43625000 0.16750000 0.48325000 0.16750000 0.49162500 0.17033333 0.48737500 0.34433333 0.48762500 0.53766667 0.48650000 0.54250000
0 0.54100000 0.54550000 0.50175000 0.54483333 0.49462500 0.54066667 0.49437500 0.49800000 0.49862500 0.45133333 0.49912500 0.31833333 0.50212500 0.23033333 0.50112500 0.17000000 0.50925000 0.16716667 0.55625000 0.16883333 0.56237500 0.17400000 0.56187500 0.22533333 0.55862500 0.27133333 0.55662500 0.39333333 0.55262500 0.47833333 0.55387500 0.48300000 0.55212500 0.53733333 0.54975000 0.54250000
0 0.60075000 0.54083333 0.56400000 0.54050000 0.55487500 0.53700000 0.56612500 0.17933333 0.56637500 0.17433333 0.56850000 0.17150000 0.61500000 0.17316667 0.62150000 0.17616667 0.62412500 0.18100000 0.61512500 0.33300000 0.60962500 0.45900000 0.60837500 0.53333333 0.60725000 0.53783333
0 0.63921569 0.16862745 0.69852941 0.17124183 0.66960784 0.54183007 0.64754902 0.54575163 0.62254902 0.54575163
0 0.70735294 0.17320261 0.75980392 0.17385621 0.72598039 0.53464052 0.67843137 0.54509804
0 0.76715686 0.17385621 0.81519608 0.17777778 0.77990196 0.53464052 0.73186275 0.53725490
0 0.83921569 0.17843137 0.89019608 0.18039216 0.84411765 0.54052288 0.79950980 0.54117647
0 0.92303922 0.17058824 0.97156863 0.17647059 0.91568627 0.54379085 0.87205882 0.54313725
0 0.04068627 0.67973856 0.10539216 0.67450980 0.13921569 0.97777778 0.08333333 0.99281046
0 0.11225490 0.67385621 0.17107843 0.66535948 0.19852941 0.96928105 0.14264706 0.98235294
0 0.17549020 0.66666667 0.23284314 0.66274510 0.25392157 0.97124183 0.20000000 0.97712418
0 0.24019608 0.67124183 0.29509804 0.65686275 0.31176471 0.95490196 0.26078431 0.96928105
0 0.29950980 0.66339869 0.35441176 0.66143791 0.36911765 0.96339869 0.31666667 0.96732026
0 0.36617647 0.66078431 0.42058824 0.65816993 0.42058824 0.95490196 0.37009804 0.96143791
0 0.42745098 0.65882353 0.47696078 0.65098039 0.47647059 0.94705882 0.42696078 0.95424837
0 0.48137255 0.65359477 0.53774510 0.65620915 0.53137255 0.95947712 0.47990196 0.95294118
0 0.54803922 0.66143791 0.60343137 0.65882353 0.58872549 0.96013072 0.53774510 0.96470588
0 0.61078431 0.65555556 0.66911765 0.65555556 0.64558824 0.95947712 0.59166667 0.96209150
