0 0.07350000 0.95983333 0.05225000 0.95750000 0.04637500 0.94433333 0.04562500 0.26866667 0.04262500 0.17766667 0.04362500 0.13933333 0.04775000 0.13283333 0.14250000 0.14416667 0.14962500 0.15433333 0.14587500 0.93566667 0.14362500 0.95133333 0.13875000 0.95450000
0 0.22550000 0.95450000 0.15775000 0.95450000 0.14987500 0.94933333 0.15287500 0.19833333 0.15362500 0.15366667 0.15750000 0.14950000 0.24850000 0.16050000 0.25287500 0.16566667 0.24237500 0.93733333 0.24025000 0.95183333
0 0.31850000 0.95816667 0.25450000 0.95683333 0.24912500 0.94933333 0.25712500 0.20000000 0.25887500 0.15833333 0.26675000 0.15416667 0.34950000 0.16483333 0.35437500 0.17300000 0.33487500 0.95133333 0.33400000 0.95516667
0 0.41425000 0.96050000 0.34975000 0.95950000 0.34487500 0.95133333 0.34562500 0.76033333 0.35362500 0.51633333 0.35787500 0.49833333 0.35762500 0.34566667 0.36212500 0.27166667 0.36012500 0.20100000 0.36525000 0.17683333 0.38875000 0.17750000 0.40000000 0.18316667 0.42900000 0.18150000 0.45100000 0.18483333 0.45437500 0.18933333 0.43112500 0.94833333 0.42600000 0.95916667
0 0.51400000 0.96316667 0.44700000 0.96083333 0.44362500 0.95233333 0.44337500 0.81166667 0.45212500 0.65433333 0.44962500 0.64300000 0.46187500 0.27466667 0.46587500 0.18966667 0.47050000 0.18550000 0.55275000 0.19383333 0.55662500 0.19933333 0.52562500 0.93066667 0.52312500 0.95900000
0 0.54925000 0.95616667 0.54287500 0.95200000 0.54387500 0.90433333 0.56537500 0.36266667 0.56637500 0.29966667 0.56287500 0.28300000 0.56662500 0.20900000 0.57050000 0.19683333 0.64675000 0.20450000 0.64737500 0.26933333 0.64662500 0.28266667 0.64037500 0.29866667 0.63762500 0.34066667 0.61737500 0.84766667 0.60962500 0.95033333 0.60150000 0.95516667 0.58025000 0.95216667
0 0.69433333 0.96216667 0.63533333 0.96216667 0.62245833 0.95133333 0.63345833 0.78266667 0.63795833 0.64600000 0.63845833 0.61200000 0.64345833 0.46700000 0.64920833 0.40333333 0.65395833 0.38900000 0.66120833 0.21600000 0.66245833 0.20533333 0.66633333 0.20350000 0.74133333 0.21216667 0.74520833 0.22033333 0.71770833 0.68066667 0.70595833 0.95166667
0 0.73800000 0.95716667 0.72075000 0.95683333 0.71837500 0.95000000 0.73987500 0.58000000 0.74387500 0.56866667 0.74412500 0.51266667 0.75512500 0.31600000 0.74962500 0.30666667 0.75237500 0.24033333 0.75587500 0.22166667 0.76375000 0.22116667 0.81850000 0.22883333 0.82625000 0.23116667 0.82887500 0.23700000 0.82312500 0.31466667 0.81762500 0.32566667 0.81737500 0.39366667 0.80412500 0.56700000 0.80337500 0.64366667 0.78337500 0.94033333 0.77950000 0.95383333
0 0.84450000 0.94450000 0.79075000 0.94150000 0.78812500 0.93700000 0.82962500 0.24566667 0.83300000 0.23950000 0.89650000 0.24416667 0.90012500 0.24833333 0.87287500 0.61200000 0.86987500 0.69833333 0.85737500 0.82766667 0.85487500 0.91733333 0.85112500 0.93933333
0 0.92875000 0.95316667 0.87675000 0.95083333 0.86012500 0.93600000 0.87612500 0.73966667 0.89262500 0.44966667 0.90462500 0.37366667 0.90312500 0.33433333 0.90962500 0.24833333 0.91625000 0.24316667 0.98225000 0.24750000 0.98912500 0.25533333 0.96387500 0.62500000 0.95087500 0.76966667 0.94287500 0.93600000 0.94000000 0.95150000
