0 0.12225000 0.44183333 0.09550000 0.44116667 0.09112500 0.43633333 0.08937500 0.42833333 0.09812500 0.00266667 0.09850000 0.00016667 0.15125000 0.00016667 0.15837500 0.00966667 0.15862500 0.02433333 0.15112500 0.21300000 0.15187500 0.32333333 0.15000000 0.44333333
0 0.21425000 0.44550000 0.16600000 0.44416667 0.16250000 0.44283333 0.16037500 0.43800000 0.16537500 0.05433333 0.16825000 0.00016667 0.21700000 0.00016667 0.22869318 0.00530303 0.22687500 0.03966667 0.22262500 0.44033333 0.22075000 0.44450000
0 0.26950000 0.44883333 0.23175000 0.44750000 0.22850000 0.44616667 0.22637500 0.44100000 0.22762500 0.16533333 0.22962500 0.03733333 0.23275000 0.02750000 0.28850000 0.03116667 0.29100000 0.03183333 0.29237500 0.03600000 0.28862500 0.43766667 0.28787500 0.44400000 0.28375000 0.44750000
0 0.32075000 0.44916667 0.29475000 0.44883333 0.29012500 0.44366667 0.29462500 0.04033333 0.29512500 0.03333333 0.29950000 0.02916667 0.33450000 0.02683333 0.34150000 0.02783333 0.34462500 0.03133333 0.34862500 0.07300000 0.34637500 0.38033333 0.34587500 0.39300000 0.33687500 0.44000000 0.33375000 0.44450000
0 0.39825000 0.45250000 0.35775000 0.45116667 0.35150000 0.44883333 0.34937500 0.44266667 0.34987500 0.41033333 0.35362500 0.39000000 0.35087500 0.32200000 0.35587500 0.02533333 0.35712500 0.00966667 0.36550000 0.00583333 0.40675000 0.00616667 0.41325000 0.00850000 0.41637500 0.01366667 0.41662500 0.02966667 0.41387500 0.04000000 0.41087500 0.14933333 0.40837500 0.44433333 0.40500000 0.45150000
0 0.44850000 0.45350000 0.41600000 0.45216667 0.41162500 0.44900000 0.41062500 0.44366667 0.41312500 0.15366667 0.41587500 0.04500000 0.41787500 0.03333333 0.42450000 0.03083333 0.46300000 0.03316667 0.46962500 0.04900000 0.47137500 0.06166667 0.46837500 0.31533333 0.46537500 0.38033333 0.46662500 0.44000000 0.46450000 0.45150000
0 0.52600000 0.45383333 0.48225000 0.45316667 0.47450000 0.45083333 0.47137500 0.44400000 0.47637500 0.06933333 0.47462500 0.02566667 0.47775000 0.00016667 0.51650000 0.00016667 0.51725000 0.00250000 0.53300000 0.00583333 0.53587500 0.01233333 0.53237500 0.42833333 0.53112500 0.45133333
0 0.57375000 0.45483333 0.54150000 0.45316667 0.53675000 0.45150000 0.53487500 0.44566667 0.53587500 0.07866667 0.53712500 0.03266667 0.54125000 0.02816667 0.55950000 0.02850000 0.58250000 0.03316667 0.58687500 0.04000000 0.58812500 0.04666667 0.59037500 0.10700000 0.58937500 0.42033333 0.58687500 0.45133333
0 0.63975000 0.45550000 0.60475000 0.45516667 0.59525000 0.45316667 0.59262500 0.44766667 0.59237500 0.02800000 0.59337500 0.01000000 0.59925000 0.00516667 0.64675000 0.00850000 0.65112500 0.01366667 0.64987500 0.08866667 0.65237500 0.44566667 0.65050000 0.45216667
0 0.70325000 0.45583333 0.66150000 0.45383333 0.65687500 0.45133333 0.65562500 0.44366667 0.65687500 0.07900000 0.65312500 0.01000000 0.65725000 0.00550000 0.67425000 0.00216667 0.67450000 0.00016667 0.70525000 0.00350000 0.71337500 0.01000000 0.71737500 0.45133333 0.71375000 0.45450000
0 0.76300000 0.45650000 0.72875000 0.45550000 0.72150000 0.45150000 0.71987500 0.44500000 0.71937500 0.20533333 0.71637500 0.03900000 0.71687500 0.03233333 0.72125000 0.02850000 0.76525000 0.03150000 0.76825000 0.03250000 0.77037500 0.03800000 0.77712500 0.44633333 0.77325000 0.45483333
0 0.81975000 0.45616667 0.78650000 0.45550000 0.77912500 0.45133333 0.77712500 0.18866667 0.77312500 0.04133333 0.77087500 0.02500000 0.77162500 0.00966667 0.77500000 0.00483333 0.78525000 0.00016667 0.79175000 0.00250000 0.83025000 0.00350000 0.83462500 0.00933333 0.83587500 0.20133333 0.84187500 0.43733333 0.83975000 0.45250000
0 0.89500000 0.45683333 0.85350000 0.45583333 0.84737500 0.45100000 0.84612500 0.44433333 0.84137500 0.08000000 0.83812500 0.06166667 0.83687500 0.01466667 0.83712500 0.00600000 0.84150000 0.00016667 0.89275000 0.00016667 0.89887500 0.00600000 0.89937500 0.00933333 0.89787500 0.08766667 0.90762500 0.44733333 0.90425000 0.45483333
0 0.95375000 0.45650000 0.91600000 0.45583333 0.91062500 0.45100000 0.90937500 0.44633333 0.90637500 0.39000000 0.89937500 0.04533333 0.90012500 0.03400000 0.90425000 0.02850000 0.93625000 0.02983333 0.94525000 0.03316667 0.94837500 0.04066667 0.95887500 0.44533333 0.95787500 0.45500000
0 0.99975000 0.45750000 0.97450000 0.45583333 0.96712500 0.45133333 0.96237500 0.13200000 0.96250000 0.00016667 0.99975000 0.00033333
0 0.14925000 0.99966667 0.09312500 0.99966667 0.09362500 0.65400000 0.09187500 0.58666667 0.09287500 0.58033333 0.09925000 0.57616667 0.13575000 0.57183333 0.15475000 0.57583333 0.15912500 0.58033333 0.15837500 0.59966667 0.15237500 0.60500000 0.15137500 0.61200000 0.15087500 0.72533333 0.14862500 0.75200000 0.14887500 0.90400000 0.15037500 0.92366667
0 0.20975000 0.99966667 0.15512500 0.99966667 0.15537500 0.79366667 0.15287500 0.61466667 0.15450000 0.60650000 0.16600000 0.60383333 0.20175000 0.60616667 0.20637500 0.61700000 0.20937500 0.63733333
0 0.27475000 0.99966667 0.21362500 0.99966667 0.21462500 0.61900000 0.21487500 0.59200000 0.21700000 0.58316667 0.23750000 0.58050000 0.26600000 0.58150000 0.27175000 0.58250000 0.27637500 0.58800000
0 0.33850000 0.99966667 0.27812500 0.99966667 0.27887500 0.59800000 0.28375000 0.58416667 0.33450000 0.58250000 0.34000000 0.58483333 0.34112500 0.58866667 0.34062500 0.61566667 0.34012500 0.62733333 0.34012500 0.65766667 0.34062500 0.68933333
0 0.39925000 0.99966667 0.34162500 0.99966667 0.34287500 0.60333333 0.34462500 0.58966667 0.34900000 0.58583333 0.40450000 0.58616667 0.40037500 0.70900000
0 0.46350000 0.99966667 0.40987500 0.99966667 0.40887500 0.64666667 0.40912500 0.62666667 0.41200000 0.61016667 0.42400000 0.61216667 0.45900000 0.61116667 0.46112500 0.61900000 0.46312500 0.68766667 0.46137500 0.83466667
0 0.52350000 0.99966667 0.46875000 0.99966667 0.46787500 0.99433333 0.46862500 0.91966667 0.46712500 0.90033333 0.46937500 0.79466667 0.46562500 0.60733333 0.46712500 0.59533333 0.47500000 0.58950000 0.51400000 0.58883333 0.52150000 0.59083333 0.52312500 0.59500000
0 0.58450000 0.99966667 0.52875000 0.99966667 0.52787500 0.99533333 0.52837500 0.80100000 0.52637500 0.76400000 0.52487500 0.60633333 0.52537500 0.59600000 0.53050000 0.59050000 0.57675000 0.59083333 0.58100000 0.59250000 0.58312500 0.59700000 0.58487500 0.62700000 0.58312500 0.72466667
0 0.64950000 0.99966667 0.59012500 0.99966667 0.59012500 0.64166667 0.59287500 0.59600000 0.59575000 0.59216667 0.63900000 0.59016667 0.64675000 0.59116667 0.65062500 0.59566667 0.64887500 0.71066667
0 0.71100000 0.99966667 0.65837500 0.99966667 0.65762500 0.66500000 0.65712500 0.63433333 0.65825000 0.61750000 0.70500000 0.61816667 0.70887500 0.62666667
0 0.71732955 0.59393939 0.77812500 0.59545455 0.77755682 0.99848485 0.71619318 0.99772727
0 0.83450000 0.99966667 0.78062500 0.99966667 0.78262500 0.79233333 0.78437500 0.76166667 0.78387500 0.61166667 0.78637500 0.60033333 0.79175000 0.59516667 0.83425000 0.59616667 0.83800000 0.59783333 0.83987500 0.60233333
0 0.89800000 0.99966667 0.84887500 0.99966667 0.85062500 0.60633333 0.85375000 0.59783333 0.86125000 0.59550000 0.89225000 0.59650000 0.89675000 0.59783333 0.89937500 0.60333333
0 0.95700000 0.99966667 0.89887500 0.99966667 0.90162500 0.61033333 0.90287500 0.59933333 0.90875000 0.59516667 0.95175000 0.59683333 0.95600000 0.59816667 0.95787500 0.60300000 0.95612500 0.82966667
0 0.99975000 0.99966667 0.96887500 0.99966667 0.96937500 0.61533333 0.97450000 0.59850000 0.98650000 0.59583333 0.99975000 0.59666667
