0 0.01100000 0.99975000 0.00016667 0.99975000 0.00016667 0.00475000 0.01433333 0.00412500 0.08066667 0.01237500 0.09250000 0.03350000 0.05150000 0.42775000
0 0.10966667 0.99975000 0.01983333 0.99975000 0.03250000 0.76050000 0.09683333 0.01725000 0.10333333 0.00912500 0.17000000 0.00962500 0.18550000 0.03375000 0.15316667 0.30975000
0 0.19833333 0.99975000 0.11466667 0.99975000 0.11516667 0.97850000 0.14916667 0.45325000 0.18883333 0.03300000 0.19433333 0.01512500 0.25166667 0.01212500 0.26616667 0.01725000 0.26550000 0.03475000 0.24183333 0.29475000
0 0.28433333 0.99975000 0.20383333 0.99975000 0.20883333 0.85700000 0.26683333 0.04375000 0.28066667 0.00012500 0.34066667 0.00012500
0 0.37333333 0.99975000 0.29066667 0.99975000 0.29083333 0.94725000 0.34516667 0.00500000 0.34666667 0.00012500 0.42066667 0.00012500
0 0.46833333 0.99975000 0.38333333 0.99975000 0.38250000 0.99550000 0.41183333 0.25975000 0.42383333 0.03500000 0.43200000 0.00012500 0.47100000 0.00612500 0.50266667 0.00012500 0.50350000 0.01025000
0 0.56266667 0.99975000 0.47450000 0.99650000 0.51066667 0.00012500 0.58600000 0.00012500 0.58683333 0.00525000
0 0.65500000 0.99975000 0.57000000 0.99975000 0.56916667 0.99500000 0.59300000 0.00012500 0.66966667 0.00012500 0.67050000 0.00550000
0 0.68466667 0.98312500 0.66250000 0.97875000 0.66116667 0.96450000 0.66850000 0.89450000 0.67283333 0.00275000 0.74100000 0.00012500 0.73483333 0.96300000 0.73166667 0.97562500
0 0.78900000 0.97787500 0.76900000 0.97612500 0.75200000 0.96062500 0.76016667 0.61125000 0.75050000 0.01350000 0.75200000 0.00012500 0.83033333 0.00012500 0.84416667 0.56400000 0.84416667 0.96725000 0.83200000 0.97487500
