0 0.09225000 0.84616667 0.04500000 0.84283333 0.04012500 0.82700000 0.03212500 0.69200000 0.02487500 0.57733333 0.00837500 0.27733333 0.00012500 0.20200000 0.00012500 0.15600000 0.00650000 0.14150000 0.01725000 0.13683333 0.06750000 0.14050000 0.07337500 0.14300000 0.07462500 0.15066667 0.07787500 0.28933333 0.09237500 0.59400000 0.09762500 0.71033333 0.10462500 0.83766667 0.10375000 0.84250000
0 0.15850000 0.85416667 0.11150000 0.85183333 0.10712500 0.84600000 0.09862500 0.68633333 0.09462500 0.60733333 0.07737500 0.19500000 0.07812500 0.14733333 0.08400000 0.14083333 0.13975000 0.14250000 0.15012500 0.15733333 0.16012500 0.51900000 0.16262500 0.64633333 0.17112500 0.83966667 0.17000000 0.85083333
0 0.22825000 0.86050000 0.18125000 0.85916667 0.17312500 0.84866667 0.16862500 0.69366667 0.16462500 0.60733333 0.15237500 0.17966667 0.15362500 0.15600000 0.16125000 0.14650000 0.22175000 0.15016667 0.22937500 0.15466667 0.22587500 0.19666667 0.22812500 0.35466667 0.23362500 0.69433333 0.24037500 0.85000000 0.23750000 0.85883333
0 0.29900000 0.86350000 0.25200000 0.86283333 0.24412500 0.85766667 0.24287500 0.84966667 0.23062500 0.20900000 0.23187500 0.15833333 0.23600000 0.15450000 0.30025000 0.15716667 0.30462500 0.16233333 0.30612500 0.62733333 0.30737500 0.84800000 0.30512500 0.86000000
0 0.36225000 0.87083333 0.31450000 0.86650000 0.30987500 0.85033333 0.30787500 0.61833333 0.30462500 0.17400000 0.31025000 0.16383333 0.37725000 0.16550000 0.37987500 0.17000000 0.37637500 0.58100000 0.37312500 0.64966667 0.37387500 0.86033333 0.36925000 0.86916667
0 0.41800000 0.87750000 0.38125000 0.87516667 0.37837500 0.86900000 0.38212500 0.20900000 0.38337500 0.17000000 0.39075000 0.16583333 0.45250000 0.16983333 0.45962500 0.17400000 0.44962500 0.62433333 0.44412500 0.86666667 0.43975000 0.87483333
0 0.47200000 0.88416667 0.45125000 0.88116667 0.44612500 0.87133333 0.45062500 0.70766667 0.45237500 0.61333333 0.46362500 0.18533333 0.46700000 0.17150000 0.48150000 0.16983333 0.53350000 0.17683333 0.53737500 0.17833333 0.53837500 0.18600000 0.52287500 0.62466667 0.51837500 0.75033333 0.51437500 0.86766667 0.51000000 0.88183333
0 0.56925000 0.88616667 0.52850000 0.88516667 0.51812500 0.87366667 0.51662500 0.85933333 0.53937500 0.19200000 0.54450000 0.18116667 0.61125000 0.18516667 0.61462500 0.19366667 0.59237500 0.64266667 0.58187500 0.87733333 0.57975000 0.88283333
0 0.61225000 0.88316667 0.58800000 0.88150000 0.58487500 0.86933333 0.59162500 0.71300000 0.59887500 0.53233333 0.61687500 0.20033333 0.61812500 0.18966667 0.62275000 0.18850000 0.68150000 0.19316667 0.68712500 0.19800000 0.65937500 0.65166667 0.65562500 0.67600000 0.64612500 0.86966667 0.64300000 0.88150000
0 0.70600000 0.88950000 0.66000000 0.88516667 0.65000000 0.88116667 0.64812500 0.87366667 0.68712500 0.20500000 0.68912500 0.19733333 0.69300000 0.19583333 0.75250000 0.19716667 0.76400000 0.20083333 0.76462500 0.20600000 0.72212500 0.74833333 0.71612500 0.87700000 0.71325000 0.88550000
0 0.73875000 0.89350000 0.72475000 0.89116667 0.72137500 0.87933333 0.74912500 0.52700000 0.75187500 0.43200000 0.76437500 0.33133333 0.76737500 0.20533333 0.77800000 0.20016667 0.83475000 0.20450000 0.83812500 0.21300000 0.82312500 0.40833333 0.80312500 0.64033333 0.78137500 0.88366667 0.77525000 0.89083333
0 0.81125000 0.89450000 0.78725000 0.89116667 0.78487500 0.87533333 0.84037500 0.21266667 0.84225000 0.20783333 0.85275000 0.20516667 0.90450000 0.20916667 0.91125000 0.21283333 0.91162500 0.21766667 0.90262500 0.33200000 0.87137500 0.66700000 0.86537500 0.72000000 0.85862500 0.79866667 0.85012500 0.87400000 0.84600000 0.89316667
0 0.88100000 0.89683333 0.86550000 0.89683333 0.85337500 0.88833333 0.87262500 0.71733333 0.88062500 0.59500000 0.88912500 0.52933333 0.91537500 0.21966667 0.92400000 0.21383333 0.96775000 0.21683333 0.98012500 0.22233333 0.98237500 0.23700000 0.92087500 0.83033333 0.91212500 0.89033333
0 0.95875000 0.90250000 0.93850000 0.90150000 0.92375000 0.89183333 0.92212500 0.86533333 0.93587500 0.77433333 0.93862500 0.72366667 0.94337500 0.65700000 0.98187500 0.27000000 0.98837500 0.22833333 0.99975000 0.22283333 0.99975000 0.78200000 0.99387500 0.81433333 0.98587500 0.89666667
