0 0.07233333 0.76087500 0.05700000 0.75937500 0.05283333 0.75100000 0.03150000 0.41550000 0.02750000 0.26975000 0.03116667 0.25250000 0.04133333 0.24562500 0.08366667 0.24237500 0.12833333 0.24387500 0.14750000 0.25125000 0.15083333 0.27100000 0.15616667 0.60225000 0.16383333 0.73375000 0.15516667 0.75000000 0.14300000 0.75437500
0 0.23666667 0.73887500 0.18166667 0.73687500 0.17283333 0.73350000 0.16983333 0.72400000 0.15616667 0.33050000 0.15716667 0.25975000 0.16266667 0.25312500 0.16966667 0.25137500 0.24466667 0.25112500 0.25450000 0.26000000 0.25750000 0.73275000 0.25200000 0.73737500
0 0.25879630 0.24791667 0.35231481 0.24305556 0.33935185 0.74722222 0.32731481 0.74722222 0.30972222 0.74652778 0.29027778 0.73958333 0.26064815 0.73472222
0 0.40138889 0.24166667 0.50046296 0.24791667 0.44305556 0.74930556 0.35509259 0.74583333
0 0.48400000 0.75162500 0.45900000 0.74987500 0.45150000 0.74425000 0.45116667 0.73925000 0.53583333 0.24250000 0.53733333 0.23962500 0.55366667 0.23862500 0.63900000 0.24612500 0.64383333 0.24800000 0.64450000 0.25300000 0.63583333 0.30650000 0.58683333 0.54450000 0.55083333 0.74750000 0.53866667 0.75137500
0 0.63766667 0.75712500 0.56166667 0.74937500 0.55650000 0.74675000 0.55450000 0.73925000 0.64816667 0.24850000 0.65050000 0.24050000 0.65766667 0.23562500 0.74500000 0.24087500 0.75450000 0.24450000 0.75716667 0.25075000 0.75316667 0.28275000 0.68883333 0.55650000 0.64816667 0.75075000
0 0.69900000 0.75662500 0.66133333 0.75312500 0.65383333 0.74900000 0.65250000 0.74375000 0.74350000 0.33625000 0.75716667 0.29850000 0.76750000 0.24400000 0.77316667 0.23650000 0.83266667 0.24012500 0.85816667 0.24525000 0.86350000 0.25150000 0.86250000 0.26525000 0.74083333 0.74800000 0.73200000 0.75412500
0 0.88935185 0.22916667 0.99398148 0.24027778 0.84398148 0.76458333 0.75324074 0.76180556
0 0.99120370 0.23472222 0.99861111 0.45763889 0.89953704 0.75555556 0.85231481 0.74930556
0 0.99583333 0.50138889 0.91527778 0.74513889 0.97546296 0.75069444 0.99966667 0.67307567
