0 0.11925000 0.81216667 0.09200000 0.80750000 0.08787500 0.80300000 0.08287500 0.78000000 0.03112500 0.28766667 0.02762500 0.23433333 0.02912500 0.22766667 0.03325000 0.22483333 0.07525000 0.22516667 0.08037500 0.23266667 0.09487500 0.44433333 0.12612500 0.79333333 0.12662500 0.80733333
0 0.15225000 0.81483333 0.13025000 0.81216667 0.12587500 0.78866667 0.08287500 0.25800000 0.08375000 0.22716667 0.13337500 0.23633333 0.16712500 0.80600000 0.16600000 0.81116667
0 0.18325000 0.82016667 0.17350000 0.81983333 0.16937500 0.81466667 0.16412500 0.74866667 0.15487500 0.56600000 0.15537500 0.52533333 0.14962500 0.49766667 0.13612500 0.25733333 0.13787500 0.23600000 0.15012500 0.23766667 0.15825000 0.24183333 0.17425000 0.24016667 0.18525000 0.24383333 0.18687500 0.25933333 0.21037500 0.81133333 0.20600000 0.81616667
0 0.19184783 0.23768116 0.23695652 0.24130435 0.24945652 0.82318841 0.21032609 0.82608696
0 0.24293478 0.25289855 0.29239130 0.25797101 0.29510870 0.83478261 0.25217391 0.83333333
0 0.29836957 0.26086957 0.34347826 0.26594203 0.33858696 0.83478261 0.29836957 0.83405797
0 0.34836957 0.26449275 0.39673913 0.27246377 0.37663043 0.84130435 0.33967391 0.84130435
0 0.40054348 0.27608696 0.44945652 0.28260870 0.42173913 0.84492754 0.38097826 0.84492754
0 0.45575000 0.85683333 0.43075000 0.85383333 0.42587500 0.84966667 0.42562500 0.84466667 0.43037500 0.72733333 0.43687500 0.66433333 0.43887500 0.56433333 0.45217391 0.28550725 0.50262500 0.29000000 0.46737500 0.83066667 0.46462500 0.85333333
0 0.50652174 0.28985507 0.55326087 0.29565217 0.50597826 0.86159420 0.46739130 0.86231884
0 0.55652174 0.29782609 0.60380435 0.30000000 0.54728261 0.86884058 0.51195652 0.86594203
0 0.61304348 0.30217391 0.66032609 0.31086957 0.59021739 0.88478261 0.55326087 0.87536232
0 0.66521739 0.31304348 0.71032609 0.31811594 0.63423913 0.88768116 0.59728261 0.88840580
0 0.71250000 0.31884058 0.76141304 0.32391304 0.67934783 0.89855072 0.63695652 0.88985507
0 0.76684783 0.32681159 0.81739130 0.33188406 0.72119565 0.90144928 0.68315217 0.89782609
0 0.82228261 0.33405797 0.86739130 0.34130435 0.76739130 0.90144928 0.72500000 0.90072464
0 0.87065217 0.33985507 0.91195652 0.34275362 0.80326087 0.90144928 0.76847826 0.90434783
0 0.91467391 0.34565217 0.94891304 0.34855072 0.84130435 0.89782609 0.80543478 0.89492754
0 0.94728261 0.33985507 0.97663043 0.34275362 0.87010870 0.87826087 0.84619565 0.87608696 0.95108696 0.35072464
0 0.98478261 0.34637681 0.99891304 0.34782609 0.99782609 0.51159420 0.91793478 0.88985507 0.87608696 0.87681159
