0 0.08350000 0.87183333 0.03050000 0.87116667 0.02550000 0.86950000 0.02337500 0.86233333 0.02412500 0.33733333 0.02012500 0.29333333 0.02062500 0.23233333 0.02450000 0.22716667 0.09950000 0.23483333 0.10287500 0.24066667 0.10062500 0.85866667 0.10012500 0.86566667 0.09625000 0.86950000
0 0.16725000 0.87383333 0.11125000 0.87116667 0.10662500 0.86566667 0.10937500 0.32733333 0.10712500 0.29066667 0.10787500 0.24366667 0.11075000 0.23916667 0.18200000 0.24683333 0.18712500 0.25133333 0.18612500 0.31666667 0.18337500 0.32633333 0.17862500 0.85800000 0.17787500 0.86933333
0 0.24450000 0.88116667 0.19100000 0.87816667 0.18187500 0.87333333 0.18887500 0.28700000 0.19012500 0.25366667 0.19325000 0.24383333 0.26425000 0.25116667 0.27262500 0.25966667 0.26637500 0.39466667 0.25412500 0.87366667 0.25225000 0.87850000
0 0.32275000 0.88616667 0.26350000 0.88283333 0.25925000 0.88116667 0.25687500 0.87400000 0.26512500 0.68200000 0.27337500 0.27300000 0.27437500 0.26400000 0.27900000 0.26150000 0.34600000 0.26750000 0.35437500 0.27533333 0.33237500 0.87333333 0.33087500 0.88166667
0 0.39275000 0.89216667 0.34275000 0.88950000 0.33537500 0.88133333 0.35537500 0.40433333 0.35762500 0.28966667 0.35937500 0.27400000 0.36500000 0.27016667 0.42825000 0.27750000 0.43362500 0.28300000 0.42887500 0.45166667 0.40662500 0.87333333 0.40537500 0.88866667
0 0.47325000 0.89150000 0.42000000 0.89116667 0.41162500 0.88466667 0.41212500 0.83033333 0.43762500 0.35366667 0.43887500 0.28600000 0.44125000 0.27916667 0.44600000 0.27750000 0.50975000 0.28550000 0.51312500 0.29133333 0.48862500 0.70666667 0.48262500 0.86300000 0.48037500 0.88866667
0 0.54550000 0.89950000 0.49400000 0.89750000 0.48412500 0.88900000 0.50962500 0.39466667 0.51487500 0.34966667 0.51687500 0.29133333 0.52350000 0.28716667 0.58425000 0.29350000 0.58962500 0.29900000 0.56712500 0.63100000 0.55762500 0.83033333 0.55287500 0.89066667 0.55150000 0.89683333
0 0.57000000 0.89916667 0.56137500 0.89666667 0.55987500 0.88500000 0.57262500 0.70700000 0.57587500 0.58266667 0.58012500 0.55466667 0.58037500 0.51400000 0.58812500 0.43166667 0.58812500 0.38666667 0.59212500 0.37333333 0.59537500 0.31066667 0.59975000 0.30083333 0.65450000 0.30716667 0.66175000 0.31050000 0.66187500 0.31466667 0.64237500 0.55800000 0.63562500 0.69200000 0.62462500 0.83400000 0.62362500 0.88600000 0.62037500 0.89666667 0.61725000 0.89816667
0 0.67775000 0.89216667 0.64325000 0.89083333 0.62537500 0.88533333 0.64287500 0.62866667 0.64637500 0.53300000 0.65437500 0.46733333 0.65812500 0.38600000 0.66550000 0.31216667 0.72500000 0.31816667 0.72937500 0.32233333 0.71662500 0.43333333 0.70112500 0.63000000 0.70012500 0.67500000 0.69037500 0.77033333 0.68412500 0.88766667
0 0.75050000 0.90216667 0.70025000 0.89850000 0.68937500 0.88966667 0.71162500 0.61166667 0.71262500 0.55733333 0.72437500 0.41400000 0.73037500 0.37733333 0.73262500 0.32266667 0.74025000 0.31816667 0.79400000 0.32283333 0.80162500 0.32633333 0.79837500 0.38933333 0.79412500 0.41200000 0.78487500 0.52000000 0.78437500 0.55766667 0.77787500 0.60700000 0.77562500 0.66433333 0.76362500 0.77166667 0.75762500 0.88866667 0.75562500 0.89833333
0 0.81900000 0.91050000 0.77725000 0.90850000 0.76725000 0.90483333 0.76287500 0.89400000 0.78437500 0.66666667 0.78712500 0.59600000 0.79787500 0.48333333 0.79912500 0.43566667 0.80662500 0.39266667 0.80487500 0.38800000 0.80887500 0.36166667 0.80962500 0.32966667 0.81650000 0.31850000 0.82700000 0.31783333 0.87325000 0.32383333 0.87962500 0.32900000 0.88312500 0.34333333 0.83487500 0.88900000 0.83137500 0.90800000
0 0.85575000 0.91183333 0.83925000 0.90850000 0.83712500 0.89800000 0.86712500 0.57333333 0.87187500 0.50600000 0.88487500 0.34600000 0.89025000 0.33916667 0.89800000 0.33850000 0.91200000 0.34350000 0.91312500 0.34966667 0.87362500 0.82300000 0.86462500 0.90833333
0 0.87775000 0.91050000 0.86675000 0.90916667 0.86537500 0.90200000 0.89512500 0.55866667 0.89912500 0.53700000 0.90037500 0.49733333 0.91187500 0.36633333 0.91550000 0.34450000 0.93650000 0.34383333 0.94012500 0.34566667 0.94037500 0.35433333 0.88987500 0.90333333 0.88650000 0.90916667
0 0.95051020 0.34081633 0.97551020 0.34557823 0.92551020 0.91836735 0.90255102 0.91904762
0 0.97602041 0.34829932 0.99744898 0.35102041 0.94387755 0.91496599 0.92602041 0.91360544
