0 0.06225000 0.72916667 0.02550000 0.72716667 0.02287500 0.71700000 0.03287500 0.48066667 0.05662500 0.06066667 0.05975000 0.04883333 0.07400000 0.04783333 0.12500000 0.05583333 0.12812500 0.06066667 0.12437500 0.07233333 0.12212500 0.10266667 0.11912500 0.22233333 0.09837500 0.60733333 0.09612500 0.71733333 0.09200000 0.72850000
0 0.14600000 0.73483333 0.11000000 0.73383333 0.09975000 0.73050000 0.09787500 0.72500000 0.11037500 0.42266667 0.12862500 0.13100000 0.12987500 0.06466667 0.13137500 0.05666667 0.13775000 0.05350000 0.19275000 0.05650000 0.20062500 0.06433333 0.17012500 0.72300000 0.16600000 0.73350000
0 0.24475000 0.73883333 0.18275000 0.73816667 0.17362500 0.73266667 0.20037500 0.15800000 0.20587500 0.06800000 0.21150000 0.05616667 0.26700000 0.06383333 0.27712500 0.07233333 0.25437500 0.72866667 0.25225000 0.73783333
0 0.29650000 0.74283333 0.26125000 0.74116667 0.25562500 0.73666667 0.28037500 0.07966667 0.28262500 0.06866667 0.28650000 0.06716667 0.33700000 0.08016667 0.34687500 0.08733333 0.32987500 0.73266667 0.32650000 0.74116667
0 0.40925000 0.74450000 0.34225000 0.74183333 0.33400000 0.73916667 0.33262500 0.73400000 0.34937500 0.15866667 0.34837500 0.11866667 0.34962500 0.09300000 0.35262500 0.08433333 0.35750000 0.08116667 0.39175000 0.08383333 0.41637500 0.09166667 0.41787500 0.16933333 0.41512500 0.40000000 0.41387500 0.73533333 0.41337500 0.74133333
0 0.45500000 0.74983333 0.43575000 0.74883333 0.43287500 0.74066667 0.41987500 0.08333333 0.42375000 0.07216667 0.48350000 0.06750000 0.49025000 0.07050000 0.49262500 0.07833333 0.50412500 0.73266667 0.50287500 0.74133333 0.49875000 0.74483333
0 0.52700000 0.75583333 0.51500000 0.75383333 0.51212500 0.74600000 0.49687500 0.17400000 0.49662500 0.08000000 0.50450000 0.07550000 0.55350000 0.07883333 0.56050000 0.08150000 0.56412500 0.08800000 0.58787500 0.74800000 0.58400000 0.75416667
0 0.61800000 0.75850000 0.59350000 0.75683333 0.58987500 0.74566667 0.57912500 0.48666667 0.56987500 0.17000000 0.56812500 0.13900000 0.56712500 0.09733333 0.57062500 0.08833333 0.57500000 0.08683333 0.62675000 0.09183333 0.63362500 0.09900000 0.63287500 0.13600000 0.63887500 0.20533333 0.66212500 0.74833333 0.65850000 0.75650000
0 0.65030488 0.08211382 0.71067073 0.09918699 0.73993902 0.75121951 0.67042683 0.74959350
0 0.73445122 0.07073171 0.79359756 0.08617886 0.82713415 0.75121951 0.75579268 0.74959350
0 0.81250000 0.07479675 0.86371951 0.09674797 0.90030488 0.74878049 0.83810976 0.74878049
0 0.87835366 0.08699187 0.92713415 0.09756098 0.99975000 0.59740994 0.99975000 0.75203252 0.94542683 0.75040650
