0 0.1891654978962132 0.00981767180925673 0.2144109396914446 0.015427769985974735 0.2133590462833099 0.29593267882187935 0.19337307152875172 0.29032258064516137
0 0.21756661991584852 0.01262272089761567 0.23965638148667603 0.015427769985974735 0.23965638148667603 0.29593267882187935 0.21756661991584852 0.29312762973352036
0 0.24386395511921458 0.0182328190743338 0.2638499298737728 0.019635343618513334 0.2649018232819074 0.29593267882187935 0.24491584852734924 0.2945301542776998
0 0.269109396914446 0.021037868162692867 0.2890953716690042 0.02664796633941087 0.2922510518934081 0.29733520336605884 0.2722650771388499 0.29873772791023845
0 0.2916462274084232 0.023920570897069164 0.29581031040348177 0.2978246967942517 0.31801875304379384 0.29689934501757204 0.3124666423837158 0.026696626227108163
0 0.31593671154626457 0.03224873688718616 0.3374511403540669 0.03224873688718616 0.34300325101414497 0.2987500485709314 0.31940678070881334 0.2978246967942517
0 0.3402271956841059 0.03502479221722516 0.36104761065939855 0.03502479221722516 0.3652116936544571 0.3015261039009704 0.34439127867916447 0.3006007521242907
0 0.3659057074869669 0.041502254653982905 0.38742013629476924 0.04427830998402191 0.39158421928982773 0.3015261039009704 0.3672937351519864 0.30245145567765014
0 0.3895021777922985 0.048905068867420284 0.40754653743755204 0.05168112419745928 0.4103225927675911 0.30245145567765014 0.3929722469548473 0.3015261039009704
0 0.4110166066001008 0.05168112419745928 0.4290609662453544 0.049830420644099906 0.43183702157539333 0.3043021592310094 0.4110166066001008 0.3033768074543297
0 0.43461307690543244 0.04427830998402191 0.455433491880725 0.04427830998402191 0.45612750571323474 0.30522751100768913 0.43461307690543244 0.3070782145610484
0 0.45751553337825424 0.04242760643066253 0.47902996218605665 0.04335295820734216 0.4783359483535468 0.3061528627843688 0.45751553337825424 0.3098542698910875
0 0.48319404518111514 0.03965155110062353 0.5047084739889175 0.04057690287730315 0.503320446323898 0.3061528627843688 0.4811120036835859 0.3070782145610484
0 0.514424667644054 0.05908393841089665 0.5373271241168759 0.0581585866342169 0.5449612762744832 0.3089289181144078 0.5241408612991907 0.3126303252211265
0 0.540103179446915 0.05168112419745928 0.5609235944222075 0.049830420644099906 0.5671697189147953 0.3089289181144078 0.545655290106993 0.3098542698910875
0 0.5713338019098538 0.0470543653140609 0.5928482307176561 0.048905068867420284 0.5942362583826757 0.3107796216677671 0.5727218295748734 0.3098542698910875
0 0.5963182998802049 0.048905068867420284 0.6164447010229879 0.05168112419745928 0.6171387148554976 0.3126303252211265 0.5963182998802049 0.3117049734444468
0 0.6192207563530268 0.050755772420779534 0.641429198993339 0.050755772420779534 0.6400411713283194 0.3126303252211265 0.6206087840180463 0.3107796216677671
0 0.6442052543233779 0.0553825313041779 0.663637641633651 0.05723323485753728 0.6615556001361217 0.3126303252211265 0.6421232128258487 0.3135556769978062
0 0.6671077107961998 0.05353182775081865 0.6893161534365119 0.05353182775081865 0.6858460842739631 0.3135556769978062 0.6650256692986706 0.3144810287744858
0 0.6913981949340412 0.05630788308085766 0.7108305822443142 0.05723323485753728 0.7073605130817655 0.3144810287744858 0.6886221396040021 0.3144810287744858
0 0.7156886790718825 0.0526064759741389 0.7372031078796849 0.05353182775081865 0.7323450110521166 0.3126303252211265 0.7108305822443142 0.3135556769978062
0 0.7392851493772141 0.0553825313041779 0.7344270525496458 0.3135556769978062 0.7531654260274092 0.3126303252211265 0.7594115505199969 0.05908393841089665
0 0.7614935920175262 0.060009290187576274 0.756635495189958 0.3144810287744858 0.7746798548352116 0.31725708410452486 0.7830080208253286 0.05908393841089665
0 0.7857840761553676 0.06093464196425602 0.8045224496331309 0.06278534551761526 0.7955002698105041 0.31910778765788417 0.7774559101652505 0.3154063805511655
0 0.8121566017907382 0.060009290187576274 0.8329770167660309 0.06093464196425602 0.8204847677808552 0.32003313943456385 0.8010523804705822 0.31725708410452486
0 0.8364470859285795 0.06093464196425602 0.8551854594063429 0.06278534551761526 0.8419991965886576 0.32003313943456385 0.8274249061059528 0.31633173232784517
0 0.8586555285688916 0.06185999374093565 0.877393902046655 0.06463604907097464 0.8635136253964599 0.32003313943456385 0.8447752519186966 0.3181824358812045
0 0.8787819297116745 0.06463604907097464 0.8982143170219478 0.06741210440101364 0.8843340403717527 0.32095849121124354 0.8655956668939891 0.32003313943456385
0 0.9065424830120647 0.06093464196425602 0.9259748703223378 0.06093464196425602 0.9120945936721426 0.32003313943456385 0.8947442478593988 0.31633173232784517
0 0.9287509256523768 0.060009290187576274 0.9488773267951597 0.06093464196425602 0.9356910639774744 0.32373454654128253 0.9176467043322208 0.3154063805511655
0 0.18457639424157557 0.3772323705470648 0.20737577430409426 0.3772323705470648 0.20985396778915064 0.6613985568335297 0.18507203293858682 0.6627202600255598
0 0.21034960648616188 0.38053662852714 0.23414026394270318 0.3792149253351099 0.23513154133672567 0.6640419632175898 0.21183652257719573 0.6647028148136048
0 0.23562718003373698 0.38053662852714 0.2584265600962557 0.3798757769311249 0.2599134761872895 0.6647028148136048 0.23612281873074822 0.6660245180056349
0 0.2614003922783233 0.381197480123155 0.284199772340842 0.381197480123155 0.284199772340842 0.6653636664096197 0.2614003922783233 0.6653636664096197
0 0.2851910497348646 0.38251918331518503 0.3094773458884171 0.38185833171917005 0.3094773458884171 0.6673462211976651 0.2851910497348646 0.6647028148136048
0 0.3124511780704847 0.3845017381032302 0.33425928073898087 0.38384088650721515 0.33624183552702597 0.6673462211976651 0.3119555393734735 0.6653636664096197
0 0.33872002901208237 0.38582344129526025 0.3620150477716123 0.3864842928912753 0.3620150477716123 0.6653636664096197 0.33872002901208237 0.6660245180056349
0 0.36498887995368 0.3851625896992453 0.38630134392516485 0.3864842928912753 0.38630134392516485 0.6673462211976651 0.3639976025596574 0.6653636664096197
0 0.3897708148042438 0.38780599608330535 0.41157891747273995 0.3884668476793204 0.41058764007871734 0.6673462211976651 0.3887795374102212 0.6653636664096197
0 0.41504838835181884 0.3891276992753354 0.43636085232330374 0.3917711056593956 0.43437829753525853 0.6633811116215748 0.41455274965480754 0.6647028148136048
0 0.4378477684143375 0.3904494024673655 0.4596558710828337 0.3904494024673655 0.45767331629478847 0.6647028148136048 0.4358652136262925 0.6640419632175898
0 0.46163842587087883 0.3911102540633805 0.483446528539375 0.3924319572554106 0.4814639737513298 0.6653636664096197 0.4596558710828337 0.6653636664096197
0 0.48542908332742 0.3930928088514256 0.506741547298905 0.3930928088514256 0.505254631207871 0.6640419632175898 0.483446528539375 0.6653636664096197
0 0.5097153794809726 0.39375366044744065 0.5310278434524575 0.39441451204345573 0.5280540112703898 0.6627202600255598 0.506741547298905 0.6647028148136048
0 0.5330103982405024 0.39705791842751587 0.5543228622119873 0.39705791842751587 0.5508533913329084 0.6627202600255598 0.5295409273614236 0.6627202600255598
0 0.5563054170000324 0.3930928088514256 0.5771222422745061 0.3930928088514256 0.5771222422745061 0.6633811116215748 0.5568010556970437 0.6627202600255598
0 0.580591713153585 0.3930928088514256 0.6023998158220811 0.3924319572554106 0.6043823706101262 0.6653636664096197 0.58257426794163 0.6647028148136048
0 0.6063649253981713 0.3924319572554106 0.6276773893696562 0.3930928088514256 0.6296599441577012 0.66800707279368 0.6078518414892052 0.6647028148136048
0 0.6296599441577012 0.39837962161954593 0.6435378276740171 0.39904047321556096 0.6479985759471185 0.6627202600255598 0.6301555828547126 0.6627202600255598
0 0.1768790122685859 0.756056819792933 0.2009959201810587 0.7549479964406354 0.20265915520950512 1.0 0.17812643853992072 0.9999979572984049
0 0.20556981650928632 0.7555024081167842 0.22843929815042432 0.7555024081167842 0.23010253317887072 0.9999979572984049 0.2043223902379515 0.9988891339461075
0 0.2305183419359823 0.7549479964406354 0.2546352498484551 0.7555024081167842 0.2538036323342319 1.0 0.2321815769644287 1.0
0 0.2562984848769015 0.7543935847644866 0.2554668673626783 0.9988891339461075 0.28041539278937433 1.0 0.28083120154648594 0.7549479964406354
0 0.28291024533204395 0.7538391730883377 0.28083120154648594 0.9999979572984049 0.30577972697318195 1.0 0.3061955357302935 0.7532847614121889
0 0.3086903882729631 0.7516215263837426 0.30702715324451674 0.9988891339461075 0.3303124436427663 0.9999979572984049 0.33197567867121275 0.7516215263837426
0 0.3311440611569896 1.0 0.33322310494254753 0.7521759380598912 0.35609258658368553 0.7521759380598912 0.35359773404101597 0.9988891339461075
0 0.35858743912635516 0.7527303497360402 0.35484516031235075 0.9994435456222562 0.37813045071060036 0.9999979572984049 0.37979368573904676 0.7516215263837426
0 0.3831201557959395 0.7516215263837426 0.3793778769819351 0.9999979572984049 0.4014157411088499 1.0 0.40515801992285433 0.7527303497360402
0 0.40765287246552395 0.7532847614121889 0.43010654534955034 0.7527303497360402 0.42553264902132276 1.0 0.40224735862307315 0.9994435456222562
0 0.43218558913510835 0.7516215263837426 0.45505507077624635 0.7516215263837426 0.44923374817668393 1.0 0.42678007529265755 1.0
0 0.45713411456180436 0.7521759380598912 0.47958778744583075 0.7516215263837426 0.4733506560891568 1.0 0.4504811744480188 1.0
0 0.48208263998850037 0.7516215263837426 0.503288886601192 0.7516215263837426 0.49497271145896 1.0 0.47501389111760317 1.0
0 0.5078627829294196 0.7505127030314449 0.5294848382992228 0.7516215263837426 0.5215844719141023 1.0 0.499130799030076 1.0
0 0.5319796908418924 0.7521759380598912 0.553185937454584 0.7532847614121889 0.54694880609791 1.0 0.524079324456772 1.0
0 0.5569282162685883 0.7510671147075938 0.5777186541241685 0.7521759380598912 0.5702340964961596 1.0 0.5481962323692448 1.0
0 0.584371594237954 0.7571656431452305 0.6059936496077573 0.7582744664975282 0.5993407094939717 1.0 0.576055419095722 1.0
