0 0.05066667 0.85362500 0.02533333 0.85037500 0.02183333 0.84275000 0.00016667 0.57875000 0.00016667 0.16600000 0.00433333 0.16562500 0.03400000 0.16612500 0.04116667 0.17375000 0.05116667 0.44500000 0.07583333 0.84050000 0.07333333 0.85112500
0 0.10866667 0.85687500 0.08433333 0.85562500 0.07983333 0.84925000 0.06383333 0.63450000 0.04350000 0.18175000 0.04500000 0.17112500 0.06266667 0.16987500 0.08800000 0.17237500 0.08983333 0.17600000 0.09983333 0.42550000 0.12816667 0.83750000 0.12783333 0.85425000
0 0.16600000 0.86287500 0.13533333 0.86212500 0.13050000 0.85500000 0.09950000 0.35650000 0.09383333 0.17850000 0.09800000 0.16587500 0.13933333 0.16862500 0.14783333 0.17750000 0.17250000 0.68850000 0.18583333 0.85750000 0.18200000 0.86162500
0 0.21400000 0.86712500 0.19166667 0.86562500 0.18750000 0.85475000 0.15750000 0.35850000 0.14950000 0.18575000 0.15433333 0.17412500 0.15833333 0.17737500 0.19333333 0.17662500 0.20250000 0.18350000 0.22283333 0.64075000 0.23850000 0.85275000 0.23466667 0.86537500
0 0.26266667 0.87162500 0.24500000 0.87012500 0.24183333 0.86550000 0.23483333 0.77950000 0.20450000 0.18850000 0.20516667 0.17025000 0.21933333 0.16762500 0.25233333 0.16912500 0.25716667 0.18100000 0.28616667 0.75200000 0.28883333 0.77625000 0.29383333 0.86525000 0.29100000 0.86987500
0 0.32966667 0.87587500 0.29933333 0.87362500 0.29483333 0.85850000 0.25916667 0.17850000 0.25983333 0.16625000 0.26800000 0.16187500 0.31133333 0.16512500 0.31916667 0.17625000 0.35550000 0.86050000 0.35333333 0.87362500
0 0.38600000 0.86612500 0.36566667 0.86537500 0.35983333 0.85775000 0.33750000 0.48325000 0.32666667 0.17787500 0.36500000 0.17912500 0.37383333 0.18175000 0.37483333 0.18825000 0.41183333 0.85325000 0.40800000 0.86262500
0 0.45166667 0.85237500 0.41933333 0.85087500 0.41450000 0.84575000 0.37716667 0.17650000 0.37950000 0.16625000 0.38766667 0.16187500 0.43566667 0.16512500 0.44050000 0.16975000 0.46316667 0.83975000 0.46283333 0.84975000
0 0.51433333 0.88162500 0.48433333 0.88112500 0.46550000 0.87350000 0.44550000 0.22525000 0.44483333 0.17150000 0.45166667 0.16562500 0.49266667 0.16612500 0.50250000 0.17750000 0.52216667 0.86775000 0.52150000 0.87700000
0 0.56100000 0.87112500 0.52966667 0.87037500 0.52416667 0.86600000 0.50883333 0.38925000 0.50800000 0.18037500 0.54900000 0.18162500 0.55350000 0.19500000 0.57416667 0.84025000 0.57416667 0.86575000
0 0.60833333 0.88337500 0.58033333 0.88137500 0.57683333 0.87000000 0.55883333 0.19450000 0.56050000 0.16975000 0.57333333 0.16587500 0.61133333 0.16812500 0.61783333 0.17650000 0.63250000 0.87750000 0.62733333 0.88287500
0 0.68533333 0.89062500 0.63900000 0.88562500 0.63550000 0.87450000 0.62116667 0.17775000 0.62333333 0.17137500 0.63500000 0.16962500 0.67400000 0.17162500 0.67716667 0.18300000 0.69150000 0.87425000 0.69083333 0.88875000
0 0.73766667 0.89337500 0.70433333 0.89287500 0.69350000 0.88500000 0.68050000 0.17500000 0.68533333 0.16562500 0.69966667 0.16412500 0.73266667 0.16587500 0.74050000 0.17375000 0.75016667 0.88900000
0 0.79966667 0.90587500 0.75983333 0.90050000 0.75416667 0.86550000 0.74283333 0.17875000 0.74900000 0.17187500 0.78233333 0.16787500 0.79966667 0.16862500 0.80450000 0.17300000 0.80750000 0.27725000 0.81283333 0.87325000 0.81216667 0.90050000
0 0.85633333 0.91212500 0.82300000 0.90837500 0.81683333 0.89075000 0.80883333 0.17025000 0.81433333 0.16212500 0.84166667 0.15862500 0.86933333 0.16012500 0.87483333 0.17625000 0.87883333 0.89650000 0.87666667 0.91062500
0 0.93666667 0.92337500 0.89566667 0.92012500 0.88283333 0.90625000 0.87683333 0.16950000 0.88233333 0.16212500 0.90333333 0.15862500 0.93633333 0.15937500 0.94083333 0.16500000 0.94683333 0.91625000 0.94466667 0.92212500
0 0.99366667 0.92512500 0.95800000 0.92387500 0.94950000 0.91775000 0.95450000 0.81475000 0.95383333 0.26375000 0.95716667 0.15175000 0.96666667 0.14612500 0.99966667 0.14850000 0.99966667 0.92475000
