0 0.10975000 0.90916667 0.03400000 0.90516667 0.02487500 0.89800000 0.03187500 0.20900000 0.03612500 0.05566667 0.04125000 0.04483333 0.12750000 0.04916667 0.13537500 0.05700000 0.11737500 0.63066667 0.11662500 0.90100000
0 0.14725000 0.93083333 0.12650000 0.92983333 0.12187500 0.92066667 0.12137500 0.69733333 0.13812500 0.05166667 0.14275000 0.03716667 0.15525000 0.03550000 0.24075000 0.04683333 0.24487500 0.05266667 0.24512500 0.08433333 0.22737500 0.91866667 0.22075000 0.92616667
0 0.25775000 0.93016667 0.23600000 0.92950000 0.23012500 0.92400000 0.24937500 0.05166667 0.25200000 0.04716667 0.26425000 0.04683333 0.34975000 0.05516667 0.35437500 0.06366667 0.35412500 0.11033333 0.34187500 0.61333333 0.33787500 0.75066667 0.33537500 0.92100000 0.32800000 0.92850000
0 0.39350000 0.92816667 0.34875000 0.92650000 0.33887500 0.92066667 0.35912500 0.06800000 0.36150000 0.06250000 0.37275000 0.06116667 0.45200000 0.06750000 0.45937500 0.07266667 0.46037500 0.08033333 0.45212500 0.40633333 0.43987500 0.68966667 0.43587500 0.91966667 0.42875000 0.92616667
0 0.46125000 0.92683333 0.44287500 0.92400000 0.44162500 0.89666667 0.46412500 0.08300000 0.46700000 0.07250000 0.49025000 0.07216667 0.55550000 0.08350000 0.56012500 0.09533333 0.54537500 0.61166667 0.54137500 0.65433333 0.53812500 0.89433333 0.53662500 0.91633333 0.53250000 0.92183333
0 0.57825000 0.93250000 0.54900000 0.92816667 0.54262500 0.92000000 0.54137500 0.90100000 0.56637500 0.09566667 0.57225000 0.07950000 0.59600000 0.07483333 0.66600000 0.08683333 0.67087500 0.09633333 0.64162500 0.92066667 0.63325000 0.92783333
0 0.66225000 0.92883333 0.64625000 0.92416667 0.64537500 0.91400000 0.67262500 0.09733333 0.67575000 0.09183333 0.69125000 0.09083333 0.75900000 0.09916667 0.76462500 0.10200000 0.76612500 0.11133333 0.76412500 0.20700000 0.74587500 0.65033333 0.74812500 0.67466667 0.73512500 0.92000000 0.72400000 0.92550000
0 0.77375000 0.92850000 0.74400000 0.92416667 0.73912500 0.92000000 0.73837500 0.90800000 0.76287500 0.35366667 0.76887500 0.10700000 0.77525000 0.09850000 0.78825000 0.09483333 0.86175000 0.11083333 0.86612500 0.12166667 0.85787500 0.39300000 0.83412500 0.91533333 0.82650000 0.92450000
0 0.85450000 0.92350000 0.83800000 0.92016667 0.83662500 0.90900000 0.85837500 0.46366667 0.86787500 0.12000000 0.87025000 0.11450000 0.88875000 0.11350000 0.94375000 0.12183333 0.95237500 0.12700000 0.93612500 0.56533333 0.92487500 0.71933333 0.91787500 0.91233333 0.90475000 0.92050000
0 0.95900000 0.92283333 0.93350000 0.92050000 0.92300000 0.91383333 0.92162500 0.90666667 0.93487500 0.68600000 0.95512500 0.14500000 0.95662500 0.12700000 0.96200000 0.12316667 0.99975000 0.12250000 0.99975000 0.92200000
