0 0.04200000 0.94650000 0.03237500 0.94333333 0.02937500 0.92566667 0.00912500 0.46866667 0.00412500 0.31266667 0.00600000 0.29950000 0.01625000 0.29816667 0.03175000 0.29883333 0.04437500 0.30700000 0.05137500 0.61600000 0.06887500 0.93333333 0.06125000 0.94350000
0 0.08800000 0.93916667 0.07250000 0.93683333 0.07087500 0.93300000 0.06062500 0.65400000 0.05187500 0.51100000 0.04737500 0.31433333 0.04887500 0.30700000 0.05550000 0.30250000 0.07437500 0.30666667 0.07587500 0.36166667 0.07912500 0.37800000 0.08662500 0.63566667 0.08637500 0.71333333 0.09487500 0.88300000 0.09537500 0.93566667
0 0.11225000 0.95516667 0.09837500 0.95166667 0.09587500 0.92033333 0.08812500 0.74033333 0.08287500 0.45100000 0.08037500 0.43766667 0.08362500 0.42000000 0.08012500 0.41233333 0.07587500 0.35666667 0.07537500 0.31466667 0.07612500 0.30733333 0.07950000 0.30583333 0.10750000 0.30583333 0.11287500 0.31733333 0.12612500 0.88166667 0.13012500 0.94033333 0.12750000 0.95216667
0 0.14950000 0.95983333 0.13500000 0.95816667 0.13112500 0.95166667 0.12312500 0.71366667 0.11387500 0.31766667 0.11600000 0.31250000 0.13275000 0.30950000 0.14575000 0.31250000 0.14862500 0.32100000 0.15137500 0.49866667 0.15437500 0.51733333 0.15412500 0.63100000 0.16287500 0.95166667 0.15950000 0.95716667
0 0.18200000 0.96550000 0.16600000 0.96350000 0.16362500 0.95133333 0.15687500 0.69366667 0.15362500 0.41200000 0.14987500 0.33566667 0.14987500 0.32200000 0.15425000 0.31250000 0.17000000 0.31050000 0.18337500 0.31466667 0.18537500 0.34366667 0.18887500 0.74066667 0.19462500 0.95566667 0.19225000 0.96316667
0 0.22425000 0.97550000 0.19775000 0.97183333 0.19462500 0.94500000 0.18537500 0.31866667 0.20525000 0.31316667 0.22250000 0.31450000 0.22687500 0.32600000 0.22987500 0.76066667 0.23487500 0.96300000 0.23225000 0.97016667
0 0.25000000 0.96383333 0.23925000 0.96316667 0.23537500 0.95233333 0.23012500 0.53366667 0.22837500 0.33400000 0.23175000 0.31916667 0.24325000 0.31550000 0.26150000 0.31716667 0.26512500 0.32400000 0.26262500 0.53766667 0.26487500 0.56366667 0.26512500 0.78200000 0.26287500 0.81600000 0.26537500 0.95233333 0.26350000 0.96183333
0 0.28025000 0.97883333 0.26887500 0.97466667 0.26562500 0.95200000 0.26537500 0.33200000 0.26687500 0.32333333 0.27150000 0.31816667 0.29100000 0.31750000 0.30000000 0.31816667 0.30462500 0.32600000 0.29937500 0.95566667 0.29725000 0.97516667
0 0.31975000 0.97883333 0.30550000 0.97716667 0.30087500 0.96533333 0.30512500 0.35633333 0.30637500 0.32833333 0.31375000 0.32050000 0.33650000 0.32216667 0.34312500 0.33000000 0.33462500 0.96900000 0.33025000 0.97716667
0 0.35225000 0.98716667 0.33800000 0.98416667 0.33562500 0.96733333 0.34337500 0.35666667 0.34512500 0.32766667 0.36750000 0.32216667 0.38000000 0.32550000 0.38312500 0.33766667 0.36937500 0.98233333
0 0.38900000 0.99150000 0.37300000 0.98716667 0.37162500 0.97833333 0.38412500 0.33733333 0.38750000 0.32616667 0.39350000 0.32516667 0.42037500 0.33200000 0.42162500 0.36433333 0.40937500 0.78000000 0.40562500 0.82066667 0.40337500 0.97966667 0.40100000 0.98650000
0 0.43850000 0.99966667 0.40725000 0.99966667 0.40487500 0.98633333 0.42262500 0.33733333 0.42750000 0.32916667 0.45150000 0.33116667 0.45975000 0.33483333 0.46237500 0.34066667
0 0.47675000 0.99966667 0.44100000 0.99966667 0.44012500 0.99466667 0.45362500 0.68200000 0.45437500 0.59166667 0.46412500 0.34133333 0.46725000 0.33283333 0.47325000 0.33016667 0.50100000 0.33383333 0.50412500 0.33933333
0 0.51500000 0.99966667 0.48037500 0.99966667 0.48112500 0.93566667 0.49562500 0.65933333 0.50537500 0.34166667 0.51000000 0.33516667 0.53425000 0.33383333 0.54500000 0.33750000 0.54737500 0.34700000 0.54087500 0.43066667
0 0.55600000 0.99966667 0.51725000 0.99966667 0.51712500 0.99333333 0.54737500 0.36500000 0.55112500 0.33833333 0.56275000 0.33550000 0.58375000 0.33816667 0.58662500 0.34766667 0.56687500 0.75500000 0.56487500 0.87000000
0 0.62525000 0.99966667 0.59012500 0.99966667 0.58762500 0.93966667 0.58362500 0.91633333 0.58687500 0.88100000 0.59087500 0.70233333 0.59287500 0.36466667 0.59712500 0.34633333 0.60750000 0.33983333 0.62725000 0.34116667 0.63187500 0.35333333
0 0.66250000 0.99966667 0.62825000 0.99966667 0.62787500 0.99700000 0.63312500 0.35600000 0.63500000 0.34516667 0.64825000 0.34116667 0.66625000 0.34383333 0.66787500 0.35133333
0 0.71025000 0.99966667 0.67350000 0.99966667 0.67087500 0.97166667 0.66887500 0.84433333 0.67462500 0.50533333 0.67162500 0.36100000 0.67675000 0.34750000 0.68925000 0.34550000 0.70525000 0.34950000 0.70612500 0.35300000 0.70412500 0.40666667 0.71112500 0.83833333
0 0.75025000 0.99966667 0.71525000 0.99966667 0.71462500 0.99500000 0.70887500 0.36233333 0.71425000 0.34916667 0.72425000 0.34450000 0.74050000 0.34550000 0.74362500 0.35266667 0.74787500 0.57433333
0 0.78275000 0.99966667 0.75275000 0.99966667 0.75162500 0.99500000 0.75062500 0.53933333 0.74737500 0.36300000 0.74900000 0.34950000 0.76325000 0.34650000 0.77975000 0.34916667 0.78212500 0.35366667 0.77812500 0.36533333 0.77987500 0.39300000 0.77737500 0.40433333 0.78037500 0.46800000 0.77787500 0.61833333 0.78112500 0.64333333 0.77837500 0.66166667 0.77812500 0.79133333 0.77937500 0.83666667 0.78212500 0.84533333
0 0.82700000 0.99966667 0.79050000 0.99966667 0.78962500 0.99433333 0.79162500 0.98866667 0.78912500 0.86033333 0.79512500 0.55833333 0.79187500 0.42400000 0.79587500 0.36200000 0.79950000 0.34950000 0.80900000 0.34616667 0.81850000 0.34650000 0.82837500 0.35333333 0.82662500 0.54500000 0.82937500 0.65466667 0.82537500 0.71233333 0.82837500 0.76166667 0.82537500 0.88733333
0 0.87150000 0.99966667 0.83225000 0.99966667 0.83137500 0.99500000 0.83637500 0.70133333 0.83387500 0.59533333 0.83687500 0.44833333 0.84137500 0.35466667 0.85375000 0.34716667 0.87325000 0.34983333 0.87637500 0.36033333
0 0.90100000 0.99966667 0.87250000 0.99966667 0.87187500 0.99633333 0.87862500 0.35900000 0.88250000 0.34983333 0.89575000 0.34783333 0.90987500 0.35000000 0.90537500 0.41500000
0 0.94850000 0.99966667 0.90750000 0.99966667 0.90537500 0.99433333 0.90962500 0.94366667 0.90762500 0.90833333 0.91512500 0.67866667 0.91837500 0.39600000 0.92262500 0.35400000 0.93475000 0.34883333 0.95250000 0.34950000 0.95537500 0.35566667 0.95162500 0.40800000 0.95262500 0.61466667 0.94887500 0.72266667
