0 0.06350000 0.74850000 0.04425000 0.74616667 0.04037500 0.73266667 0.01162500 0.11533333 0.01112500 0.09600000 0.01775000 0.09083333 0.13500000 0.10283333 0.14250000 0.10550000 0.14462500 0.11166667 0.15112500 0.22466667 0.15837500 0.73233333 0.15375000 0.74083333 0.14325000 0.74550000
0 0.23775000 0.75650000 0.17400000 0.75516667 0.16587500 0.75233333 0.16262500 0.73700000 0.15362500 0.19900000 0.15387500 0.11966667 0.15800000 0.11083333 0.24075000 0.11816667 0.24637500 0.12300000 0.24612500 0.74666667 0.24425000 0.75283333
0 0.32675000 0.76850000 0.26525000 0.76416667 0.25450000 0.76183333 0.25087500 0.75633333 0.24912500 0.12333333 0.25200000 0.11816667 0.33200000 0.12116667 0.34237500 0.12700000 0.33537500 0.76066667 0.33350000 0.76583333
0 0.36500000 0.76983333 0.34600000 0.76850000 0.34287500 0.76133333 0.35062500 0.12700000 0.35350000 0.12250000 0.36200000 0.12116667 0.46725000 0.13450000 0.47062500 0.14633333 0.46962500 0.19100000 0.44962500 0.76366667 0.44100000 0.76883333
0 0.50275000 0.76950000 0.46075000 0.76883333 0.45612500 0.76366667 0.46937500 0.24533333 0.47337500 0.14800000 0.47750000 0.14150000 0.55000000 0.14950000 0.55675000 0.15150000 0.55987500 0.15833333 0.53462500 0.76366667 0.52975000 0.76883333
0 0.60750000 0.77383333 0.54525000 0.77283333 0.54062500 0.77166667 0.53762500 0.76200000 0.56062500 0.19666667 0.56387500 0.15833333 0.57075000 0.15016667 0.64650000 0.15750000 0.64912500 0.16500000 0.61937500 0.74633333 0.61637500 0.77133333
0 0.71300000 0.77316667 0.63725000 0.76850000 0.62162500 0.76366667 0.63387500 0.47033333 0.65037500 0.16933333 0.65375000 0.16083333 0.75150000 0.16683333 0.75737500 0.17400000 0.71837500 0.76333333
0 0.79325000 0.77883333 0.73225000 0.77683333 0.72512500 0.77166667 0.72337500 0.76466667 0.75587500 0.24666667 0.76337500 0.17500000 0.77475000 0.17116667 0.84575000 0.17716667 0.84787500 0.18166667 0.84337500 0.26933333 0.81162500 0.65566667 0.80062500 0.77133333 0.79875000 0.77716667
0 0.89300000 0.78816667 0.82200000 0.78750000 0.80675000 0.77983333 0.80412500 0.77166667 0.82612500 0.54500000 0.85287500 0.18266667 0.85775000 0.17383333 0.86950000 0.17150000 0.95225000 0.17816667 0.96800000 0.18116667 0.97087500 0.18500000 0.96862500 0.23700000 0.95262500 0.39333333 0.90912500 0.78333333
0 0.93625000 0.79316667 0.91625000 0.78716667 0.91337500 0.77700000 0.94587500 0.48566667 0.97412500 0.18633333 0.97800000 0.18150000 0.99975000 0.18150000 0.99975000 0.79100000
