0 0.03921569 0.60110294 0.02144608 0.60069444 0.01807598 0.59783497 0.01516544 0.57393791 0.00873162 0.29493464 0.00719975 0.08415033 0.01056985 0.04901961 0.02144608 0.04350490 0.08946078 0.05657680 0.10232843 0.06433824 0.10523897 0.07598039 0.11167279 0.59191176 0.10753676 0.59620098 0.08823529 0.59987745
0 0.17708333 0.60069444 0.12162990 0.59987745 0.11504289 0.59477124 0.10768995 0.09722222 0.10830270 0.06004902 0.11151961 0.05044935 0.16727941 0.05290033 0.17922794 0.05657680 0.18305760 0.06413399 0.18244485 0.23202614 0.18673407 0.56862745 0.18612132 0.59640523
0 0.25367647 0.60396242 0.19362745 0.60355392 0.18795956 0.59681373 0.18367034 0.07352941 0.18596814 0.06801471 0.18964461 0.06678922 0.25582108 0.07536765 0.26348039 0.07986111 0.26669730 0.08741830 0.26884191 0.16503268 0.26853554 0.58047386 0.26639093 0.59926471
0 0.29258578 0.60477941 0.27389706 0.60314542 0.27098652 0.60049020 0.27037377 0.59027778 0.27068015 0.07679739 0.27159926 0.06740196 0.27573529 0.06311275 0.31433824 0.07209967 0.34221814 0.08312908 0.34482230 0.09477124 0.34083946 0.59558824 0.33057598 0.60314542
0 0.39552696 0.60886438 0.35018382 0.60845588 0.34436275 0.60477941 0.34329044 0.60049020 0.34604779 0.08169935 0.34666054 0.07271242 0.35171569 0.06964869 0.41084559 0.07495915 0.41544118 0.07741013 0.41773897 0.08374183 0.41681985 0.29983660 0.41099877 0.54370915 0.41253064 0.57230392 0.40885417 0.60743464
0 0.47487745 0.61254085 0.41819853 0.60968137 0.41467525 0.60743464 0.41406250 0.60253268 0.42233456 0.08374183 0.42769608 0.07822712 0.48039216 0.07945261 0.48651961 0.08108660 0.49157475 0.08741830 0.48268995 0.56740196 0.48085172 0.60702614 0.47886029 0.61172386
0 0.54411765 0.61662582 0.49080882 0.61254085 0.48452819 0.60743464 0.49433211 0.09150327 0.49908088 0.08394608 0.52818627 0.07986111 0.56127451 0.08190359 0.56632966 0.08823529 0.56142770 0.31658497 0.55346201 0.53513072 0.55315564 0.61151961 0.55024510 0.61580882
0 0.61029412 0.61866830 0.56525735 0.61785131 0.56066176 0.61580882 0.55805760 0.60866013 0.56418505 0.32598039 0.57184436 0.11356209 0.57061887 0.09722222 0.57414216 0.08803105 0.58333333 0.08394608 0.62806373 0.08803105 0.63939951 0.09089052 0.64231005 0.09599673 0.62729779 0.61274510 0.62438725 0.61744281
0 0.67432598 0.62030229 0.63480392 0.61866830 0.63097426 0.61437908 0.62974877 0.60130719 0.64476103 0.09926471 0.64950980 0.09170752 0.65441176 0.08966503 0.70833333 0.09946895 0.71277574 0.10702614 0.69408701 0.60620915 0.69087010 0.61866830
0 0.75674020 0.62111928 0.70435049 0.62030229 0.69592525 0.61519608 0.69837623 0.59191176 0.70052083 0.48611111 0.71522672 0.11151961 0.71691176 0.10682190 0.72855392 0.10355392 0.78339461 0.11049837 0.78691789 0.12091503 0.76884191 0.58455882 0.76669730 0.61478758
0 0.79534314 0.61866830 0.77175245 0.61785131 0.76822917 0.61478758 0.76792279 0.60743464 0.77711397 0.44076797 0.78844975 0.13398693 0.79136029 0.12602124 0.80300245 0.12479575 0.84252451 0.13419118 0.84941789 0.14297386 0.85064338 0.15563725 0.82827819 0.61519608 0.82230392 0.61785131
0 0.87841150 0.10033563 0.93885798 0.10916799 0.90490859 0.62696520 0.85108638 0.62254902
0 0.94631028 0.12793676 0.99930445 0.12904081 0.99969363 0.16977455 0.99930445 0.30347995 0.97611950 0.62365306 0.91236089 0.62254902
0 0.07781863 0.99959150 0.00015319 0.99959150 0.00015319 0.75939542 0.00306373 0.75878268 0.00582108 0.75551471 0.01470588 0.75714869 0.01776961 0.75551471 0.03400735 0.75633170 0.05361520 0.75388072 0.06617647 0.75633170 0.07659314 0.75306373 0.08164828 0.75776144 0.08287377 0.76919935 0.08164828 0.93259804 0.08072917 0.96527778 0.07950368 0.97181373 0.08011642 0.98284314
0 0.08763911 0.76055467 0.16133413 0.76055467 0.16381823 0.99902844 0.08267091 0.99682035
0 0.17209857 0.77932344 0.25076179 0.77490726 0.24993376 0.99571630 0.16216216 0.99902844
0 0.25572999 0.75945063 0.32776895 0.75724254 0.32776895 0.99959150 0.25158983 0.99959150
0 0.39828431 0.99959150 0.32919730 0.99959150 0.33348652 0.78349673 0.33287377 0.76307190 0.33455882 0.75347222 0.33823529 0.75306373 0.34191176 0.75674020 0.34987745 0.75347222 0.35324755 0.75633170 0.39276961 0.75714869 0.39583333 0.75551471 0.40226716 0.75551471 0.40456495 0.75285948 0.40548407 0.76919935 0.40487132 0.77777778 0.40333946 0.78227124 0.40395221 0.79452614 0.40088848 0.93055556
0 0.47518382 0.99959150 0.40150123 0.99959150 0.40395221 0.85498366 0.40579044 0.79861111 0.40839461 0.77634804 0.41207108 0.77879902 0.41881127 0.77634804 0.46752451 0.77634804 0.47855392 0.77798203 0.47901348 0.77900327 0.47993260 0.82148693
0 0.54197304 0.99959150 0.47748162 0.99959150 0.47870711 0.95629085 0.48085172 0.94362745 0.48023897 0.93954248 0.48207721 0.91339869 0.48177083 0.82026144 0.48238358 0.79044118 0.48360907 0.78758170 0.48238358 0.78513072 0.48238358 0.77696078 0.48360907 0.76266340 0.48682598 0.75837418 0.54350490 0.75796569 0.54917279 0.76021242 0.54947917 0.78104575 0.54764093 0.78717320 0.54549632 0.91789216
0 0.61090686 0.99959150 0.54641544 0.99959150 0.54825368 0.87908497 0.54978554 0.85539216 0.55101103 0.78717320 0.55193015 0.78431373 0.55162377 0.76266340 0.55300245 0.75592320 0.55575980 0.75714869 0.61611520 0.75674020 0.61871936 0.76102941 0.61963848 0.77205882 0.61718750 0.80147059
0 0.68290441 0.99959150 0.61381740 0.99959150 0.61841299 0.84150327 0.62025123 0.80269608 0.62208946 0.79166667 0.62316176 0.77144608 0.63174020 0.77062908 0.63388480 0.77185458 0.65042892 0.77308007 0.68535539 0.77267157 0.68811275 0.77348856 0.68979779 0.77614379
0 0.74540441 0.99959150 0.68458946 0.99959150 0.68949142 0.82066993 0.69163603 0.78063725 0.69163603 0.76797386 0.68979779 0.76388889 0.68887868 0.75612745 0.69301471 0.75265523 0.70067402 0.75224673 0.70128676 0.74938725 0.70189951 0.75224673 0.71292892 0.75428922 0.72487745 0.75428922 0.73069853 0.75714869 0.74908088 0.75755719 0.75229779 0.75898693 0.75291054 0.78063725
0 0.80912990 0.99959150 0.74831495 0.99959150 0.75137868 0.86560458 0.75321691 0.84068627 0.75474877 0.78104575 0.75444240 0.75980392 0.75612745 0.75388072 0.77389706 0.75674020 0.81158088 0.75714869 0.81464461 0.75551471 0.81632966 0.76021242 0.81694240 0.77205882 0.81387868 0.81004902 0.81173407 0.87336601 0.81112132 0.94730392
0 0.88327206 0.99959150 0.81204044 0.99959150 0.81387868 0.90645425 0.81724877 0.81331699 0.81816789 0.79616013 0.82031250 0.78962418 0.82092525 0.78063725 0.82261029 0.77675654 0.83241422 0.77348856 0.83762255 0.77471405 0.84221814 0.77389706 0.84589461 0.77593954 0.85386029 0.77389706 0.88174020 0.77389706 0.88511029 0.77471405 0.88802083 0.77982026 0.88924632 0.79207516 0.88802083 0.80065359 0.88679534 0.84068627
0 0.89361083 0.77268195 0.95540462 0.77475906 0.95073114 0.99493187 0.88686025 0.99700897
0 0.99798521 0.78514457 0.96215520 0.78722167 0.96007810 0.99770134 0.99954304 0.99908608
