0 0.06982938011450919 0.19529445414412178 0.1233517651473368 0.19414343511115775 0.09918036545509207 0.834110017439161 0.047384508971710516 0.834110017439161
0 0.12680482224622888 0.20104954930894192 0.17687415018016442 0.19874751124301387 0.1535660147626427 0.8283549222743407 0.1069497439275993 0.834110017439161
0 0.18205373582850254 0.20335158737487002 0.2269434781140999 0.2056536254407981 0.2070883997954703 0.8306569603402689 0.16133539323514992 0.834110017439161
0 0.230396535212992 0.21140872060561824 0.2718332203996972 0.2102577015726542 0.2580209920041288 0.8329589984061969 0.20967819261963938 0.834110017439161
0 0.27614954177331236 0.20104954930894192 0.3236290768830788 0.19874751124301387 0.30981684848751034 0.8352610364721249 0.26320057765246696 0.834110017439161
0 0.3270821339819709 0.20220056834190597 0.3719718762675682 0.20104954930894192 0.36506576206978403 0.836412055505089 0.3149964341358485 0.836412055505089
0 0.3788779904653525 0.20335158737487002 0.4246309970256728 0.20335158737487002 0.4237677327509498 0.834110017439161 0.3719718762675682 0.836412055505089
0 0.42722078984984185 0.20104954930894192 0.4755635892343314 0.19874751124301387 0.4781533820585005 0.834110017439161 0.42635752557511886 0.8352610364721249
0 0.4790166463332235 0.2091066825396902 0.5247696528935438 0.2102577015726542 0.5342655599154972 0.8329589984061969 0.48505949625628464 0.8352610364721249
0 0.529085974267159 0.20104954930894192 0.5757022451022024 0.20220056834190597 0.5895144734977709 0.836412055505089 0.5385818812891123 0.834110017439161
0 0.5791553022010946 0.20335158737487002 0.6257715730361378 0.20104954930894192 0.6464899156294905 0.834110017439161 0.5938307948713859 0.834110017439161
0 0.6344042157833681 0.20335158737487002 0.6827470151678576 0.20104954930894192 0.7051918863106563 0.834110017439161 0.6551225583767208 0.834110017439161
0 0.6862000722667496 0.20795566350672615 0.7233204360798399 0.20680464447376212 0.7578510070687609 0.8237508461424847 0.7086449434095483 0.8249018651754486
0 0.7259102289040089 0.2125597396385823 0.7604407998929299 0.8191467700106285 0.8070570707279733 0.8191467700106285 0.7707999711896063 0.2102577015726542
0 0.7759795568379444 0.20795566350672615 0.8217325633982647 0.20680464447376212 0.8657590414091391 0.8225998271095206 0.8113733921015884 0.8249018651754486
0 0.829501941870772 0.20335158737487002 0.8743916841563694 0.20335158737487002 0.9175548978925205 0.8179957509776644 0.8657590414091391 0.8168447319447004
0 0.8795712698047076 0.20335158737487002 0.9270508049144739 0.19874751124301387 0.9779833971231323 0.8202977890435926 0.9218712192661358 0.8179957509776644
