0 0.10025000 0.84316667 0.06400000 0.84316667 0.04900000 0.83950000 0.04487500 0.83600000 0.04037500 0.81900000 0.01162500 0.61166667 0.00237500 0.55566667 0.00012500 0.55466667 0.00025000 0.27316667 0.02175000 0.27150000 0.03387500 0.27566667 0.07937500 0.63100000 0.09237500 0.71566667 0.09612500 0.77166667 0.10512500 0.81533333 0.10637500 0.83833333
0 0.15325000 0.84816667 0.11950000 0.84616667 0.11425000 0.84316667 0.11062500 0.83433333 0.07887500 0.61166667 0.07537500 0.55833333 0.05137500 0.38966667 0.04037500 0.28866667 0.04112500 0.27566667 0.04500000 0.27116667 0.07525000 0.26616667 0.09950000 0.26683333 0.10500000 0.26883333 0.10837500 0.27600000 0.12562500 0.44400000 0.17137500 0.82866667 0.17000000 0.84450000
0 0.19750000 0.85016667 0.18550000 0.84883333 0.17837500 0.84100000 0.16387500 0.74933333 0.11037500 0.27966667 0.11525000 0.27016667 0.12750000 0.26716667 0.18200000 0.26416667 0.18487500 0.26933333 0.24062500 0.83266667 0.24012500 0.84233333 0.23675000 0.84616667
0 0.26875000 0.85550000 0.25200000 0.85450000 0.24637500 0.84933333 0.18912500 0.30133333 0.18762500 0.26766667 0.19550000 0.26250000 0.26900000 0.25850000 0.27462500 0.26400000 0.28137500 0.41333333 0.31287500 0.84200000 0.30425000 0.85116667
0 0.33200000 0.84616667 0.32250000 0.84550000 0.32012500 0.84200000 0.31137500 0.73800000 0.30587500 0.70233333 0.29712500 0.53333333 0.27887500 0.30500000 0.27912500 0.26333333 0.28625000 0.25916667 0.34750000 0.25750000 0.35500000 0.25950000 0.35787500 0.26400000 0.38462500 0.82666667 0.38362500 0.83466667 0.37775000 0.83983333
0 0.40075000 0.83583333 0.39550000 0.83416667 0.39287500 0.82533333 0.38762500 0.73733333 0.38012500 0.67266667 0.36037500 0.26666667 0.36225000 0.25883333 0.37150000 0.25516667 0.42875000 0.25450000 0.43762500 0.26000000 0.43962500 0.28600000 0.44262500 0.40933333 0.45612500 0.69700000 0.45662500 0.77166667 0.46137500 0.82533333 0.46025000 0.83050000 0.45525000 0.83316667
0 0.48550000 0.83450000 0.47000000 0.83416667 0.46562500 0.82366667 0.44187500 0.28600000 0.44312500 0.25600000 0.44800000 0.25150000 0.46650000 0.24983333 0.51125000 0.25150000 0.51762500 0.25566667 0.51862500 0.26633333 0.53037500 0.82633333 0.52075000 0.83116667
0 0.55400000 0.82650000 0.54100000 0.82450000 0.53737500 0.81866667 0.53387500 0.76833333 0.53487500 0.74766667 0.53012500 0.69766667 0.52862500 0.51366667 0.52162500 0.26233333 0.52525000 0.25283333 0.53325000 0.24983333 0.59575000 0.24783333 0.59987500 0.25233333 0.59862500 0.44266667 0.60137500 0.81500000 0.59975000 0.81950000 0.59200000 0.82350000
0 0.62500000 0.81983333 0.60775000 0.81883333 0.60487500 0.81066667 0.60337500 0.25600000 0.60462500 0.24966667 0.60975000 0.24616667 0.67025000 0.24250000 0.67500000 0.24416667 0.67662500 0.24900000 0.67112500 0.80033333 0.66912500 0.81033333 0.66150000 0.81483333
0 0.68800000 0.81350000 0.67575000 0.81083333 0.67437500 0.79533333 0.68062500 0.25133333 0.68237500 0.24433333 0.68575000 0.24216667 0.74925000 0.23783333 0.75337500 0.24300000 0.75287500 0.29100000 0.73637500 0.79900000 0.73075000 0.80783333
0 0.77850000 0.80516667 0.74375000 0.80350000 0.73887500 0.79500000 0.74862500 0.60866667 0.75837500 0.24633333 0.76125000 0.23683333 0.76800000 0.23416667 0.82675000 0.23250000 0.83112500 0.23633333 0.82787500 0.36500000 0.80687500 0.78300000 0.80300000 0.80050000
0 0.83783784 0.22882883 0.90337838 0.22522523 0.87500000 0.79099099 0.82162162 0.80450450 0.81283784 0.80180180
0 0.90878378 0.22972973 0.96959459 0.22522523 0.92972973 0.78198198 0.87702703 0.78738739
0 0.97500000 0.22522523 0.99932432 0.22702703 0.99932432 0.78198198 0.93851351 0.78198198
