0 0.04725000 0.89183333 0.00975000 0.89050000 0.00787500 0.88633333 0.00362500 0.29633333 0.00587500 0.27533333 0.01325000 0.26450000 0.08275000 0.26150000 0.09262500 0.26633333 0.09612500 0.28333333 0.09637500 0.72633333 0.09912500 0.88266667 0.09600000 0.88850000 0.08825000 0.89016667
0 0.13400000 0.89416667 0.10750000 0.89383333 0.10262500 0.88900000 0.10112500 0.88033333 0.09862500 0.26766667 0.10325000 0.26016667 0.10975000 0.25916667 0.18950000 0.25916667 0.19262500 0.27466667 0.19112500 0.35033333 0.19362500 0.35700000 0.19437500 0.40333333 0.19362500 0.88900000 0.18350000 0.89283333
0 0.26850000 0.89283333 0.20700000 0.89083333 0.20125000 0.88916667 0.19887500 0.88133333 0.19612500 0.74800000 0.19637500 0.27100000 0.19825000 0.26383333 0.20575000 0.25983333 0.28412500 0.26000000 0.28312500 0.34966667 0.28612500 0.36033333 0.28787500 0.43200000 0.28462500 0.73166667 0.28737500 0.87466667 0.28375000 0.88916667
0 0.28948864 0.25606061 0.37982955 0.25757576 0.38380682 0.88863636 0.29232955 0.89015152
0 0.39289773 0.25454545 0.47812500 0.25606061 0.47755682 0.88712121 0.39176136 0.88333333
0 0.48664773 0.25151515 0.57357955 0.25075758 0.57698864 0.88636364 0.48607955 0.88863636
0 0.58380682 0.24393939 0.66846591 0.24621212 0.67357955 0.88712121 0.58664773 0.89166667
0 0.68096591 0.23712121 0.77073864 0.23333333 0.77414773 0.89166667 0.68267045 0.89166667
0 0.79403409 0.23484848 0.87812500 0.23484848 0.88039773 0.88030303 0.79119318 0.88863636
0 0.89005682 0.23636364 0.97301136 0.24015152 0.96903409 0.87803030 0.88664773 0.88712121
