0 0.17333333 0.09666667 0.21333333 0.09666667 0.23833333 0.93666667 0.20166667 0.93888889
0 0.26075000 0.94616667 0.24775000 0.94416667 0.24312500 0.93600000 0.23912500 0.85733333 0.22387500 0.21066667 0.22462500 0.17400000 0.23600000 0.17183333 0.26350000 0.17416667 0.26987500 0.18166667 0.28137500 0.93700000 0.27950000 0.94516667
0 0.31925000 0.95616667 0.29125000 0.95283333 0.28487500 0.94100000 0.27112500 0.19266667 0.27312500 0.17833333 0.27925000 0.17550000 0.32662500 0.18166667 0.33162500 0.94766667 0.33025000 0.95283333
0 0.35525000 0.95950000 0.33662500 0.95466667 0.33387500 0.86133333 0.33187500 0.20833333 0.33287500 0.18433333 0.34175000 0.17783333 0.37700000 0.18150000 0.38062500 0.18866667 0.37587500 0.94766667 0.37325000 0.95516667
0 0.40675000 0.94783333 0.38475000 0.94616667 0.38062500 0.93966667 0.38287500 0.21700000 0.38412500 0.18566667 0.39525000 0.18150000 0.42400000 0.18183333 0.42937500 0.18900000 0.42112500 0.86966667 0.41712500 0.94366667 0.40900000 0.93883333 0.40737500 0.94400000 0.41237500 0.94733333
0 0.44025000 0.95316667 0.42500000 0.95150000 0.42287500 0.94133333 0.43487500 0.18900000 0.44250000 0.18316667 0.47500000 0.18350000 0.48337500 0.18900000 0.48162500 0.30800000 0.46337500 0.94233333 0.45875000 0.95216667
0 0.50200000 0.94450000 0.47675000 0.94383333 0.46787500 0.93600000 0.49025000 0.18716667 0.53325000 0.18950000 0.53487500 0.19333333 0.51412500 0.81466667 0.50787500 0.93566667
0 0.53150000 0.94916667 0.51625000 0.94783333 0.51137500 0.93400000 0.53812500 0.19666667 0.54125000 0.18583333 0.57650000 0.18616667 0.58425000 0.18816667 0.58562500 0.19633333 0.55412500 0.93566667 0.54900000 0.94583333
0 0.57300000 0.95150000 0.56075000 0.95050000 0.55637500 0.93966667 0.58962500 0.19300000 0.59550000 0.18583333 0.62400000 0.18650000 0.63475000 0.18916667 0.63687500 0.19800000 0.59737500 0.93766667 0.59475000 0.94650000
0 0.63200000 0.95550000 0.60400000 0.95216667 0.60062500 0.93966667 0.62637500 0.43933333 0.64012500 0.24466667 0.63962500 0.19700000 0.64300000 0.18883333 0.67650000 0.18883333 0.68925000 0.19216667 0.69012500 0.19900000 0.64262500 0.94766667
0 0.66600000 0.95016667 0.64775000 0.94750000 0.64462500 0.93600000 0.66012500 0.73233333 0.68887500 0.22433333 0.69325000 0.19150000 0.73075000 0.18950000 0.73575000 0.19150000 0.73712500 0.19800000 0.68487500 0.94066667 0.68150000 0.94750000
0 0.70425000 0.95416667 0.68975000 0.95083333 0.68637500 0.93666667 0.71462500 0.57400000 0.73712500 0.21666667 0.74175000 0.18950000 0.77300000 0.18916667 0.78712500 0.19366667 0.78737500 0.20933333 0.73187500 0.93966667 0.72475000 0.94916667
0 0.75875000 0.95250000 0.73650000 0.94816667 0.73362500 0.93466667 0.74712500 0.80833333 0.79112500 0.20100000 0.79500000 0.18916667 0.83450000 0.19116667 0.83962500 0.19733333 0.83912500 0.20933333 0.81937500 0.41566667 0.80387500 0.65933333 0.78662500 0.86233333 0.77612500 0.94366667
