0 0.08025000 0.88050000 0.00012500 0.87500000 0.01587500 0.27033333 0.02037500 0.24800000 0.02675000 0.24183333 0.10025000 0.24416667 0.10762500 0.25533333 0.09362500 0.87233333 0.09150000 0.87750000
0 0.17600000 0.88650000 0.10300000 0.88550000 0.09762500 0.88100000 0.09637500 0.87300000 0.10987500 0.25533333 0.11525000 0.24416667 0.19275000 0.24583333 0.20100000 0.24916667 0.20412500 0.25900000 0.19287500 0.85400000 0.18987500 0.88166667
0 0.27425000 0.88850000 0.20625000 0.88583333 0.19775000 0.88150000 0.19637500 0.87466667 0.20912500 0.26300000 0.21300000 0.25083333 0.22125000 0.24750000 0.28875000 0.24783333 0.29762500 0.25233333 0.29562500 0.56666667 0.28762500 0.87333333 0.28350000 0.88516667
0 0.37350000 0.88983333 0.30325000 0.88983333 0.29525000 0.88850000 0.29312500 0.88166667 0.30437500 0.27000000 0.30662500 0.25000000 0.31425000 0.24750000 0.38900000 0.25116667 0.39212500 0.25233333 0.39687500 0.26900000 0.38887500 0.85066667 0.38762500 0.88100000
0 0.45700000 0.88883333 0.39675000 0.88683333 0.39262500 0.87566667 0.40012500 0.49366667 0.40062500 0.32466667 0.40287500 0.25566667 0.40450000 0.25050000 0.40925000 0.24950000 0.48600000 0.25383333 0.49287500 0.25966667 0.48362500 0.87700000 0.47925000 0.88516667
0 0.55850000 0.89116667 0.50300000 0.89016667 0.48987500 0.88466667 0.49737500 0.25700000 0.50525000 0.25116667 0.58425000 0.25450000 0.58787500 0.26000000 0.58187500 0.87733333 0.57900000 0.88883333
0 0.61675000 0.89250000 0.59175000 0.89016667 0.58737500 0.88133333 0.59212500 0.69366667 0.59112500 0.34966667 0.59187500 0.34366667 0.59512500 0.34200000 0.59287500 0.33566667 0.59387500 0.26000000 0.59825000 0.25216667 0.60675000 0.25116667 0.67825000 0.25583333 0.68287500 0.26366667 0.67837500 0.88466667 0.67400000 0.89016667
0 0.71425000 0.90516667 0.69725000 0.90183333 0.68950000 0.89650000 0.68362500 0.88566667 0.68687500 0.78333333 0.68937500 0.26000000 0.69550000 0.24783333 0.70550000 0.24016667 0.79075000 0.24316667 0.79312500 0.25000000 0.79362500 0.34133333 0.79162500 0.89133333 0.78950000 0.89683333 0.78025000 0.90083333
0 0.81025000 0.89750000 0.79875000 0.89383333 0.79587500 0.88533333 0.79787500 0.25533333 0.80250000 0.24416667 0.88025000 0.24883333 0.88637500 0.25300000 0.88662500 0.28066667 0.88387500 0.88800000 0.88125000 0.89283333 0.87325000 0.89450000
0 0.92700000 0.89250000 0.89025000 0.88983333 0.88762500 0.88133333 0.88837500 0.78600000 0.89237500 0.73266667 0.89137500 0.25300000 0.89250000 0.24816667 0.90425000 0.24416667 0.98250000 0.25150000 0.98687500 0.25900000 0.97262500 0.87333333 0.97087500 0.88633333 0.96700000 0.89016667
