0 0.05800000 0.74050000 0.05487500 0.70933333 0.05212500 0.50833333 0.05437500 0.27066667 0.05512500 0.24800000 0.06625000 0.24583333 0.07987500 0.24833333 0.07987500 0.27400000 0.07362500 0.42500000 0.06287500 0.58900000 0.06187500 0.71733333
0 0.08450000 0.74616667 0.06475000 0.74450000 0.05662500 0.74033333 0.05637500 0.69466667 0.05687500 0.68900000 0.06087500 0.68833333 0.06212500 0.67433333 0.06287500 0.59266667 0.07387500 0.42600000 0.08087500 0.24900000 0.08750000 0.24416667 0.10525000 0.24383333 0.11187500 0.24833333 0.11187500 0.26000000 0.09362500 0.71033333 0.09162500 0.74333333
0 0.11975000 0.74850000 0.09450000 0.74450000 0.09287500 0.72500000 0.11362500 0.25133333 0.11875000 0.24416667 0.13050000 0.24383333 0.14662500 0.24833333 0.14687500 0.27066667 0.12612500 0.73300000 0.12437500 0.74566667
0 0.15150000 0.75416667 0.13100000 0.75116667 0.12637500 0.74833333 0.12587500 0.74300000 0.13612500 0.55400000 0.14812500 0.25366667 0.15050000 0.24950000 0.16700000 0.24850000 0.17962500 0.25200000 0.17987500 0.26966667 0.15837500 0.73100000 0.15637500 0.75200000
0 0.18450000 0.75916667 0.16250000 0.75683333 0.15712500 0.75200000 0.15712500 0.74700000 0.18112500 0.26066667 0.18500000 0.24983333 0.19675000 0.24883333 0.21087500 0.25233333 0.21287500 0.28033333 0.20312500 0.42933333 0.19837500 0.54933333 0.19512500 0.57633333 0.18962500 0.74133333 0.18787500 0.75600000
0 0.21323529 0.24379085 0.25196078 0.24444444 0.22450980 0.76666667 0.18823529 0.76470588
0 0.26400000 0.76383333 0.23575000 0.76016667 0.23512500 0.74333333 0.25812500 0.26733333 0.26275000 0.25583333 0.27575000 0.25483333 0.28050000 0.25583333 0.28137500 0.25900000 0.27962500 0.36933333 0.27562500 0.43566667 0.27562500 0.49100000 0.26562500 0.72366667 0.26612500 0.75733333
0 0.29525000 0.77250000 0.26975000 0.76883333 0.26712500 0.75733333 0.27662500 0.51066667 0.28287500 0.25933333 0.28675000 0.24616667 0.29975000 0.24516667 0.31525000 0.24616667 0.31912500 0.24933333 0.29787500 0.76666667
0 0.33050000 0.78150000 0.30250000 0.77750000 0.29787500 0.77133333 0.30812500 0.56800000 0.31962500 0.25566667 0.32200000 0.24950000 0.33450000 0.24683333 0.35175000 0.24816667 0.35437500 0.25233333 0.35437500 0.26066667 0.33887500 0.77600000
0 0.36950000 0.78316667 0.34275000 0.77950000 0.34087500 0.75800000 0.35637500 0.25200000 0.36075000 0.24783333 0.37850000 0.24716667 0.39312500 0.25200000 0.39312500 0.29766667 0.37637500 0.77833333
0 0.40875000 0.78783333 0.38075000 0.78483333 0.37762500 0.78000000 0.37762500 0.76900000 0.39537500 0.26733333 0.39900000 0.25116667 0.41650000 0.24816667 0.42937500 0.25200000 0.42962500 0.29033333 0.41412500 0.76100000 0.41237500 0.78066667
0 0.43725000 0.79350000 0.41800000 0.79183333 0.41387500 0.78733333 0.41312500 0.78066667 0.42512500 0.48200000 0.43087500 0.25566667 0.43525000 0.24683333 0.45750000 0.24583333 0.47075000 0.24950000 0.47262500 0.26233333 0.46862500 0.32333333 0.45537500 0.78733333 0.45125000 0.79283333
0 0.48300000 0.79483333 0.45825000 0.79016667 0.45587500 0.78333333 0.45612500 0.76633333 0.47362500 0.26933333 0.47700000 0.25383333 0.49450000 0.25150000 0.50600000 0.25416667 0.50712500 0.26833333 0.48762500 0.78600000 0.48662500 0.79300000
0 0.52150000 0.80916667 0.49575000 0.80716667 0.49137500 0.80266667 0.48862500 0.79433333 0.48862500 0.76000000 0.50337500 0.42666667 0.50812500 0.25600000 0.51375000 0.24216667 0.53775000 0.23916667 0.54587500 0.24066667 0.54762500 0.25433333 0.52812500 0.79833333 0.52687500 0.80666667
0 0.56250000 0.81816667 0.53300000 0.81483333 0.52912500 0.80633333 0.55037500 0.24400000 0.55500000 0.23650000 0.57725000 0.23516667 0.58862500 0.23800000 0.59037500 0.25666667 0.57212500 0.80900000 0.57050000 0.81516667
0 0.60350000 0.81883333 0.57875000 0.81516667 0.57412500 0.80833333 0.57962500 0.59000000 0.59237500 0.25266667 0.59412500 0.24466667 0.59975000 0.24050000 0.62200000 0.23983333 0.63212500 0.24400000 0.62512500 0.48700000 0.61312500 0.80766667 0.61100000 0.81616667
0 0.65500000 0.82983333 0.62550000 0.82716667 0.61737500 0.82233333 0.61537500 0.81500000 0.61637500 0.77433333 0.63462500 0.24866667 0.63712500 0.23666667 0.64250000 0.23283333 0.67150000 0.23150000 0.67612500 0.23333333 0.67762500 0.24100000 0.65962500 0.82466667
0 0.70525000 0.83583333 0.67250000 0.83450000 0.66312500 0.82866667 0.67737500 0.30000000 0.68037500 0.23600000 0.68725000 0.23083333 0.72100000 0.23150000 0.72287500 0.23633333
0 0.74150000 0.84050000 0.70900000 0.83550000 0.70712500 0.82733333 0.72487500 0.23666667 0.72900000 0.23216667 0.75850000 0.23183333 0.76712500 0.23633333 0.76487500 0.37966667 0.75087500 0.83433333 0.74800000 0.84016667
0 0.79000000 0.83983333 0.75650000 0.83416667 0.75237500 0.83033333 0.75162500 0.82266667 0.76962500 0.23566667 0.77137500 0.22233333 0.77500000 0.21950000 0.80750000 0.21916667 0.81187500 0.22100000 0.80762500 0.40366667 0.79437500 0.81166667 0.79262500 0.83766667
0 0.84200000 0.86250000 0.80325000 0.85750000 0.79912500 0.83566667 0.81312500 0.25366667 0.81825000 0.21816667 0.86150000 0.21550000 0.86362500 0.22000000 0.86287500 0.29700000 0.85362500 0.70600000 0.84712500 0.85800000
0 0.89300000 0.87183333 0.85162500 0.86500000 0.85162500 0.77533333 0.86562500 0.22066667 0.87400000 0.21483333 0.90850000 0.21383333 0.90512500 0.55166667 0.89587500 0.86266667
0 0.94775000 0.87850000 0.90850000 0.87350000 0.90187500 0.86900000 0.89787500 0.85533333 0.89787500 0.80866667 0.90337500 0.68566667 0.91262500 0.22066667 0.91725000 0.21283333 0.95925000 0.21050000 0.96437500 0.21666667 0.96412500 0.28233333 0.95362500 0.76300000 0.95012500 0.87366667
0 0.99100000 0.88583333 0.97350000 0.88516667 0.95512500 0.87833333 0.95362500 0.82933333 0.96537500 0.42300000 0.96812500 0.22100000 0.97100000 0.20883333 0.99975000 0.20616667 0.99975000 0.88233333
