0 0.20343137 0.32429534 0.16666667 0.32276348 0.16196895 0.31862745 0.15910948 0.09528186 0.15665850 0.05361520 0.15665850 0.02941176 0.16176471 0.02650123 0.20179739 0.03232230 0.20690359 0.03553922 0.21058007 0.04227941 0.21139706 0.29595588 0.20976307 0.31893382 0.20853758 0.32230392
0 0.25653595 0.32797181 0.21691176 0.32521446 0.21343954 0.32199755 0.21262255 0.26685049 0.21670752 0.13020833 0.21548203 0.03431373 0.21670752 0.02941176 0.22058824 0.02833946 0.23366013 0.02925858 0.25857843 0.03569240 0.26368464 0.04105392 0.26205065 0.20159314 0.26409314 0.22303922 0.26082516 0.31924020
0 0.29575163 0.33134191 0.26879085 0.32797181 0.26286765 0.32230392 0.26899510 0.15441176 0.26531863 0.03645833 0.26613562 0.02542892 0.27124183 0.02374387 0.28227124 0.02435662 0.30269608 0.02925858 0.32107843 0.03599877 0.32455065 0.04044118 0.31556373 0.32261029 0.31168301 0.33011642
0 0.36968954 0.33195466 0.32312092 0.32858456 0.31760621 0.32352941 0.32781863 0.03645833 0.33333333 0.02833946 0.34027778 0.02527574 0.35130719 0.02405025 0.36151961 0.02466299 0.36989379 0.03615196 0.38051471 0.09037990 0.37357026 0.30759804 0.37234477 0.32751225
0 0.41789216 0.33655025 0.37949346 0.33532475 0.37561275 0.33394608 0.37438725 0.33088235 0.38786765 0.06495098 0.38991013 0.04901961 0.39195261 0.04534314 0.39583333 0.04396446 0.41094771 0.04427083 0.43341503 0.04856005 0.43688725 0.05085784 0.43852124 0.05606618 0.42258987 0.33180147 0.42136438 0.33517157
0 0.47181373 0.33930760 0.43014706 0.33471201 0.42626634 0.33026961 0.43770425 0.23100490 0.45077614 0.07046569 0.45486111 0.04105392 0.45915033 0.03875613 0.49428105 0.04457721 0.50183824 0.04901961 0.50306373 0.05330882 0.48876634 0.19087010 0.48059641 0.31495098 0.47732843 0.33486520
0 0.51879085 0.34267770 0.48243464 0.33961397 0.47896242 0.33517157 0.48427288 0.31035539 0.48917484 0.21599265 0.50102124 0.08854167 0.50428922 0.06188725 0.50980392 0.05897672 0.54697712 0.06295956 0.55085784 0.06464461 0.55167484 0.06801471 0.52798203 0.31311275 0.52471405 0.33731618 0.52267157 0.34160539
0 0.57230392 0.34512868 0.53063725 0.34329044 0.52798203 0.34129902 0.52716503 0.33363971 0.55535131 0.06525735 0.56168301 0.05254289 0.56821895 0.05039828 0.58088235 0.05009191 0.61192810 0.05284926 0.61621732 0.05606618 0.61621732 0.06188725 0.60518791 0.12683824 0.58026961 0.32628676 0.57700163 0.34191176
0 0.17320261 0.65425858 0.14133987 0.65211397 0.13868464 0.65073529 0.13664216 0.64522059 0.12969771 0.40441176 0.13092320 0.39950980 0.13725490 0.39751838 0.17116013 0.39905025 0.17912582 0.40318627 0.18116830 0.40808824 0.18525327 0.64705882 0.18218954 0.65272672
0 0.22957516 0.65701593 0.19281046 0.65640319 0.18811275 0.65471814 0.18688725 0.65165441 0.18729575 0.42156863 0.18852124 0.40870098 0.19158497 0.40548407 0.19648693 0.40395221 0.23243464 0.40579044 0.23713235 0.40962010 0.23427288 0.46997549 0.23386438 0.54136029 0.23182190 0.55882353 0.23345588 0.57996324 0.23263889 0.65134804
0 0.27124183 0.66253064 0.23733660 0.66069240 0.23304739 0.65655637 0.23223039 0.61703431 0.23794935 0.41452206 0.23958333 0.40839461 0.24795752 0.40579044 0.28186275 0.40793505 0.28656046 0.41084559 0.28819444 0.41421569 0.28165850 0.55790441 0.28043301 0.63970588 0.27839052 0.65900735 0.27573529 0.66161152
0 0.31576797 0.66681985 0.29493464 0.66620711 0.28349673 0.66436887 0.28002451 0.66207108 0.28941993 0.42585784 0.29187092 0.41329657 0.29534314 0.41038603 0.29983660 0.40977328 0.33415033 0.41099877 0.33925654 0.41574755 0.34007353 0.42003676 0.32822712 0.66053922 0.32659314 0.66421569 0.32312092 0.66620711
0 0.36560458 0.66896446 0.33415033 0.66773897 0.33026961 0.66574755 0.32863562 0.66237745 0.34089052 0.45680147 0.34415850 0.42095588 0.34579248 0.41636029 0.34967320 0.41375613 0.38848039 0.41590074 0.39317810 0.41819853 0.39481209 0.42310049 0.37724673 0.65379902 0.37561275 0.66636029 0.37336601 0.66804534
0 0.40849673 0.67233456 0.38643791 0.67141544 0.38010621 0.66666667 0.39644608 0.44393382 0.40134804 0.42401961 0.40441176 0.41988358 0.41176471 0.41835172 0.43750000 0.41865809 0.44362745 0.42018995 0.44709967 0.42340686 0.44832516 0.43167892 0.44178922 0.48713235 0.42912582 0.66636029 0.42401961 0.67141544
0 0.45057190 0.67202819 0.43545752 0.67110907 0.43116830 0.66666667 0.44219771 0.50765931 0.44995915 0.43075980 0.45159314 0.42401961 0.45547386 0.42264093 0.49060458 0.42294730 0.49530229 0.42555147 0.49693627 0.42922794 0.49693627 0.45251225 0.48590686 0.56311275 0.47896242 0.66544118 0.47569444 0.67003676 0.47181373 0.67141544
0 0.51879085 0.66927083 0.48570261 0.66804534 0.48243464 0.66712623 0.48100490 0.66452206 0.50061275 0.44148284 0.50265523 0.43106618 0.50653595 0.42631740 0.52165033 0.42693015 0.53553922 0.42968750 0.54432190 0.44209559 0.52389706 0.66544118 0.52267157 0.66789216
0 0.56699346 0.67539828 0.52982026 0.67233456 0.52553105 0.67003676 0.52471405 0.66666667 0.53656046 0.54044118 0.54309641 0.49264706 0.54513889 0.45526961 0.55044935 0.43229167 0.55923203 0.42784926 0.59191176 0.43030025 0.59538399 0.43198529 0.59620098 0.43474265 0.58272059 0.55300245 0.57291667 0.66544118 0.57128268 0.67310049
0 0.61601307 0.68275123 0.57720588 0.67907475 0.57332516 0.67401961 0.59742647 0.43811275 0.59865196 0.43504902 0.60294118 0.43305760 0.61478758 0.43244485 0.64174837 0.43428309 0.64481209 0.43566176 0.64603758 0.43964461 0.62193627 0.67493873 0.62030229 0.68045343
0 0.67034314 0.69194240 0.63153595 0.68857230 0.62683824 0.68719363 0.62438725 0.68229167 0.63051471 0.60447304 0.64072712 0.52328431 0.64603758 0.45863971 0.65012255 0.43933824 0.65441176 0.43550858 0.66176471 0.43458946 0.69730392 0.43612132 0.70241013 0.43811275 0.70363562 0.44240196 0.69260621 0.52175245 0.67422386 0.68504902 0.67340686 0.68933824
0 0.72099673 0.69745711 0.68504902 0.69500613 0.67667484 0.68995098 0.67626634 0.68566176 0.70486111 0.44454657 0.70915033 0.43704044 0.73733660 0.43673407 0.75204248 0.43795956 0.75755719 0.43995098 0.75796569 0.46047794 0.75142974 0.50520833 0.74816176 0.54932598 0.74162582 0.58609069 0.73754085 0.65196078 0.73345588 0.66973039 0.73386438 0.68198529 0.72977941 0.69332108
0 0.76838235 0.69592525 0.73978758 0.69592525 0.73386438 0.69362745 0.74244281 0.63143382 0.74407680 0.59497549 0.75551471 0.49387255 0.77103758 0.44270833 0.77573529 0.44071691 0.80269608 0.44132966 0.80800654 0.44255515 0.81147876 0.44730392 0.80943627 0.46997549 0.77389706 0.68964461 0.77308007 0.69362745
0 0.80392157 0.69408701 0.77900327 0.69378064 0.77430556 0.69087010 0.77389706 0.68688725 0.80044935 0.53462010 0.81229575 0.44730392 0.81821895 0.44316789 0.83537582 0.44347426 0.85273693 0.44761029 0.85151144 0.46568627 0.83925654 0.53921569 0.82700163 0.59160539 0.82332516 0.62775735 0.81392974 0.68137255 0.81025327 0.69117647
0 0.87336601 0.71093750 0.85661765 0.71001838 0.83006536 0.70542279 0.82209967 0.70067402 0.84701797 0.58394608 0.86989379 0.45465686 0.87357026 0.44730392 0.88031046 0.44561887 0.92034314 0.44715074 0.92544935 0.45189951 0.92504085 0.46292892 0.87602124 0.70833333
0 0.94035948 0.72625613 0.89787582 0.72104779 0.89113562 0.71691176 0.89113562 0.71292892 0.89481209 0.69791667 0.89767157 0.69424020 0.92054739 0.59068627 0.93157680 0.52665441 0.94056373 0.49417892 0.94505719 0.46231618 0.95302288 0.44745711 0.96691176 0.44715074 0.99959150 0.45098039 0.99959150 0.47916667 0.99816176 0.47947304 0.99571078 0.48590686 0.99080882 0.52175245 0.97324346 0.59405637 0.94955065 0.71629902 0.94546569 0.72487745
0 0.10089400 0.73418132 0.14737811 0.73136410 0.18165427 0.95216362 0.13423109 0.95991098
0 0.17226354 0.73840714 0.22250394 0.73030764 0.24363309 0.95005071 0.19292315 0.96237604
0 0.23001653 0.73136410 0.27368342 0.72537751 0.28870859 0.94371197 0.24551123 0.95005071
0 0.28307415 0.73065979 0.32439336 0.72678612 0.33237548 0.94758564 0.29058673 0.95145932
0 0.33707084 0.74263297 0.38308542 0.73664638 0.38167681 0.94864210 0.33894899 0.95427654 0.33472316 0.74650665
0 0.39059800 0.73911145 0.43849072 0.73805499 0.42581324 0.95920667 0.38449403 0.95850237
0 0.44506423 0.74721095 0.48544437 0.74052006 0.47605364 0.95991098 0.43238675 0.96448896
0 0.49248742 0.74333728 0.53803245 0.73875930 0.52300729 0.96448896 0.48121854 0.97012339
0 0.55493577 0.75319754 0.60282849 0.75143678 0.57935166 0.97787075 0.53474570 0.97892720
