0 0.06850000 0.86983333 0.03275000 0.86583333 0.03062500 0.83933333 0.03537500 0.12233333 0.03825000 0.11050000 0.05175000 0.10250000 0.07925000 0.10350000 0.08287500 0.11933333 0.07812500 0.84733333 0.07712500 0.86600000
0 0.11550000 0.87416667 0.08400000 0.87050000 0.07937500 0.85900000 0.08562500 0.12233333 0.09375000 0.10316667 0.12775000 0.10183333 0.13062500 0.10366667 0.13112500 0.12466667 0.12412500 0.37100000 0.12012500 0.85966667
0 0.15975000 0.88616667 0.12700000 0.88416667 0.12162500 0.88100000 0.12062500 0.87333333 0.13062500 0.15633333 0.13362500 0.08700000 0.14225000 0.07950000 0.17825000 0.08316667 0.18337500 0.09600000 0.16987500 0.87500000 0.16600000 0.88450000
0 0.20150000 0.88650000 0.17725000 0.88516667 0.17212500 0.87433333 0.18687500 0.09766667 0.18975000 0.09116667 0.22750000 0.08950000 0.24062500 0.09600000 0.24137500 0.13233333 0.22937500 0.85100000 0.22425000 0.88116667
0 0.25150000 0.87883333 0.24025000 0.87816667 0.23787500 0.87266667 0.24787500 0.24666667 0.25187500 0.10566667 0.25312500 0.09633333 0.25725000 0.09416667 0.29175000 0.09850000 0.29662500 0.10366667 0.29937500 0.27733333 0.28912500 0.86133333 0.28350000 0.87483333
0 0.36325000 0.89016667 0.33800000 0.88883333 0.32862500 0.87966667 0.29937500 0.10133333 0.30275000 0.08383333 0.31850000 0.08083333 0.34200000 0.07983333 0.34987500 0.08400000 0.35387500 0.14500000 0.38112500 0.87466667 0.37700000 0.88750000
0 0.40850000 0.88583333 0.38700000 0.88250000 0.38362500 0.85766667 0.35737500 0.08533333 0.35975000 0.07983333 0.37675000 0.07616667 0.39625000 0.07683333 0.40712500 0.08400000 0.40937500 0.21266667 0.41712500 0.31033333 0.43337500 0.87700000 0.43175000 0.88150000
0 0.45075000 0.89950000 0.43900000 0.89716667 0.43637500 0.88666667 0.41537500 0.09966667 0.41587500 0.07266667 0.43475000 0.06716667 0.46350000 0.06816667 0.46837500 0.08233333 0.48412500 0.74966667 0.48512500 0.89066667 0.47850000 0.89750000
0 0.51050000 0.90516667 0.49425000 0.90216667 0.48987500 0.89400000 0.48312500 0.29266667 0.48337500 0.07633333 0.49000000 0.05650000 0.50525000 0.05483333 0.53000000 0.05650000 0.53487500 0.06366667 0.53687500 0.20133333 0.54037500 0.89366667 0.53550000 0.90050000
0 0.56300000 0.90516667 0.55300000 0.90450000 0.54487500 0.89333333 0.54412500 0.08000000 0.54737500 0.06466667 0.55850000 0.05983333 0.59975000 0.06350000 0.60237500 0.08200000 0.59762500 0.88666667 0.59275000 0.89950000
0 0.62725000 0.91183333 0.60362500 0.90433333 0.60062500 0.86933333 0.61112500 0.09833333 0.61950000 0.05683333 0.66650000 0.05616667 0.67162500 0.06266667 0.67212500 0.11800000 0.65912500 0.90166667 0.65025000 0.90850000
0 0.68225000 0.90350000 0.66225000 0.90216667 0.66012500 0.89100000 0.67312500 0.07433333 0.68025000 0.06050000 0.71825000 0.06016667 0.72612500 0.06466667 0.72637500 0.09233333 0.70987500 0.89133333 0.70525000 0.90150000
0 0.75325000 0.91716667 0.72250000 0.91250000 0.71287500 0.90200000 0.71162500 0.88400000 0.71962500 0.74800000 0.72862500 0.15933333 0.73187500 0.11433333 0.73812500 0.05633333 0.74250000 0.04883333 0.77175000 0.04650000 0.79537500 0.05333333 0.79537500 0.14500000 0.77362500 0.90766667 0.77100000 0.91316667
