0 0.00108696 0.42608696 0.03750000 0.42391304 0.10000000 0.89637681 0.06956522 0.89710145
0 0.03967391 0.42753623 0.09402174 0.41884058 0.15380435 0.91014493 0.09945652 0.91666667
0 0.10706522 0.42246377 0.16195652 0.41666667 0.20923913 0.89492754 0.16304348 0.90072464
0 0.16358696 0.41739130 0.22010870 0.41449275 0.26032609 0.88188406 0.21304348 0.89275362
0 0.26825000 0.88816667 0.26375000 0.88650000 0.26087500 0.88100000 0.25887500 0.86200000 0.22162500 0.42000000 0.22287500 0.41200000 0.27487500 0.40833333 0.30887500 0.87733333 0.30350000 0.88216667
0 0.31625000 0.88450000 0.31037500 0.88100000 0.30887500 0.87166667 0.30112500 0.74133333 0.27537500 0.41433333 0.27775000 0.40716667 0.32887500 0.40166667 0.33037500 0.41533333 0.33862500 0.54900000 0.35837500 0.87000000 0.35750000 0.87350000 0.35075000 0.87750000
0 0.36900000 0.87450000 0.36125000 0.87383333 0.35937500 0.86966667 0.33112500 0.40900000 0.33287500 0.40066667 0.38312500 0.39666667 0.40612500 0.86533333 0.40075000 0.86983333
0 0.41650000 0.87283333 0.40912500 0.86900000 0.40637500 0.85766667 0.40187500 0.73100000 0.39887500 0.70533333 0.38912500 0.47833333 0.38362500 0.40400000 0.43695652 0.39710145 0.43762500 0.40533333 0.44037500 0.51333333 0.45112500 0.73666667 0.45387500 0.85800000 0.44650000 0.86550000
0 0.46700000 0.86750000 0.45900000 0.86716667 0.45587500 0.85700000 0.43858696 0.40000000 0.48967391 0.39782609 0.49062500 0.40766667 0.50362500 0.85566667 0.50025000 0.86050000
0 0.51575000 0.86216667 0.50825000 0.86183333 0.50462500 0.85500000 0.49212500 0.40033333 0.54012500 0.39233333 0.54162500 0.40700000 0.54562500 0.64233333 0.54837500 0.84300000 0.54550000 0.85583333
0 0.58250000 0.85950000 0.55325000 0.85850000 0.55087500 0.85400000 0.54587500 0.49766667 0.54312500 0.39266667 0.59162500 0.38500000 0.59637500 0.40066667 0.59862500 0.82333333 0.59812500 0.85366667
0 0.61175000 0.85716667 0.60300000 0.85550000 0.60012500 0.85033333 0.59782609 0.39275362 0.64750000 0.38416667 0.65062500 0.40266667 0.64812500 0.84400000 0.64300000 0.85183333
0 0.66225000 0.85083333 0.65100000 0.84983333 0.64862500 0.84233333 0.65212500 0.39866667 0.65012500 0.38433333 0.69850000 0.37716667 0.70287500 0.38733333 0.70212500 0.54566667 0.69537500 0.82966667 0.69350000 0.84283333
0 0.70543478 0.38333333 0.75163043 0.37246377 0.76902174 0.82608696 0.72445652 0.83623188 0.70489130 0.44927536
0 0.76304348 0.37898551 0.80978261 0.37173913 0.82391304 0.82246377 0.77771739 0.82971014 0.76250000 0.37971014
0 0.82391304 0.37753623 0.86413043 0.36449275 0.86195652 0.81014493 0.85434783 0.81159420 0.82717391 0.82318841 0.82391304 0.37898551
0 0.87228261 0.37101449 0.91793478 0.36594203 0.90271739 0.80144928 0.86086957 0.80507246 0.87391304 0.37246377
