0 0.07751225 0.70077614 0.03676471 0.69873366 0.03293505 0.68545752 0.02711397 0.28349673 0.02680760 0.23570261 0.02941176 0.21997549 0.08578431 0.22283497 0.09160539 0.22487745 0.09329044 0.23080065 0.09390319 0.68627451 0.09191176 0.69832516
0 0.15839461 0.71343954 0.10355392 0.70976307 0.09712010 0.70567810 0.09420956 0.70016340 0.09696691 0.57965686 0.09451593 0.26307190 0.09604779 0.23529412 0.09957108 0.22732843 0.12837010 0.22814542 0.14644608 0.23345588 0.15349265 0.23263889 0.16329657 0.23590686 0.16743260 0.24428105 0.16375613 0.53472222 0.16406250 0.69852941 0.16253064 0.70874183
0 0.22150735 0.72038399 0.17738971 0.71670752 0.16727941 0.71384804 0.16467525 0.70915033 0.16988358 0.25245098 0.17110907 0.24468954 0.17830882 0.23999183 0.22457108 0.23999183 0.23651961 0.24366830 0.23820466 0.24795752 0.22748162 0.69607843 0.22625613 0.71732026
0 0.28400735 0.73468137 0.23621324 0.72732843 0.23131127 0.72528595 0.22717525 0.71813725 0.22993260 0.67524510 0.23820466 0.28186275 0.24096201 0.24836601 0.24571078 0.24285131 0.29963235 0.24693627 0.30530025 0.25245098 0.30713848 0.26307190 0.30713848 0.33129085 0.30039828 0.53431373 0.29518995 0.61887255 0.29396446 0.71568627 0.29090074 0.73120915
0 0.32199755 0.74040033 0.30269608 0.73958333 0.29825368 0.73651961 0.29672181 0.72875817 0.31295956 0.26633987 0.31418505 0.25122549 0.31832108 0.24775327 0.33180147 0.24816176 0.37898284 0.25959967 0.38250613 0.27205882 0.37607230 0.38602941 0.37423407 0.50490196 0.36504289 0.72834967 0.36182598 0.73794935
0 0.42555147 0.74652778 0.37377451 0.74448529 0.36734069 0.74162582 0.36596201 0.73651961 0.38342525 0.27124183 0.38526348 0.26102941 0.39093137 0.25714869 0.42892157 0.25959967 0.44699755 0.26368464 0.45174632 0.26756536 0.43183211 0.73937908 0.43045343 0.74448529
0 0.48682598 0.75633170 0.43872549 0.74611928 0.43367034 0.74060458 0.45021446 0.33047386 0.45358456 0.27124183 0.45802696 0.26776961 0.51899510 0.27103758 0.52251838 0.27573529 0.51853554 0.30678105 0.51485907 0.42442810 0.50382966 0.60008170 0.49862132 0.73366013 0.49586397 0.75122549
0 0.55729167 0.76899510 0.51685049 0.76450163 0.50306373 0.76000817 0.49984681 0.75612745 0.52405025 0.28349673 0.52650123 0.27165033 0.53400735 0.26776961 0.58486520 0.27144608 0.59221814 0.27348856 0.59451593 0.27941176 0.56541054 0.76062092 0.56372549 0.76654412
0 0.62438725 0.77185458 0.57322304 0.76817810 0.56862745 0.76654412 0.56663603 0.75980392 0.59482230 0.29534314 0.59696691 0.27941176 0.60232843 0.27675654 0.65870098 0.28288399 0.66161152 0.29084967 0.63219975 0.73937908 0.62944240 0.76756536
0 0.69761029 0.78533497 0.64491422 0.78084150 0.63878676 0.77798203 0.63128064 0.76756536 0.66406250 0.31576797 0.66498162 0.28717320 0.66666667 0.28329248 0.67279412 0.28125000 0.72303922 0.28696895 0.73314951 0.28982843 0.73483456 0.29370915 0.70266544 0.77941176
0 0.74502023 0.28659612 0.80532213 0.29956427 0.77371226 0.75150431 0.71292406 0.74955908
0 0.80872627 0.30150949 0.87340492 0.31188401 0.83644569 0.75085590 0.77322596 0.74372342
