0 0.00476190 0.00317460 0.11785714 0.01587302 0.11309524 0.93333333 0.01904762 0.92063492
0 0.17225000 0.93783333 0.15625000 0.93583333 0.15362500 0.92400000 0.14087500 0.26800000 0.14487500 0.02833333 0.14675000 0.01683333 0.16400000 0.01250000 0.25475000 0.02150000 0.26087500 0.02566667 0.26412500 0.04233333 0.26237500 0.91400000 0.25150000 0.92850000
0 0.28175000 0.92316667 0.27175000 0.92250000 0.26837500 0.91600000 0.26662500 0.84400000 0.26587500 0.11100000 0.26637500 0.04933333 0.27075000 0.04016667 0.36350000 0.04883333 0.37087500 0.05366667 0.37387500 0.06300000 0.36562500 0.90433333 0.36200000 0.91416667 0.34950000 0.91750000
0 0.43050000 0.91583333 0.37350000 0.91350000 0.36812500 0.90533333 0.37637500 0.08400000 0.37737500 0.06166667 0.38175000 0.05616667 0.46800000 0.06416667 0.48087500 0.07266667 0.46187500 0.90500000 0.45700000 0.91316667
0 0.49047619 0.06507937 0.59523810 0.06984127 0.57261905 0.92380952 0.54880952 0.93333333 0.51666667 0.93492063 0.47976190 0.93174603
0 0.60595238 0.06984127 0.69761905 0.07936508 0.67619048 0.93650794 0.64523810 0.94603175 0.61309524 0.94603175 0.58333333 0.94444444
0 0.71000000 0.94616667 0.69225000 0.94416667 0.68062500 0.93566667 0.68087500 0.78966667 0.69937500 0.08033333 0.72250000 0.07350000 0.77150000 0.07950000 0.79100000 0.08650000 0.79362500 0.09333333 0.77437500 0.92766667 0.76750000 0.93650000
0 0.79600000 0.93950000 0.78025000 0.93683333 0.77837500 0.92500000 0.78012500 0.77900000 0.79512500 0.09466667 0.79850000 0.08783333 0.80900000 0.08583333 0.87025000 0.09016667 0.88775000 0.09583333 0.88987500 0.11266667 0.86362500 0.92433333 0.86150000 0.92983333 0.84050000 0.93616667
0 0.88650000 0.92783333 0.86800000 0.92650000 0.86512500 0.91666667 0.87412500 0.74033333 0.89162500 0.10633333 0.89900000 0.09983333 0.95400000 0.10350000 0.96900000 0.10716667 0.97187500 0.11533333 0.94337500 0.90733333 0.93925000 0.92283333
0 0.99975000 0.92883333 0.96250000 0.92783333 0.94712500 0.91666667 0.95762500 0.67833333 0.97387500 0.11766667 0.97525000 0.11116667 0.99375000 0.10616667 0.99975000 0.10633333
