0 0.09050000 0.88650000 0.07187500 0.88366667 0.06362500 0.82600000 0.01087500 0.25966667 0.00012500 0.18933333 0.00012500 0.16000000 0.00475000 0.15816667 0.05916667 0.16000000 0.11925000 0.88183333
0 0.16625000 0.88150000 0.14225000 0.88050000 0.12962500 0.86966667 0.07062500 0.17800000 0.07112500 0.17100000 0.07475000 0.16883333 0.12087500 0.16700000 0.13437500 0.38933333 0.17062500 0.83133333 0.17287500 0.87400000
0 0.12166667 0.16333333 0.17333333 0.16111111 0.22416667 0.89444444 0.17333333 0.89333333
0 0.25375000 0.89016667 0.23575000 0.88950000 0.23137500 0.88100000 0.18937500 0.19100000 0.18937500 0.18566667 0.19625000 0.18150000 0.23725000 0.18150000 0.24387500 0.18900000 0.28112500 0.87233333 0.27875000 0.88583333
0 0.31325000 0.89216667 0.28700000 0.88983333 0.28287500 0.86633333 0.24862500 0.17400000 0.26225000 0.16683333 0.29925000 0.16683333 0.30612500 0.17366667 0.31412500 0.39600000 0.32212500 0.51366667 0.33287500 0.86866667 0.33075000 0.88983333
0 0.31000000 0.17222222 0.37000000 0.17222222 0.38500000 0.88222222 0.33750000 0.88666667
0 0.42450000 0.86216667 0.40050000 0.86150000 0.39737500 0.85700000 0.39637500 0.84166667 0.37912500 0.22533333 0.37987500 0.18966667 0.39225000 0.18550000 0.42275000 0.18550000 0.42912500 0.18966667 0.44162500 0.85400000 0.43850000 0.85983333
0 0.47125000 0.87650000 0.44875000 0.87316667 0.44587500 0.85933333 0.43337500 0.20300000 0.43337500 0.18633333 0.43775000 0.18116667 0.48250000 0.18116667 0.48687500 0.18800000 0.49312500 0.86900000 0.49025000 0.87416667
0 0.51900000 0.87416667 0.50200000 0.87316667 0.49887500 0.86700000 0.49237500 0.18933333 0.49300000 0.18550000 0.50100000 0.18283333 0.53675000 0.18383333 0.54362500 0.18900000 0.54537500 0.85866667 0.54125000 0.87183333
0 0.58575000 0.87850000 0.55400000 0.87750000 0.54837500 0.87333333 0.54737500 0.86633333 0.54712500 0.18833333 0.55600000 0.18116667 0.59600000 0.18283333 0.60212500 0.18600000 0.60262500 0.19266667 0.59737500 0.86700000 0.59575000 0.87683333
0 0.64000000 0.87816667 0.60900000 0.87750000 0.60275000 0.87516667 0.60087500 0.87000000 0.60637500 0.19533333 0.60775000 0.18616667 0.62250000 0.18350000 0.65350000 0.18450000 0.65837500 0.18966667 0.65162500 0.47133333 0.64787500 0.86466667 0.64712500 0.87333333
0 0.67250000 0.17555556 0.72583333 0.17444444 0.70833333 0.89777778 0.66083333 0.89777778
0 0.73833333 0.17666667 0.79000000 0.17777778 0.76333333 0.89333333 0.71750000 0.89888889
0 0.87500000 0.17000000 0.93166667 0.17555556 0.88083333 0.91333333 0.83166667 0.91111111
0 0.77200000 0.89050000 0.76562500 0.88800000 0.76662500 0.83000000 0.79487500 0.18966667 0.80025000 0.18150000 0.83500000 0.18183333 0.84412500 0.18633333 0.84312500 0.24100000 0.81062500 0.87433333 0.80675000 0.88916667
0 0.92025000 0.90616667 0.90000000 0.90583333 0.88787500 0.90066667 0.88937500 0.83000000 0.90437500 0.64733333 0.90687500 0.54133333 0.92012500 0.38133333 0.92837500 0.19200000 0.93062500 0.17866667 0.94075000 0.17383333 0.97475000 0.17783333 0.97837500 0.19033333 0.97287500 0.31866667 0.95762500 0.55333333 0.93462500 0.88500000 0.93187500 0.89866667
0 0.95550000 0.88483333 0.93637500 0.88133333 0.93687500 0.84833333 0.95387500 0.62733333 0.97337500 0.32666667 0.97887500 0.20033333 0.98350000 0.18850000 0.99975000 0.19100000 0.99975000 0.33100000 0.99762500 0.33700000 0.96837500 0.87333333 0.96425000 0.88283333
