0 0.05775000 0.71883333 0.02250000 0.71783333 0.01762500 0.70933333 0.00937500 0.18966667 0.00987500 0.17533333 0.01300000 0.17250000 0.05800000 0.17616667 0.06875000 0.18083333 0.07012500 0.18466667 0.07137500 0.70700000 0.06875000 0.71350000
0 0.11600000 0.71850000 0.08850000 0.71716667 0.07950000 0.71450000 0.07612500 0.70900000 0.07487500 0.19866667 0.07562500 0.18666667 0.07950000 0.18416667 0.12025000 0.18550000 0.13000000 0.18916667 0.13137500 0.19300000 0.12887500 0.31766667 0.12837500 0.70200000 0.12725000 0.70950000
0 0.17075000 0.71550000 0.13450000 0.71350000 0.13062500 0.70900000 0.13012500 0.70133333 0.13262500 0.20133333 0.13337500 0.19300000 0.13775000 0.19083333 0.18200000 0.19650000 0.18812500 0.20466667 0.18362500 0.38266667 0.18237500 0.70533333
0 0.22500000 0.71016667 0.19100000 0.70916667 0.18687500 0.70533333 0.18612500 0.69733333 0.18862500 0.25533333 0.19112500 0.20766667 0.19325000 0.20216667 0.22925000 0.20516667 0.24087500 0.21300000 0.23787500 0.31833333 0.23437500 0.69100000 0.23262500 0.70500000
0 0.27575000 0.70583333 0.24700000 0.70550000 0.24050000 0.70316667 0.23862500 0.69766667 0.24337500 0.26300000 0.24587500 0.22000000 0.24825000 0.21316667 0.28725000 0.21683333 0.29162500 0.22400000 0.28337500 0.67100000 0.28112500 0.70066667
0 0.30875000 0.70083333 0.28800000 0.69850000 0.28587500 0.69366667 0.29387500 0.22766667 0.29525000 0.22350000 0.29875000 0.22283333 0.32150000 0.22450000 0.33512500 0.22866667 0.33287500 0.24766667 0.32637500 0.67066667 0.32437500 0.69733333 0.32250000 0.69983333
0 0.36425000 0.71050000 0.33450000 0.70950000 0.32837500 0.70533333 0.32737500 0.69833333 0.33387500 0.27100000 0.33612500 0.22966667 0.34175000 0.22450000 0.37700000 0.22816667 0.37937500 0.23266667 0.36987500 0.67533333 0.36812500 0.70433333 0.36712500 0.70900000
0 0.40600000 0.71416667 0.38200000 0.71350000 0.37062500 0.70900000 0.38087500 0.25566667 0.38262500 0.23266667 0.38725000 0.22883333 0.42400000 0.23216667 0.42587500 0.23633333 0.41287500 0.67100000 0.41062500 0.70866667
0 0.44825000 0.72250000 0.41625000 0.72116667 0.41312500 0.71333333 0.42687500 0.23966667 0.42762500 0.23533333 0.43125000 0.23283333 0.46725000 0.23383333 0.47212500 0.23666667 0.46937500 0.26600000 0.45437500 0.71433333 0.45337500 0.72033333
0 0.46521739 0.72536232 0.46512500 0.70533333 0.47387500 0.23966667 0.48100000 0.23583333 0.51847826 0.23768116 0.50662500 0.71466667 0.50597826 0.72681159
0 0.53206522 0.23188406 0.57608696 0.23623188 0.55543478 0.74202899 0.51195652 0.73840580
0 0.57771739 0.23913043 0.61684783 0.24202899 0.59673913 0.73405797 0.55652174 0.73043478
0 0.64076087 0.23695652 0.68369565 0.23840580 0.65489130 0.74130435 0.61576087 0.74202899
0 0.67075000 0.75716667 0.65725000 0.75650000 0.65662500 0.74333333 0.67212500 0.43366667 0.67537500 0.41966667 0.67987500 0.34600000 0.68187500 0.26333333 0.68550000 0.24483333 0.71700000 0.24750000 0.72162500 0.25166667 0.72137500 0.26266667 0.70812500 0.47400000 0.69462500 0.74933333 0.69200000 0.75616667
0 0.73275000 0.76150000 0.70300000 0.76016667 0.69887500 0.75600000 0.69712500 0.74833333 0.71962500 0.29533333 0.72337500 0.27566667 0.72437500 0.25200000 0.73175000 0.24816667 0.76800000 0.25150000 0.77187500 0.25566667 0.74462500 0.74133333 0.74187500 0.75966667
0 0.78478261 0.24855072 0.82717391 0.25289855 0.79673913 0.74565217 0.75434783 0.74492754
0 0.83206522 0.25507246 0.86413043 0.26304348 0.83641304 0.74202899 0.79728261 0.74275362
0 0.87282609 0.26231884 0.91521739 0.26376812 0.88369565 0.74347826 0.84293478 0.74347826
0 0.91793478 0.26811594 0.95652174 0.27028986 0.92500000 0.74420290 0.88695652 0.74420290
0 0.94425000 0.76650000 0.92650000 0.76483333 0.92537500 0.74366667 0.94612500 0.44133333 0.95387500 0.29333333 0.95637500 0.27633333 0.95875000 0.27316667 0.98250000 0.27516667 0.98762500 0.27933333 0.98712500 0.29133333 0.95637500 0.74833333 0.95462500 0.76366667
