0 0.04105392 0.81515523 0.00015319 0.81127451 0.00015319 0.25612745 0.01991422 0.25388072 0.02558211 0.25898693 0.02895221 0.41870915 0.04488358 0.78880719 0.04518995 0.81168301
0 0.09252451 0.82781863 0.05300245 0.82455065 0.04764093 0.81127451 0.04672181 0.71895425 0.02956495 0.32393791 0.02833946 0.26021242 0.03278186 0.25755719 0.08026961 0.26082516 0.08318015 0.26756536 0.08685662 0.48284314 0.09298407 0.62214052 0.09298407 0.71446078 0.09574142 0.76674837 0.09543505 0.81331699
0 0.14675245 0.84252451 0.10049020 0.84007353 0.09666054 0.83455882 0.09727328 0.76593137 0.09420956 0.71609477 0.09635417 0.64991830 0.09083946 0.53799020 0.08593750 0.26715686 0.08287377 0.25531046 0.08547794 0.24857026 0.14154412 0.25183824 0.15609681 0.26756536 0.15670956 0.44403595 0.16253064 0.63684641 0.16436887 0.82271242 0.16237745 0.83067810
0 0.21354167 0.83803105 0.17493873 0.83149510 0.16896446 0.82638889 0.15977328 0.30269608 0.15977328 0.26879085 0.16207108 0.26409314 0.20925245 0.26409314 0.21599265 0.26736111 0.21920956 0.27573529 0.22104779 0.82638889 0.21920956 0.83415033
0 0.27941176 0.84375000 0.22886029 0.84170752 0.22564338 0.83741830 0.22349877 0.82434641 0.22349877 0.29820261 0.22411152 0.26960784 0.22794118 0.26613562 0.28370098 0.27022059 0.29258578 0.27512255 0.29427083 0.28145425 0.29335172 0.58047386 0.28906250 0.80351307 0.28814338 0.82679739 0.28446691 0.83823529
0 0.34160539 0.83925654 0.29901961 0.83803105 0.29335172 0.83415033 0.29243260 0.82761438 0.29947917 0.30228758 0.30300245 0.27062908 0.35723039 0.27512255 0.36014093 0.28267974 0.34972426 0.81331699 0.34757966 0.83455882
0 0.39276961 0.85232843 0.35324755 0.85151144 0.35033701 0.84967320 0.34911152 0.83823529 0.36136642 0.29534314 0.36550245 0.26491013 0.42509191 0.27573529 0.41253064 0.82720588 0.40563725 0.85028595
0 0.46476716 0.83762255 0.42401961 0.83639706 0.42018995 0.83088235 0.42631740 0.28349673 0.42784926 0.27614379 0.43259804 0.27389706 0.48651961 0.27430556 0.49525123 0.28267974 0.47778799 0.72712418 0.47717525 0.81821895 0.47503064 0.83374183
0 0.49203431 0.86499183 0.48238358 0.86111111 0.48054534 0.82924837 0.49984681 0.28717320 0.50199142 0.27246732 0.50582108 0.26776961 0.55821078 0.27144608 0.56234681 0.27532680 0.56142770 0.31658497 0.53753064 0.85743464 0.53370098 0.86254085
0 0.57107843 0.86294935 0.54779412 0.86172386 0.54457721 0.85457516 0.54427083 0.83782680 0.56265319 0.53227124 0.57276348 0.28390523 0.57628676 0.27226307 0.58455882 0.27226307 0.62990196 0.27961601 0.63281250 0.28758170 0.59757966 0.85294118 0.59497549 0.85927288
0 0.61795343 0.86335784 0.60784314 0.86294935 0.60309436 0.85743464 0.60370711 0.82883987 0.63679534 0.28513072 0.63909314 0.27920752 0.64460784 0.27839052 0.69638480 0.28247549 0.69960172 0.28676471 0.69960172 0.29616013 0.65670956 0.85620915 0.64981618 0.86172386
0 0.68566176 0.86866830 0.67432598 0.86825980 0.66268382 0.86172386 0.65946691 0.85457516 0.65977328 0.84068627 0.69745711 0.38194444 0.70235907 0.29084967 0.70389093 0.28349673 0.70863971 0.28125000 0.74080882 0.28247549 0.75888480 0.28696895 0.76302083 0.29493464 0.71767770 0.85825163 0.70833333 0.86580882
0 0.77721878 0.27878110 0.83903079 0.28523105 0.78689370 0.82989336 0.73368163 0.83276000
0 0.84333075 0.27949776 0.90406777 0.28379773 0.85085569 0.83276000 0.80086859 0.83132668
0 0.92019264 0.28809770 0.98791710 0.29311432 0.92395511 0.83061002 0.86966804 0.82989336
0 0.98899209 0.30386424 0.99920451 0.30243091 0.99812951 0.43501319 0.94384245 0.83061002 0.92449260 0.83132668
