0 0.09325000 0.84483333 0.08800000 0.84450000 0.08362500 0.83933333 0.07187500 0.79300000 0.00237500 0.43033333 0.00012500 0.42933333 0.00025000 0.30250000 0.04700000 0.29783333 0.05212500 0.30166667 0.09862500 0.61066667 0.13737500 0.83766667 0.13525000 0.84350000
0 0.17700000 0.84716667 0.14975000 0.84650000 0.14225000 0.84516667 0.13912500 0.84100000 0.06337500 0.37700000 0.05437500 0.31700000 0.05387500 0.30400000 0.05650000 0.29983333 0.12737500 0.29600000 0.12962500 0.33200000 0.16412500 0.60766667 0.19662500 0.83733333 0.19687500 0.84200000 0.19325000 0.84550000
0 0.22400000 0.84516667 0.20100000 0.84483333 0.19587500 0.82666667 0.13262500 0.34900000 0.12812500 0.30333333 0.13200000 0.29483333 0.19800000 0.29183333 0.20287500 0.29500000 0.23462500 0.63066667 0.25812500 0.82333333 0.25737500 0.83466667 0.25050000 0.84250000
0 0.30300000 0.83716667 0.26525000 0.83550000 0.26137500 0.82900000 0.20362500 0.30300000 0.20412500 0.29500000 0.20800000 0.29116667 0.26850000 0.28850000 0.27312500 0.29233333 0.30087500 0.66400000 0.31537500 0.82466667 0.31450000 0.83483333
0 0.35875000 0.84016667 0.32200000 0.83883333 0.31762500 0.83433333 0.27462500 0.30366667 0.27537500 0.29100000 0.28025000 0.28883333 0.34200000 0.28616667 0.34575000 0.28650000 0.34787500 0.29100000 0.35762500 0.45500000 0.36287500 0.61500000 0.37637500 0.82566667 0.37325000 0.83850000
0 0.40475000 0.83116667 0.38275000 0.83050000 0.37912500 0.82666667 0.35012500 0.29766667 0.35012500 0.28733333 0.35700000 0.28316667 0.41325000 0.28416667 0.42000000 0.28750000 0.42187500 0.29266667 0.43637500 0.82633333 0.43025000 0.83083333
0 0.46050000 0.83250000 0.44350000 0.83216667 0.43787500 0.82666667 0.42412500 0.28766667 0.42750000 0.28050000 0.49075000 0.27950000 0.49487500 0.28200000 0.49537500 0.30200000 0.49787500 0.82633333 0.49100000 0.83150000
0 0.50700000 0.82550000 0.50112500 0.82266667 0.50037500 0.81200000 0.49687500 0.27933333 0.50125000 0.27516667 0.55975000 0.27383333 0.56537500 0.27933333 0.56587500 0.30166667 0.55687500 0.81100000 0.55225000 0.81983333
0 0.58925000 0.81150000 0.56125000 0.80850000 0.55937500 0.80466667 0.56487500 0.56500000 0.56787500 0.27466667 0.57250000 0.27050000 0.63100000 0.26950000 0.63587500 0.27533333 0.63612500 0.29766667 0.62187500 0.60366667 0.61612500 0.80100000 0.61125000 0.80983333
0 0.64775000 0.81016667 0.62300000 0.80950000 0.61937500 0.80366667 0.63987500 0.26900000 0.64400000 0.26483333 0.70575000 0.26516667 0.70962500 0.26766667 0.70987500 0.28033333 0.68937500 0.57166667 0.67687500 0.80200000 0.67350000 0.80816667
0 0.69375000 0.80583333 0.68250000 0.80316667 0.68112500 0.79500000 0.70362500 0.44500000 0.71112500 0.28466667 0.71400000 0.27850000 0.73950000 0.27883333 0.74237500 0.28266667 0.74162500 0.30933333 0.72512500 0.56033333 0.71912500 0.61866667 0.71762500 0.67566667 0.70887500 0.79900000 0.70575000 0.80416667
0 0.73525000 0.80583333 0.72850000 0.80516667 0.72312500 0.79900000 0.72062500 0.78166667 0.72462500 0.69666667 0.73212500 0.62333333 0.73887500 0.45900000 0.74562500 0.37033333 0.74937500 0.29500000 0.74612500 0.27966667 0.75500000 0.27616667 0.77925000 0.27583333 0.78337500 0.28600000 0.78137500 0.33266667 0.75237500 0.78933333 0.74975000 0.80316667
0 0.76200000 0.80050000 0.75600000 0.79983333 0.75387500 0.79600000 0.75487500 0.75900000 0.76212500 0.68300000 0.78587500 0.28666667 0.78712500 0.28000000 0.79125000 0.27650000 0.81325000 0.27583333 0.81712500 0.28066667 0.81587500 0.31133333 0.78087500 0.79133333 0.77700000 0.79750000
0 0.78800000 0.79350000 0.78175000 0.79283333 0.78062500 0.78766667 0.79312500 0.65066667 0.79737500 0.55833333 0.81762500 0.28900000 0.81887500 0.27933333 0.82250000 0.27483333 0.84250000 0.27350000 0.84537500 0.27566667 0.84137500 0.31666667 0.83587500 0.38866667 0.80762500 0.74700000 0.80312500 0.78700000
0 0.84891304 0.27318841 0.86467391 0.27101449 0.82989130 0.76376812 0.81032609 0.76521739
0 0.86630435 0.27101449 0.89239130 0.27101449 0.85000000 0.75724638 0.83043478 0.75724638
0 0.89402174 0.26956522 0.91195652 0.26884058 0.86739130 0.74637681 0.84891304 0.75144928
0 0.91684783 0.26884058 0.94347826 0.26739130 0.89456522 0.74492754 0.87010870 0.74710145
0 0.94130435 0.25652174 0.96141304 0.25579710 0.91956522 0.73478261 0.90108696 0.73768116 0.94456522 0.26594203
0 0.99882812 0.41458333 0.94570312 0.76458333 0.95039063 0.77291667 0.97148437 0.77395833 0.99975000 0.57295833
