0 0.05050000 0.88016667 0.03675000 0.87916667 0.03237500 0.86666667 0.02062500 0.65900000 0.02262500 0.61400000 0.01762500 0.59166667 0.00862500 0.40033333 0.00012500 0.31133333 0.00012500 0.00700000 0.00525000 0.00550000 0.08025000 0.01383333 0.08587500 0.02266667 0.09512500 0.36600000 0.11412500 0.79966667 0.12012500 0.86266667 0.10975000 0.87350000
0 0.14325000 0.87616667 0.12462500 0.87033333 0.11787500 0.81233333 0.09462500 0.26966667 0.08812500 0.02166667 0.09475000 0.00983333 0.18125000 0.02516667 0.18612500 0.04766667 0.18987500 0.35100000 0.20412500 0.86566667 0.18925000 0.87416667
0 0.27175000 0.87650000 0.21950000 0.87383333 0.20875000 0.87016667 0.20712500 0.86400000 0.18812500 0.18900000 0.18787500 0.04133333 0.19275000 0.03716667 0.26925000 0.04050000 0.27487500 0.04633333 0.28237500 0.85766667 0.28112500 0.87333333
0 0.29925000 0.88016667 0.28725000 0.87550000 0.28487500 0.86666667 0.27762500 0.05166667 0.27900000 0.04450000 0.28600000 0.04250000 0.34650000 0.04350000 0.35750000 0.04516667 0.36312500 0.05500000 0.36262500 0.85766667 0.36062500 0.87266667 0.35550000 0.87750000
0 0.38200000 0.87816667 0.36925000 0.87683333 0.36662500 0.85800000 0.36587500 0.09933333 0.36712500 0.05833333 0.37250000 0.05116667 0.44625000 0.06150000 0.45012500 0.08933333 0.44412500 0.86233333 0.44125000 0.86983333 0.43175000 0.87383333
0 0.46575000 0.88316667 0.45350000 0.88183333 0.44862500 0.87333333 0.44662500 0.82733333 0.45212500 0.06033333 0.45550000 0.05283333 0.46300000 0.04983333 0.52550000 0.05816667 0.53300000 0.06083333 0.53587500 0.07033333 0.52537500 0.87333333 0.51400000 0.87883333
0 0.56900000 0.88016667 0.53350000 0.87483333 0.53012500 0.84666667 0.53937500 0.07633333 0.54500000 0.06816667 0.56000000 0.06516667 0.62325000 0.07150000 0.62612500 0.08033333 0.60837500 0.86233333 0.60350000 0.87550000
0 0.63625000 0.87383333 0.61225000 0.87116667 0.60937500 0.85733333 0.62787500 0.07800000 0.63075000 0.07116667 0.64325000 0.07083333 0.69950000 0.07983333 0.70437500 0.09266667 0.69387500 0.42300000 0.68687500 0.52133333 0.68612500 0.67233333 0.67862500 0.86100000 0.67075000 0.86950000
0 0.71075000 0.87050000 0.68450000 0.86616667 0.68012500 0.85266667 0.69987500 0.34000000 0.70462500 0.11400000 0.70737500 0.09366667 0.72125000 0.08783333 0.77325000 0.09550000 0.78325000 0.09916667 0.78537500 0.10866667 0.75187500 0.85600000 0.74825000 0.86283333
0 0.76350000 0.86216667 0.75512500 0.85900000 0.75412500 0.84600000 0.77787500 0.38500000 0.78637500 0.11500000 0.78900000 0.10650000 0.79500000 0.10450000 0.84350000 0.11483333 0.84737500 0.11933333 0.83462500 0.47200000 0.82762500 0.56700000 0.81812500 0.84500000 0.81075000 0.85383333
0 0.84475000 0.86383333 0.82275000 0.85683333 0.82037500 0.83700000 0.82637500 0.68900000 0.83587500 0.59633333 0.83412500 0.53333333 0.84212500 0.44666667 0.84162500 0.32933333 0.84912500 0.12700000 0.85325000 0.11750000 0.86525000 0.11383333 0.91850000 0.11916667 0.92837500 0.12366667 0.92912500 0.13533333 0.89337500 0.85100000 0.88875000 0.85816667
0 0.95833333 0.11222222 0.99750000 0.12333333 0.97250000 0.85888889 0.95333333 0.87000000 0.92750000 0.87111111
