0 0.11825000 0.79183333 0.10375000 0.78883333 0.10187500 0.78000000 0.09312500 0.63066667 0.08787500 0.58466667 0.06762500 0.31466667 0.06850000 0.31016667 0.07475000 0.30816667 0.14475000 0.31016667 0.15062500 0.31633333 0.15437500 0.32900000 0.15787500 0.41233333 0.18012500 0.76133333 0.17812500 0.77100000 0.17150000 0.77983333
0 0.20525000 0.78116667 0.18575000 0.78016667 0.18312500 0.77200000 0.15737500 0.33833333 0.15812500 0.32766667 0.16137500 0.32600000 0.16187500 0.31866667 0.17350000 0.31216667 0.22900000 0.31350000 0.23462500 0.31766667 0.23712500 0.32633333 0.25712500 0.76900000 0.25600000 0.77216667 0.24800000 0.77450000
0 0.28550000 0.77350000 0.26425000 0.77216667 0.25862500 0.76000000 0.25312500 0.60233333 0.24037500 0.35766667 0.24112500 0.32233333 0.24287500 0.31500000 0.24625000 0.31316667 0.31175000 0.31316667 0.31562500 0.31466667 0.31862500 0.32366667 0.33137500 0.75200000 0.32912500 0.76100000 0.31825000 0.77083333
0 0.35050000 0.76916667 0.34025000 0.76783333 0.33687500 0.76433333 0.33387500 0.72266667 0.32137500 0.31833333 0.32350000 0.31450000 0.34975000 0.31083333 0.39575000 0.31416667 0.39812500 0.32533333 0.39712500 0.35766667 0.40112500 0.48833333 0.40437500 0.75200000 0.39825000 0.75983333 0.38775000 0.76383333
0 0.41375000 0.76050000 0.40787500 0.75600000 0.40687500 0.74600000 0.40612500 0.61133333 0.39937500 0.32366667 0.40450000 0.31650000 0.47050000 0.31783333 0.47287500 0.32566667 0.47312500 0.66300000 0.47562500 0.74700000 0.47125000 0.75383333
0 0.49900000 0.75750000 0.48250000 0.75616667 0.47837500 0.75200000 0.47737500 0.74600000 0.47762500 0.34766667 0.48012500 0.32633333 0.48875000 0.32050000 0.49475000 0.32150000 0.50200000 0.31783333 0.53650000 0.31850000 0.54275000 0.32150000 0.54562500 0.32933333 0.54312500 0.74266667 0.54187500 0.74833333 0.53725000 0.75250000
0 0.55825000 0.75450000 0.54800000 0.75250000 0.54587500 0.74033333 0.54787500 0.36100000 0.55012500 0.32633333 0.55275000 0.32050000 0.56375000 0.31916667 0.61200000 0.31950000 0.61687500 0.32366667 0.61762500 0.33800000 0.61337500 0.47466667 0.60962500 0.73966667 0.60887500 0.74400000 0.60575000 0.74583333
0 0.62775000 0.74983333 0.61600000 0.74750000 0.61337500 0.74066667 0.61512500 0.54800000 0.61812500 0.50000000 0.62237500 0.32233333 0.64450000 0.31983333 0.68575000 0.32116667 0.69012500 0.32633333 0.69087500 0.33666667 0.68687500 0.38066667 0.68612500 0.47200000 0.68037500 0.56800000 0.67587500 0.70100000 0.67637500 0.73666667 0.67400000 0.74183333 0.66950000 0.74483333
0 0.68725000 0.73950000 0.68150000 0.73750000 0.67962500 0.73300000 0.67987500 0.69400000 0.69337500 0.34533333 0.69662500 0.32833333 0.70150000 0.32150000 0.71975000 0.31983333 0.75600000 0.32216667 0.75787500 0.33266667 0.75387500 0.44200000 0.73887500 0.72900000 0.73775000 0.73316667 0.73225000 0.73583333
0 0.75600000 0.73616667 0.74450000 0.73316667 0.74337500 0.72833333 0.75587500 0.47066667 0.76087500 0.42433333 0.76162500 0.37500000 0.75962500 0.34100000 0.76137500 0.33033333 0.75987500 0.32600000 0.76300000 0.32216667 0.76700000 0.32183333 0.80875000 0.32216667 0.82125000 0.32616667 0.82312500 0.33033333 0.82062500 0.34366667 0.81912500 0.39400000 0.81462500 0.44533333 0.81537500 0.47133333 0.80762500 0.57633333 0.80087500 0.72466667 0.79987500 0.72866667 0.79500000 0.73250000
0 0.43025000 0.99966667 0.37937500 0.99966667 0.37787500 0.93100000 0.37462500 0.89333333 0.37437500 0.88066667 0.37550000 0.87650000 0.37650000 0.87583333 0.39900000 0.87450000 0.42375000 0.87150000 0.42700000 0.87316667 0.42762500 0.87433333 0.42812500 0.87600000
0 0.48225000 0.99966667 0.43437500 0.99966667 0.43312500 0.94200000 0.43262500 0.93900000 0.43262500 0.92700000 0.43162500 0.92133333 0.43112500 0.88400000 0.43037500 0.87566667 0.43037500 0.87300000 0.43125000 0.87216667 0.43575000 0.87216667 0.44200000 0.86916667 0.44625000 0.86883333 0.46500000 0.86750000 0.47875000 0.86750000 0.47937500 0.86866667 0.48012500 0.87566667 0.48062500 0.94433333
0 0.52775000 0.99966667 0.48512500 0.99966667 0.48387500 0.90966667 0.48162500 0.87166667 0.48162500 0.86866667 0.48275000 0.86516667 0.48650000 0.86416667 0.50325000 0.86283333 0.52025000 0.85983333 0.52475000 0.86016667 0.52612500 0.86166667 0.52712500 0.86800000 0.52687500 0.92166667 0.52787500 0.95700000
0 0.57425000 0.99966667 0.52962500 0.99966667 0.52962500 0.94833333 0.52862500 0.90366667 0.52862500 0.86233333 0.52950000 0.86016667 0.53300000 0.85916667 0.54975000 0.85850000 0.55650000 0.85683333 0.57000000 0.85550000 0.57250000 0.85550000 0.57437500 0.85733333 0.57387500 0.91900000 0.57462500 0.95466667
0 0.62200000 0.99966667 0.57662500 0.99966667 0.57662500 0.96233333 0.57737500 0.95466667 0.57662500 0.91833333 0.57737500 0.87533333 0.57662500 0.85766667 0.57825000 0.85616667 0.59075000 0.85350000 0.61825000 0.85016667 0.62025000 0.85083333 0.62237500 0.85400000 0.62312500 0.86566667 0.62162500 0.90433333 0.62162500 0.94633333 0.62237500 0.95533333
0 0.66600000 0.99966667 0.62437500 0.99966667 0.62487500 0.89333333 0.62412500 0.85366667 0.62625000 0.85116667 0.66100000 0.84616667 0.66575000 0.84683333 0.66712500 0.84900000 0.66762500 0.85533333 0.66637500 0.93200000 0.66687500 0.96166667
0 0.71100000 0.99966667 0.66787500 0.99966667 0.66837500 0.84900000 0.66975000 0.84583333 0.69075000 0.84350000 0.69750000 0.84150000 0.70700000 0.84050000 0.70950000 0.84050000 0.71187500 0.84266667 0.71287500 0.84933333 0.71287500 0.85933333 0.71162500 0.91433333
0 0.75700000 0.99966667 0.71412500 0.99966667 0.71512500 0.93333333 0.71487500 0.84333333 0.71587500 0.84033333 0.71900000 0.83750000 0.73850000 0.83583333 0.74425000 0.83383333 0.75625000 0.83283333 0.75862500 0.83433333 0.76012500 0.83833333 0.75837500 0.88466667
0 0.79825000 0.99966667 0.75862500 0.99966667 0.76037500 0.92433333 0.76037500 0.88833333 0.76137500 0.86566667 0.76112500 0.83800000 0.76187500 0.83533333 0.76375000 0.83350000 0.79800000 0.82750000 0.80062500 0.82900000 0.80187500 0.83300000
0 0.83950000 0.99966667 0.80025000 0.99966667 0.80012500 0.99000000 0.80312500 0.83000000 0.80650000 0.82750000 0.83075000 0.82383333 0.83750000 0.82116667 0.84175000 0.82083333 0.84350000 0.82183333 0.84612500 0.82600000 0.84662500 0.83166667 0.84437500 0.86133333 0.84262500 0.93966667
0 0.85850000 0.99966667 0.84100000 0.99966667 0.84087500 0.99433333 0.84337500 0.95966667 0.84462500 0.90933333 0.84662500 0.88933333 0.84562500 0.87266667 0.84712500 0.83400000 0.84762500 0.83033333 0.84975000 0.82816667 0.85675000 0.82750000 0.86150000 0.82583333 0.86537500 0.83133333 0.86612500 0.84333333 0.86437500 0.86466667 0.86337500 0.86866667 0.86312500 0.90733333 0.86062500 0.93500000 0.86012500 0.96433333 0.85912500 0.97400000 0.85962500 0.98100000 0.85787500 0.98866667
0 0.90800000 0.99966667 0.86137500 0.99966667 0.86537500 0.92466667 0.86462500 0.91633333 0.86512500 0.86866667 0.86712500 0.84466667 0.86787500 0.80633333 0.86912500 0.80100000 0.87275000 0.79850000 0.91825000 0.79383333 0.92075000 0.79450000 0.92287500 0.79900000 0.92212500 0.82233333 0.91862500 0.85200000 0.91712500 0.87900000 0.91487500 0.89900000 0.91287500 0.93966667 0.91112500 0.94733333
0 0.82725000 0.73283333 0.81075000 0.72883333 0.80662500 0.72466667 0.80612500 0.72000000 0.81237500 0.70500000 0.81437500 0.69433333 0.82062500 0.47966667 0.82662500 0.44333333 0.82862500 0.39766667 0.83087500 0.38100000 0.83300000 0.37650000 0.84675000 0.37450000 0.85350000 0.37050000 0.86925000 0.37083333 0.87725000 0.37316667 0.87937500 0.37800000 0.87587500 0.43366667 0.86562500 0.70900000 0.86237500 0.71966667 0.85775000 0.72550000 0.84975000 0.72950000
