0 0.06525000 0.82616667 0.05700000 0.82383333 0.05237500 0.81000000 0.03212500 0.70233333 0.01187500 0.57233333 0.00362500 0.53266667 0.00012500 0.52833333 0.00025000 0.21916667 0.00612500 0.23966667 0.01612500 0.31866667 0.06787500 0.61200000 0.07312500 0.66633333 0.07762500 0.67333333 0.08687500 0.74333333 0.09987500 0.80733333 0.09987500 0.81566667 0.09650000 0.81883333
0 0.11975000 0.83150000 0.10662500 0.82700000 0.09912500 0.79900000 0.08862500 0.72866667 0.09487500 0.72466667 0.08787500 0.72200000 0.08387500 0.70500000 0.04862500 0.49766667 0.04312500 0.44733333 0.02137500 0.33866667 0.00962500 0.24400000 0.00012500 0.20500000 0.00025000 0.12416667 0.05275000 0.12616667 0.05137500 0.13100000 0.05687500 0.13766667 0.06087500 0.15900000 0.11162500 0.52166667 0.12337500 0.58600000 0.12587500 0.62333333 0.13162500 0.64133333 0.15762500 0.81166667 0.15712500 0.82233333 0.15375000 0.82650000
0 0.17000000 0.82783333 0.16087500 0.82233333 0.06062500 0.14533333 0.05912500 0.11166667 0.07025000 0.10750000 0.11587500 0.10533333 0.12412500 0.12666667 0.13562500 0.20500000 0.19137500 0.67066667 0.20912500 0.79066667 0.20750000 0.82050000
0 0.22975000 0.83150000 0.22025000 0.83050000 0.21237500 0.82333333 0.21162500 0.78566667 0.20312500 0.70766667 0.19662500 0.68433333 0.18762500 0.58033333 0.14662500 0.27966667 0.14662500 0.24833333 0.13437500 0.18466667 0.12662500 0.11933333 0.11912500 0.10366667 0.12450000 0.09483333 0.20212500 0.09600000 0.20362500 0.17033333 0.27312500 0.80733333 0.27087500 0.81800000 0.26375000 0.82450000
0 0.28900000 0.82383333 0.27912500 0.81933333 0.27537500 0.79133333 0.24662500 0.50733333 0.23637500 0.43966667 0.23037500 0.36233333 0.20887500 0.18733333 0.20437500 0.12700000 0.20875000 0.12050000 0.21625000 0.11816667 0.24825000 0.11616667 0.26375000 0.12016667 0.27212500 0.17300000 0.32687500 0.79400000 0.32637500 0.81333333 0.32250000 0.81783333
0 0.34200000 0.82783333 0.33225000 0.82650000 0.32962500 0.81466667 0.30837500 0.53333333 0.28137500 0.26300000 0.27162500 0.11500000 0.28225000 0.10750000 0.33475000 0.11116667 0.34337500 0.17333333 0.38312500 0.80000000 0.37850000 0.81850000
0 0.39700000 0.82083333 0.38837500 0.81466667 0.38462500 0.78133333 0.34437500 0.14533333 0.34562500 0.10900000 0.36150000 0.10616667 0.40100000 0.10750000 0.40912500 0.11800000 0.43762500 0.79133333 0.43687500 0.80700000 0.43325000 0.81083333
0 0.45250000 0.82016667 0.44400000 0.81850000 0.44187500 0.81100000 0.43012500 0.56100000 0.41037500 0.10833333 0.41225000 0.10216667 0.41975000 0.09950000 0.47050000 0.10350000 0.47762500 0.11166667 0.48012500 0.13833333 0.49737500 0.79966667 0.49050000 0.81083333
0 0.50700000 0.80583333 0.49962500 0.80266667 0.49812500 0.79233333 0.48012500 0.09766667 0.48650000 0.08750000 0.53025000 0.08483333 0.54150000 0.08783333 0.54562500 0.09500000 0.54412500 0.29300000 0.55087500 0.78466667 0.54912500 0.79466667 0.54325000 0.79883333
0 0.56575000 0.79550000 0.55725000 0.79316667 0.55387500 0.78766667 0.54887500 0.67466667 0.54712500 0.11100000 0.54862500 0.09566667 0.55625000 0.09383333 0.59725000 0.09583333 0.60525000 0.09983333 0.60937500 0.11066667 0.60387500 0.64566667 0.59887500 0.77633333 0.59325000 0.79150000
0 0.61700000 0.78450000 0.60812500 0.78300000 0.60612500 0.76600000 0.60937500 0.20866667 0.61112500 0.11100000 0.61525000 0.10116667 0.62750000 0.09950000 0.66412500 0.10366667 0.66862500 0.11900000 0.66837500 0.18200000 0.65687500 0.48966667 0.65062500 0.76333333 0.64837500 0.77566667 0.64450000 0.77983333
0 0.66275000 0.77483333 0.65312500 0.77166667 0.65212500 0.75200000 0.67212500 0.10300000 0.68525000 0.09616667 0.71375000 0.09883333 0.72587500 0.10500000 0.72962500 0.12966667 0.69837500 0.74900000 0.69350000 0.76716667
0 0.74425000 0.78183333 0.70925000 0.78083333 0.70462500 0.77733333 0.69962500 0.76400000 0.71637500 0.49866667 0.72012500 0.35733333 0.73437500 0.10100000 0.73637500 0.09266667 0.74025000 0.09083333 0.79225000 0.09116667 0.79962500 0.09566667 0.79937500 0.13100000 0.76012500 0.74433333 0.75662500 0.77566667
0 0.77750000 0.78083333 0.76500000 0.77983333 0.76112500 0.77533333 0.76337500 0.69966667 0.80562500 0.09266667 0.80850000 0.08616667 0.81825000 0.08316667 0.85725000 0.08683333 0.86387500 0.09400000 0.86487500 0.10266667 0.85887500 0.22433333 0.84512500 0.36166667 0.81362500 0.76766667 0.80475000 0.77950000
0 0.81850000 0.77083333 0.81487500 0.76266667 0.81762500 0.71300000 0.84512500 0.37666667 0.85587500 0.29200000 0.86912500 0.09600000 0.86412500 0.08033333 0.86900000 0.07583333 0.91300000 0.07616667 0.92037500 0.08000000 0.91987500 0.09266667 0.87387500 0.59600000 0.86837500 0.62333333 0.85787500 0.76033333 0.85350000 0.76650000
0 0.89725000 0.76716667 0.86350000 0.76483333 0.85987500 0.75933333 0.85987500 0.74533333 0.91912500 0.11166667 0.92525000 0.07983333 0.97150000 0.08316667 0.98312500 0.09100000 0.98412500 0.10566667 0.97587500 0.14233333 0.97062500 0.22966667 0.96137500 0.25233333 0.95687500 0.29066667 0.95187500 0.40700000 0.92812500 0.64000000 0.91437500 0.75633333 0.91225000 0.76416667
0 0.94750000 0.75783333 0.92023810 0.75238095 0.92375000 0.72983333 0.91987500 0.72833333 0.92619048 0.70793651 0.92712500 0.66433333 0.93562500 0.57666667 0.94637500 0.50233333 0.94737500 0.47333333 0.95512500 0.37666667 0.96137500 0.33166667 0.96262500 0.27533333 0.97337500 0.24033333 0.97737500 0.15900000 0.98712500 0.08800000 0.99000000 0.08383333 0.99975000 0.08416667 0.99975000 0.38033333 0.99642857 0.42222222 0.99087500 0.47366667 0.97937500 0.58533333 0.97887500 0.64366667 0.96837500 0.73266667 0.95925000 0.75316667
