0 0.22650000 0.91850000 0.20450000 0.91616667 0.20087500 0.89166667 0.17662500 0.08133333 0.17812500 0.05733333 0.18875000 0.05350000 0.21250000 0.05483333 0.21512500 0.06233333 0.22162500 0.41333333 0.23862500 0.90033333 0.23762500 0.91600000
0 0.27175000 0.91850000 0.24375000 0.91683333 0.23987500 0.90433333 0.21637500 0.09200000 0.21637500 0.06066667 0.22150000 0.05683333 0.25250000 0.05683333 0.25487500 0.06066667 0.27612500 0.90366667
0 0.30725000 0.92116667 0.28000000 0.91850000 0.27637500 0.91233333 0.25612500 0.06866667 0.25800000 0.06083333 0.26675000 0.05916667 0.29100000 0.05916667 0.29612500 0.07100000 0.31287500 0.89900000 0.31212500 0.91733333
0 0.34600000 0.92283333 0.31775000 0.92116667 0.31337500 0.90666667 0.29687500 0.10766667 0.29712500 0.06466667 0.31250000 0.06016667 0.33325000 0.06016667 0.33637500 0.06433333 0.35112500 0.89900000 0.35112500 0.92000000
0 0.38375000 0.92583333 0.35137500 0.92033333 0.33712500 0.06800000 0.34150000 0.06250000 0.36400000 0.06050000 0.37587500 0.06466667 0.37712500 0.07833333 0.38937500 0.87133333 0.38937500 0.92000000
0 0.42375000 0.92883333 0.39650000 0.92650000 0.39037500 0.92000000 0.37837500 0.07433333 0.38125000 0.06583333 0.39400000 0.06316667 0.41225000 0.06316667 0.41837500 0.07200000 0.42712500 0.88700000 0.42687500 0.92433333
0 0.46000000 0.93283333 0.43150000 0.92950000 0.42812500 0.92066667 0.41962500 0.07233333 0.42350000 0.06283333 0.45550000 0.06316667 0.46087500 0.07033333 0.46612500 0.88933333 0.46537500 0.92800000
0 0.49975000 0.93283333 0.47025000 0.93183333 0.46637500 0.92200000 0.46162500 0.07600000 0.46675000 0.06383333 0.49900000 0.06416667 0.50287500 0.06866667 0.50437500 0.89033333 0.50387500 0.92800000
0 0.53750000 0.93283333 0.50925000 0.93183333 0.50537500 0.92266667 0.50462500 0.08100000 0.50512500 0.06833333 0.51200000 0.06716667 0.54100000 0.06750000 0.54337500 0.07766667 0.54362500 0.87733333 0.54312500 0.92800000
0 0.57625000 0.93683333 0.54975000 0.93583333 0.54262500 0.92866667 0.54437500 0.07533333 0.54950000 0.06716667 0.58075000 0.06683333 0.58462500 0.07233333 0.58037500 0.90466667
0 0.61525000 0.94083333 0.58425000 0.93783333 0.58112500 0.92900000 0.58287500 0.32600000 0.58587500 0.06900000 0.62325000 0.06616667 0.62637500 0.10833333 0.62112500 0.89233333 0.62037500 0.93633333
0 0.64175000 0.94150000 0.62600000 0.94116667 0.62162500 0.93633333 0.62887500 0.09800000 0.63075000 0.06816667 0.65450000 0.06716667 0.66937500 0.07266667 0.66987500 0.09266667 0.66012500 0.89633333 0.65862500 0.93766667
0 0.68475000 0.93683333 0.66500000 0.93616667 0.65812500 0.92666667 0.66337500 0.83066667 0.66887500 0.45566667 0.67037500 0.08000000 0.67225000 0.07216667 0.69350000 0.07150000 0.70762500 0.07633333 0.70662500 0.18600000 0.69562500 0.92033333 0.69412500 0.93533333
0 0.72900000 0.93883333 0.69750000 0.93716667 0.69437500 0.92833333 0.70862500 0.08200000 0.71000000 0.07616667 0.72175000 0.07316667 0.74800000 0.07616667 0.74937500 0.09300000 0.73712500 0.79600000 0.73337500 0.93633333
0 0.76775000 0.94083333 0.73287500 0.93600000 0.73812500 0.80700000 0.75012500 0.08066667 0.75325000 0.07583333 0.78700000 0.07483333 0.79037500 0.13900000 0.78362500 0.49866667 0.77237500 0.93100000
0 0.80025000 0.94483333 0.77600000 0.94150000 0.77187500 0.92833333 0.78012500 0.71866667 0.79112500 0.09133333 0.79475000 0.07550000 0.83075000 0.07516667 0.83362500 0.08200000 0.83162500 0.31066667 0.81162500 0.93900000
0 0.84625000 0.94550000 0.81375000 0.94383333 0.81162500 0.90233333 0.82787500 0.47200000 0.83512500 0.08366667 0.83975000 0.07616667 0.85975000 0.07550000 0.87412500 0.07900000 0.87487500 0.10266667 0.85812500 0.71900000 0.85037500 0.94200000
0 0.87875000 0.94750000 0.85350000 0.94550000 0.85037500 0.94000000 0.87187500 0.33133333 0.87562500 0.08733333 0.88075000 0.07816667 0.90600000 0.07816667 0.91387500 0.08033333 0.91462500 0.09266667 0.90437500 0.50333333 0.88887500 0.93733333 0.88650000 0.94583333
0 0.92425000 0.94983333 0.89225000 0.94783333 0.88962500 0.93800000 0.91537500 0.12133333 0.91875000 0.08016667 0.95325000 0.07750000 0.95712500 0.08066667 0.95737500 0.09100000 0.94437500 0.51700000 0.92837500 0.93533333
