0 0.03625000 0.82416667 0.00012500 0.82233333 0.00012500 0.68333333 0.00262500 0.67900000 0.00012500 0.60700000 0.00362500 0.59200000 0.00012500 0.55600000 0.01037500 0.33266667 0.00987500 0.26000000 0.01612500 0.08266667 0.02500000 0.07683333 0.09450000 0.08783333 0.09737500 0.10966667 0.08587500 0.38000000 0.07937500 0.68600000 0.07837500 0.73466667 0.07662500 0.80166667 0.07200000 0.82116667
0 0.10825000 0.82916667 0.08025000 0.82683333 0.07837500 0.81500000 0.10137500 0.09033333 0.10375000 0.07850000 0.11275000 0.07550000 0.17575000 0.08783333 0.17637500 0.11700000 0.16312500 0.70033333 0.16362500 0.80966667 0.15775000 0.82250000
0 0.19350000 0.83483333 0.17075000 0.83116667 0.16587500 0.82733333 0.16487500 0.81733333 0.18362500 0.08766667 0.18675000 0.08016667 0.19450000 0.07750000 0.25200000 0.08850000 0.26362500 0.09633333 0.26462500 0.11533333 0.25887500 0.12466667 0.24462500 0.77933333 0.24487500 0.78733333 0.25187500 0.79100000 0.24812500 0.79766667 0.25587500 0.79900000 0.25612500 0.81166667 0.25200000 0.82650000 0.24800000 0.81016667 0.24687500 0.82633333 0.23900000 0.83050000
0 0.29075000 0.83016667 0.26425000 0.82683333 0.26187500 0.81233333 0.27187500 0.24500000 0.27037500 0.11033333 0.27487500 0.09566667 0.28250000 0.09116667 0.34250000 0.09950000 0.34737500 0.10366667 0.34987500 0.11766667 0.34537500 0.22400000 0.34237500 0.73900000 0.33887500 0.80766667 0.33400000 0.82683333
0 0.36350000 0.84083333 0.34450000 0.83816667 0.34037500 0.82233333 0.35012500 0.75600000 0.35262500 0.36533333 0.35812500 0.08033333 0.36125000 0.07183333 0.37100000 0.07183333 0.44087500 0.08800000 0.44187500 0.20700000 0.43087500 0.68966667 0.43212500 0.82700000 0.42850000 0.83450000 0.41750000 0.83816667
0 0.47475000 0.84450000 0.44075000 0.84216667 0.43562500 0.83100000 0.44437500 0.59600000 0.44962500 0.09533333 0.45425000 0.08783333 0.46400000 0.08683333 0.51750000 0.09183333 0.52587500 0.09600000 0.52687500 0.10533333 0.52112500 0.43566667 0.51962500 0.83466667 0.51575000 0.84216667
0 0.57625000 0.85150000 0.53775000 0.85016667 0.52862500 0.84200000 0.53712500 0.27966667 0.53862500 0.22933333 0.53662500 0.08066667 0.54900000 0.06683333 0.61500000 0.08116667 0.62012500 0.09133333 0.61462500 0.38666667 0.61562500 0.82866667 0.61362500 0.84166667 0.60925000 0.84616667
0 0.63412162 0.08018018 0.70371622 0.09639640 0.71317568 0.85045045 0.63682432 0.85585586
0 0.72263514 0.07387387 0.79695946 0.08108108 0.81385135 0.85945946 0.80371622 0.86216216 0.77601351 0.86576577 0.74155405 0.86666667 0.73141892 0.86396396
0 0.82533784 0.05765766 0.89087838 0.06576577 0.89695946 0.07567568 0.89898649 0.08018018 0.90777027 0.86036036 0.90236486 0.86936937 0.88614865 0.87207207 0.83277027 0.86936937
0 0.92736486 0.07117117 0.99020270 0.08108108 0.99425676 0.85405405 0.98682432 0.86846847 0.93277027 0.87027027 0.92601351 0.86756757 0.92736486 0.07027027
