0 0.05093727 0.13764827 0.11221178 0.16412491 0.08838281 0.67171992 0.02483887 0.67550230
0 0.11675064 0.14521302 0.15816767 0.16715081 0.13887754 0.66642459 0.08611338 0.66566812
0 0.15986973 0.15580368 0.21433597 0.17093319 0.19618056 0.67777173 0.14171432 0.67928468
0 0.22284631 0.18757565 0.26369599 0.18833212 0.24837736 0.67550230 0.20979711 0.67323287
0 0.26256127 0.16715081 0.31192130 0.18001089 0.29660267 0.68382353 0.25064679 0.68533648
0 0.31816222 0.18757565 0.36071396 0.19438393 0.35163626 0.68382353 0.30511302 0.68382353
0 0.36582017 0.19287098 0.40723720 0.19362745 0.40383306 0.68382353 0.35560775 0.68382353
0 0.41461284 0.18984507 0.45886665 0.19816630 0.45035630 0.68911886 0.40553513 0.69214476
0 0.46397286 0.19665335 0.50538989 0.19967925 0.50255310 0.68760591 0.45319308 0.69063181
0 0.50992874 0.20270516 0.55077841 0.20951344 0.54907634 0.69138828 0.50368782 0.68911886
0 0.55645198 0.20119221 0.59786901 0.20800048 0.60013844 0.69290123 0.55474991 0.69290123
0 0.60864878 0.20648753 0.64382489 0.22691237 0.64212282 0.69214476 0.60070579 0.68836238
0 0.64893110 0.20951344 0.68807870 0.21859114 0.69715641 0.69744009 0.64949846 0.69592714
0 0.73529412 0.69750817 0.70526961 0.69587418 0.70082721 0.69362745 0.69990809 0.68750000 0.69531250 0.54616013 0.69255515 0.34926471 0.68734681 0.21732026 0.68933824 0.21303105 0.72150735 0.21670752 0.73069853 0.22038399 0.73268995 0.22467320 0.74157475 0.63929739 0.74678309 0.68913399 0.74601716 0.69383170
0 0.74481436 0.20875696 0.78112518 0.22464294 0.79417438 0.70046599 0.75616149 0.69895304
0 0.83026961 0.70322712 0.80147059 0.70159314 0.79764093 0.69403595 0.79518995 0.66830065 0.79028799 0.52941176 0.78293505 0.25163399 0.78446691 0.22099673 0.79105392 0.21466503 0.79718137 0.21343954 0.82015931 0.21793301 0.82429534 0.22140523 0.82582721 0.22753268 0.82490809 0.27982026 0.83685662 0.57516340 0.84298407 0.68872549 0.84160539 0.69955065
0 0.85845588 0.70322712 0.84773284 0.70118464 0.84420956 0.69362745 0.82981005 0.35743464 0.82827819 0.22794118 0.83026961 0.21915850 0.84344363 0.21670752 0.86550245 0.21875000 0.86963848 0.22099673 0.87362132 0.23080065 0.88158701 0.43341503 0.88526348 0.62745098 0.89261642 0.68464052 0.89169730 0.69730392 0.88878676 0.70118464
0 0.88041258 0.21026991 0.91899283 0.21707819 0.94282180 0.70651779 0.90140477 0.70576132
0 0.92523375 0.22010409 0.97289170 0.21632171 0.96721814 0.27078794 0.97969998 0.65810336 0.99104711 0.70197894 0.97743056 0.70803074 0.95814043 0.70727427 0.94565859 0.70500484
