0 0.11933333 0.20962500 0.08766667 0.20587500 0.06300000 0.20112500 0.04966667 0.20162500 0.04133333 0.19887500 0.03916667 0.19675000 0.03583333 0.15150000 0.03816667 0.12050000 0.03716667 0.11500000 0.04166667 0.00012500 0.14183333 0.00025000 0.12483333 0.19475000 0.12316667 0.20450000
0 0.24500000 0.22887500 0.20766667 0.22262500 0.14866667 0.21737500 0.13100000 0.21387500 0.12483333 0.21000000 0.12550000 0.18550000 0.13583333 0.09300000 0.14366667 0.00012500 0.27550000 0.00025000 0.24983333 0.22125000 0.24850000 0.22650000
0 0.39300000 0.26012500 0.38466667 0.25987500 0.35866667 0.25387500 0.31000000 0.24662500 0.27966667 0.24462500 0.26466667 0.24062500 0.25916667 0.23625000 0.25916667 0.21500000 0.27283333 0.11525000 0.27783333 0.04100000 0.28366667 0.00012500 0.43483333 0.00025000 0.43050000 0.03775000 0.42383333 0.06450000 0.41550000 0.11675000 0.39783333 0.25200000
0 0.43780488 0.00426829 0.48252033 0.00121951 0.44430894 0.26402439 0.40447154 0.25853659
0 0.48766667 0.27637500 0.45533333 0.27162500 0.44950000 0.26775000 0.44916667 0.26400000 0.45116667 0.24350000 0.46250000 0.16200000 0.48116667 0.03300000 0.48833333 0.00012500 0.53466667 0.00012500 0.53450000 0.01275000 0.51483333 0.14600000 0.50083333 0.22075000 0.49450000 0.27175000 0.49133333 0.27562500
0 0.53366667 0.28362500 0.50533333 0.27962500 0.49783333 0.27550000 0.49883333 0.26075000 0.51650000 0.13850000 0.53283333 0.03275000 0.53900000 0.00012500 0.58133333 0.00012500 0.56883333 0.09600000 0.56416667 0.10850000 0.55216667 0.17225000 0.54183333 0.25625000 0.53750000 0.27875000
0 0.58033333 0.29162500 0.54533333 0.28637500 0.53983333 0.28350000 0.53983333 0.27850000 0.58783333 0.00700000 0.59000000 0.00012500 0.63833333 0.00012500 0.60850000 0.16675000 0.59183333 0.25525000 0.58516667 0.28650000
0 0.62300000 0.29812500 0.59600000 0.29487500 0.58916667 0.29100000 0.58850000 0.28675000 0.59816667 0.23675000 0.59950000 0.21825000 0.62583333 0.07550000 0.64116667 0.00025000 0.68000000 0.00012500 0.67516667 0.03675000 0.64583333 0.18575000 0.64016667 0.22825000 0.63016667 0.26375000 0.62550000 0.29550000
0 0.66100000 0.30412500 0.63066667 0.29962500 0.62816667 0.29450000 0.63816667 0.25200000 0.64150000 0.22100000 0.68550000 0.00025000 0.73100000 0.00012500 0.69950000 0.15850000 0.68616667 0.22025000 0.66883333 0.29925000 0.66733333 0.30312500
0 0.70200000 0.31237500 0.67466667 0.30862500 0.67250000 0.30275000 0.68450000 0.24775000 0.73350000 0.00025000 0.77600000 0.00012500 0.76550000 0.05675000 0.70950000 0.30500000 0.70716667 0.31075000
0 0.74366667 0.31562500 0.71366667 0.31212500 0.71116667 0.30550000 0.77783333 0.00025000 0.81800000 0.00012500 0.79650000 0.09925000 0.78883333 0.12325000 0.78050000 0.17450000 0.76983333 0.21325000 0.76516667 0.24375000 0.75483333 0.27625000 0.74783333 0.31100000
0 0.81466667 0.32937500 0.77533333 0.32637500 0.75200000 0.31887500 0.75050000 0.31200000 0.78450000 0.15900000 0.79016667 0.12300000 0.80783333 0.05775000 0.81283333 0.02400000 0.82033333 0.00012500 0.91000000 0.00012500 0.89850000 0.05050000 0.84016667 0.25575000 0.83050000 0.30325000 0.82116667 0.32550000
0 0.91233333 0.34337500 0.89300000 0.34212500 0.87266667 0.33712500 0.83766667 0.33437500 0.83083333 0.32550000 0.83650000 0.29175000 0.85950000 0.19975000 0.91383333 0.00025000 0.99966667 0.00012500 0.99966667 0.05675000 0.98950000 0.08450000 0.91650000 0.34250000
0 0.00934959 0.31646341 0.10121951 0.32500000 0.07439024 0.80365854 0.00121951 0.79756098 0.00365854 0.47378049
0 0.11016260 0.33231707 0.20121951 0.33658537 0.17682927 0.81341463 0.09634146 0.81219512
0 0.22235772 0.34024390 0.31504065 0.34878049 0.26219512 0.81646341 0.18577236 0.81951220
0 0.31900000 0.82862500 0.27166667 0.82787500 0.26716667 0.82525000 0.26583333 0.81750000 0.31716667 0.35700000 0.31866667 0.35337500 0.32433333 0.35287500 0.40400000 0.36087500 0.40883333 0.37450000 0.36150000 0.69750000 0.34683333 0.82300000 0.34200000 0.82737500
0 0.38200000 0.82737500 0.35366667 0.82487500 0.34950000 0.81675000 0.40516667 0.42350000 0.41550000 0.36550000 0.42666667 0.36337500 0.45766667 0.36487500 0.49833333 0.37062500 0.49916667 0.39150000 0.45683333 0.62300000 0.42550000 0.82175000 0.41733333 0.82662500
0 0.45266667 0.83112500 0.43200000 0.82912500 0.42783333 0.81775000 0.45383333 0.65850000 0.49650000 0.43575000 0.50383333 0.37650000 0.50733333 0.37262500 0.53300000 0.37312500 0.58466667 0.38012500 0.58550000 0.39350000 0.49916667 0.82550000 0.48700000 0.83037500
0 0.56533333 0.83262500 0.50600000 0.83062500 0.50050000 0.82475000 0.58783333 0.39350000 0.59200000 0.38087500 0.61566667 0.38037500 0.66900000 0.38787500 0.67216667 0.39350000 0.61150000 0.65075000 0.57583333 0.82625000 0.57266667 0.83112500
0 0.63900000 0.83012500 0.58033333 0.82862500 0.57816667 0.81725000 0.67450000 0.39300000 0.67966667 0.38862500 0.69500000 0.38762500 0.73266667 0.39262500 0.74700000 0.39787500 0.74883333 0.40375000 0.64750000 0.82375000
0 0.70233333 0.82962500 0.65033333 0.82787500 0.64883333 0.81800000 0.75183333 0.40425000 0.75600000 0.39762500 0.78600000 0.39637500 0.82600000 0.40312500 0.82850000 0.40650000 0.82650000 0.42375000 0.71783333 0.81850000 0.71300000 0.82862500
0 0.73300000 0.83062500 0.71933333 0.82812500 0.71750000 0.82200000 0.83216667 0.40675000 0.84266667 0.40262500 0.89733333 0.40837500 0.90250000 0.41225000 0.89783333 0.43700000 0.83250000 0.65375000 0.78516667 0.82600000 0.76233333 0.83012500
0 0.82166667 0.82662500 0.79033333 0.82387500 0.78950000 0.81075000 0.90416667 0.41450000 0.91200000 0.40787500 0.96600000 0.41437500 0.97116667 0.41925000 0.96750000 0.43975000 0.85050000 0.81475000 0.84533333 0.82412500
0 0.88133333 0.82637500 0.85366667 0.82387500 0.85216667 0.81025000 0.97350000 0.42150000 0.97866667 0.41587500 0.99966667 0.41562500 0.99966667 0.55425000 0.98983333 0.57875000 0.91416667 0.81900000 0.90833333 0.82512500
0 0.94866667 0.82637500 0.92866667 0.82562500 0.92000000 0.82287500 0.91716667 0.81850000 0.91783333 0.80975000 0.96816667 0.65850000 0.99016667 0.58350000 0.99816667 0.56025000 0.99966667 0.56012500 0.99966667 0.74250000 0.99783333 0.74350000 0.98950000 0.76675000 0.98250000 0.79825000 0.97350000 0.82250000 0.97066667 0.82462500
