0 0.12714461 0.68280229 0.10018382 0.67953431 0.09757966 0.67034314 0.09512868 0.58169935 0.09666054 0.52614379 0.09329044 0.15482026 0.09451593 0.14174837 0.09834559 0.13786765 0.12959559 0.14276961 0.14322917 0.15073529 0.14721201 0.67769608 0.14001225 0.68198529
0 0.17922794 0.68566176 0.15625000 0.68402778 0.14966299 0.67892157 0.14843750 0.67197712 0.14384191 0.18055556 0.14384191 0.15686275 0.14675245 0.14971405 0.18566176 0.15747549 0.19102328 0.17401961 0.19592525 0.65890523 0.19408701 0.68178105
0 0.22426471 0.68770425 0.20128676 0.68647876 0.19837623 0.67851307 0.19316789 0.19444444 0.19347426 0.16707516 0.19699755 0.15788399 0.23529412 0.16605392 0.24096201 0.17034314 0.24371936 0.18137255 0.24371936 0.67810458 0.24019608 0.68607026
0 0.26868873 0.68688725 0.25061275 0.68647876 0.24647672 0.67728758 0.24739583 0.19485294 0.24800858 0.18137255 0.25153186 0.17708333 0.28737745 0.18402778 0.29304534 0.18954248 0.29365809 0.19566993 0.28906250 0.67647059 0.28737745 0.68321078
0 0.31862745 0.68729575 0.29503676 0.68688725 0.29090074 0.68055556 0.29396446 0.34395425 0.29641544 0.20261438 0.29871324 0.18892974 0.32812500 0.19628268 0.33134191 0.20057190 0.32766544 0.50531046 0.32797181 0.67320261 0.32643995 0.68464052
0 0.36305147 0.69464869 0.33425245 0.69260621 0.33072917 0.68750000 0.32981005 0.67933007 0.33256740 0.20669935 0.33409926 0.19403595 0.34191176 0.19056373 0.36917892 0.19709967 0.37484681 0.20261438 0.36963848 0.65972222 0.36841299 0.68954248
0 0.39522059 0.70036765 0.37316176 0.69873366 0.37025123 0.69076797 0.37637868 0.22017974 0.37791054 0.19730392 0.38082108 0.19260621 0.41145833 0.19669118 0.41681985 0.20261438 0.40916054 0.66952614 0.40670956 0.69730392
0 0.44393382 0.70731209 0.41605392 0.70526961 0.41161152 0.70220588 0.41069240 0.69730392 0.41896446 0.20179739 0.41988358 0.19648693 0.42401961 0.19383170 0.45526961 0.20118464 0.45787377 0.20547386 0.45940564 0.22017974 0.45143995 0.69730392 0.44990809 0.70465686
0 0.47365196 0.71221405 0.45557598 0.71058007 0.45235907 0.70179739 0.46155025 0.20915033 0.46216299 0.20465686 0.46691176 0.20077614 0.49479167 0.20486111 0.50168505 0.20955882 0.50352328 0.21895425 0.49096201 0.69812092 0.48805147 0.70976307
0 0.51531863 0.71548203 0.49479167 0.71343954 0.49188113 0.70261438 0.50505515 0.22222222 0.50719975 0.20915033 0.51256127 0.20404412 0.53553922 0.20894608 0.54381127 0.21303105 0.54672181 0.21977124 0.53630515 0.50531046 0.53201593 0.70302288 0.52941176 0.71262255
0 0.55606618 0.71384804 0.53707108 0.71384804 0.53354779 0.70629085 0.54794730 0.22589869 0.54917279 0.21813725 0.55177696 0.21589052 0.58241422 0.22406046 0.58624387 0.23243464 0.56908701 0.70302288 0.56678922 0.70976307
0 0.59865196 0.71507353 0.57230392 0.71343954 0.57092525 0.70261438 0.57981005 0.51919935 0.58777574 0.23570261 0.59083946 0.22508170 0.59528186 0.22406046 0.62040441 0.22814542 0.62576593 0.23570261 0.60983456 0.59967320 0.60768995 0.70506536 0.60477941 0.71343954
0 0.64276961 0.72487745 0.61734069 0.72120098 0.61151961 0.71752451 0.61014093 0.68872549 0.61902574 0.42565359 0.62270221 0.34722222 0.62882966 0.27736928 0.62913603 0.23611111 0.63449755 0.22773693 0.64675245 0.22610294 0.67003676 0.23223039 0.67202819 0.25449346 0.66038603 0.45915033 0.65150123 0.71527778 0.65012255 0.72160948
0 0.68811275 0.73508987 0.66636029 0.73345588 0.65778186 0.72201797 0.65425858 0.72099673 0.66084559 0.71752451 0.66222426 0.71200980 0.65946691 0.70506536 0.66253064 0.69566993 0.66375613 0.63684641 0.66773897 0.59599673 0.68030025 0.27450980 0.68397672 0.23651961 0.68841912 0.22814542 0.69424020 0.22487745 0.71354167 0.22814542 0.72028186 0.23263889 0.72135417 0.24428105 0.69929534 0.72875817 0.69699755 0.73345588
0 0.72487745 0.73508987 0.70159314 0.73304739 0.70082721 0.71732026 0.70818015 0.53635621 0.71829044 0.37540850 0.72074142 0.27818627 0.72472426 0.23815359 0.73161765 0.22855392 0.73927696 0.22855392 0.76102941 0.23590686 0.76271446 0.25163399 0.75719975 0.36968954 0.74708946 0.49754902 0.73422181 0.72916667 0.73284314 0.73386438
0 0.75857843 0.73713235 0.73743873 0.73386438 0.73606005 0.72058824 0.74800858 0.50245098 0.76240809 0.31086601 0.76302083 0.26388889 0.76577819 0.23897059 0.77205882 0.23508987 0.79503676 0.24040033 0.79733456 0.25939542 0.76792279 0.71895425 0.76577819 0.73366013
0 0.80300245 0.74080882 0.78339461 0.74040033 0.77083333 0.73672386 0.76914828 0.72508170 0.77650123 0.63357843 0.78170956 0.51674837 0.79672181 0.28349673 0.80193015 0.25204248 0.80606618 0.24407680 0.81617647 0.24162582 0.83302696 0.24407680 0.83854167 0.24775327 0.83930760 0.27124183 0.81173407 0.70547386 0.80867034 0.73570261
0 0.83609069 0.74489379 0.81862745 0.74325980 0.81387868 0.74019608 0.81357230 0.68954248 0.82613358 0.49305556 0.83992034 0.32475490 0.84114583 0.27450980 0.84574142 0.25204248 0.84987745 0.24734477 0.86060049 0.24734477 0.87959559 0.25183824 0.88250613 0.25653595 0.88281250 0.26756536 0.84880515 0.73325163 0.84589461 0.74244281
0 0.87898284 0.74857026 0.86397059 0.74857026 0.85324755 0.74325980 0.85125613 0.74060458 0.85094975 0.72017974 0.88342525 0.27818627 0.88985907 0.25285948 0.89675245 0.24775327 0.90410539 0.24775327 0.92156863 0.25551471 0.92417279 0.25939542 0.92417279 0.27205882 0.89077819 0.67769608 0.88802083 0.73611111 0.88618260 0.74387255
0 0.92064951 0.75020425 0.89920343 0.74857026 0.89629289 0.74387255 0.89568015 0.73611111 0.90242034 0.68668301 0.92018995 0.47099673 0.93857230 0.29084967 0.94347426 0.26062092 0.94883578 0.25714869 0.96047794 0.25959967 0.96553309 0.26797386 0.96737132 0.27982026 0.93765319 0.60008170 0.92815564 0.72712418 0.92447917 0.74836601
