0 0.04500000 0.90050000 0.03425000 0.89683333 0.03162500 0.88900000 0.00012500 0.40666667 0.00012500 0.13466667 0.00750000 0.13350000 0.03875000 0.13483333 0.04837500 0.14300000 0.06387500 0.45933333 0.08937500 0.86866667 0.08475000 0.89216667
0 0.11875000 0.89316667 0.10325000 0.89183333 0.09737500 0.88533333 0.08762500 0.78000000 0.05312500 0.15033333 0.05500000 0.13850000 0.06750000 0.13516667 0.11350000 0.13883333 0.11987500 0.14700000 0.12537500 0.33633333 0.15462500 0.88133333 0.14750000 0.88916667
0 0.18225000 0.88983333 0.16225000 0.88883333 0.15687500 0.88133333 0.14212500 0.62333333 0.12262500 0.17233333 0.12237500 0.14866667 0.12900000 0.14183333 0.17450000 0.14250000 0.18087500 0.14700000 0.18362500 0.15966667 0.20712500 0.77500000 0.21362500 0.87466667 0.20950000 0.88516667
0 0.22900000 0.88583333 0.22025000 0.88516667 0.21687500 0.87833333 0.20512500 0.60766667 0.18862500 0.16233333 0.19087500 0.14733333 0.19900000 0.14516667 0.24075000 0.14616667 0.24562500 0.15066667 0.24612500 0.15800000 0.26937500 0.87266667 0.26600000 0.88150000
0 0.29200000 0.88416667 0.27925000 0.88316667 0.27487500 0.87466667 0.25112500 0.21700000 0.25062500 0.15100000 0.25600000 0.14583333 0.29950000 0.14616667 0.30612500 0.15466667 0.32662500 0.87466667 0.32175000 0.88183333
0 0.34950000 0.88283333 0.33187500 0.87800000 0.32912500 0.83566667 0.31062500 0.15100000 0.32625000 0.14650000 0.36050000 0.14883333 0.36512500 0.15800000 0.37962500 0.87333333 0.37450000 0.87883333
0 0.39850000 0.87583333 0.38525000 0.87483333 0.38287500 0.86700000 0.37062500 0.17000000 0.37087500 0.15466667 0.37500000 0.15250000 0.42075000 0.15316667 0.42412500 0.15500000 0.42512500 0.16300000 0.43362500 0.86800000 0.42850000 0.87383333
0 0.43416667 0.15000000 0.48333333 0.15111111 0.49333333 0.86888889 0.44333333 0.87888889
0 0.49500000 0.14777778 0.54333333 0.15111111 0.54583333 0.86888889 0.49833333 0.87444444
0 0.56025000 0.86983333 0.55137500 0.86533333 0.54987500 0.84833333 0.54837500 0.15833333 0.56925000 0.15583333 0.59550000 0.15750000 0.59937500 0.16600000 0.59687500 0.85933333 0.58900000 0.86550000
0 0.61550000 0.86250000 0.60350000 0.86183333 0.60112500 0.85766667 0.60412500 0.17766667 0.60550000 0.16183333 0.62725000 0.16016667 0.64875000 0.16216667 0.65312500 0.16600000 0.65337500 0.17200000 0.64812500 0.84200000 0.64712500 0.85333333 0.64275000 0.85916667
0 0.67166667 0.15444444 0.72000000 0.15777778 0.70166667 0.86111111 0.65833333 0.86444444
0 0.77166667 0.16111111 0.81916667 0.16222222 0.80250000 0.84222222 0.75500000 0.84555556
0 0.94083333 0.15444444 0.98833333 0.15888889 0.96333333 0.83666667 0.91583333 0.83555556
0 0.72200000 0.84350000 0.70725000 0.84216667 0.70412500 0.83400000 0.70712500 0.79766667 0.71887500 0.16566667 0.72625000 0.16183333 0.75350000 0.16583333 0.75737500 0.17400000 0.74962500 0.62266667 0.74287500 0.83500000 0.74025000 0.84083333
0 0.82500000 0.84850000 0.81075000 0.84716667 0.80537500 0.83800000 0.81187500 0.66233333 0.82162500 0.17366667 0.82237500 0.16233333 0.82675000 0.15750000 0.86725000 0.15683333 0.87387500 0.16133333 0.87362500 0.19000000 0.85462500 0.83866667 0.85000000 0.84750000
0 0.87375000 0.84316667 0.85937500 0.84166667 0.85862500 0.81400000 0.87337500 0.43600000 0.87587500 0.16533333 0.88400000 0.15816667 0.90850000 0.15816667 0.92350000 0.16116667 0.92487500 0.16700000 0.92137500 0.34433333 0.90337500 0.83233333 0.90050000 0.83883333
