0 0.03350000 0.91250000 0.00812500 0.90800000 0.00612500 0.86166667 0.01362500 0.12500000 0.01637500 0.01000000 0.02550000 0.00750000 0.08187500 0.01366667 0.07162500 0.90166667 0.06525000 0.90916667
0 0.09600000 0.91350000 0.08200000 0.91250000 0.07537500 0.90266667 0.07887500 0.34066667 0.08637500 0.01966667 0.09225000 0.01083333 0.10375000 0.00983333 0.14662500 0.02200000 0.14812500 0.09366667 0.13937500 0.54466667 0.13937500 0.89433333 0.13400000 0.90850000
0 0.17975000 0.91983333 0.14650000 0.91650000 0.14037500 0.90866667 0.14987500 0.02900000 0.15450000 0.01583333 0.16600000 0.01350000 0.20937500 0.01766667 0.21312500 0.08400000 0.20562500 0.90433333 0.20150000 0.91483333
0 0.23725000 0.92216667 0.21600000 0.92083333 0.20712500 0.91300000 0.21187500 0.34133333 0.21762500 0.02566667 0.22250000 0.01750000 0.24900000 0.01650000 0.27525000 0.02050000 0.28137500 0.02933333 0.27812500 0.08000000 0.27462500 0.90833333 0.26750000 0.91883333
0 0.31700000 0.92050000 0.28500000 0.91916667 0.27925000 0.91716667 0.27762500 0.91000000 0.28512500 0.03666667 0.28675000 0.02916667 0.29425000 0.02750000 0.34525000 0.03316667 0.34787500 0.04900000 0.34087500 0.90366667 0.33825000 0.91683333
0 0.37625000 0.92283333 0.34950000 0.92150000 0.34312500 0.91400000 0.34962500 0.06066667 0.35112500 0.03333333 0.36050000 0.02750000 0.40425000 0.03316667 0.41162500 0.07566667 0.40787500 0.90533333 0.40175000 0.92083333
0 0.43600000 0.92650000 0.41300000 0.92316667 0.41012500 0.91666667 0.41462500 0.04400000 0.41950000 0.02516667 0.43400000 0.02383333 0.47200000 0.02916667 0.47687500 0.03900000 0.47612500 0.91000000 0.47100000 0.92216667
0 0.50675000 0.93016667 0.48575000 0.92816667 0.48062500 0.92100000 0.47837500 0.84433333 0.47962500 0.04466667 0.48237500 0.02700000 0.49275000 0.02416667 0.54100000 0.03050000 0.54387500 0.09133333 0.54562500 0.91800000 0.54100000 0.92850000
0 0.58025000 0.92850000 0.55300000 0.92683333 0.54787500 0.91933333 0.54662500 0.04000000 0.54775000 0.03250000 0.55675000 0.02916667 0.60350000 0.03316667 0.60887500 0.04100000 0.60962500 0.05433333 0.61212500 0.91633333 0.60825000 0.92516667
0 0.64325000 0.92950000 0.61975000 0.92716667 0.61387500 0.91900000 0.61212500 0.04533333 0.61600000 0.03316667 0.62400000 0.03116667 0.66625000 0.03550000 0.67112500 0.04133333 0.67187500 0.05566667 0.67637500 0.90866667 0.67487500 0.92266667 0.67025000 0.92683333
0 0.71600000 0.93416667 0.68650000 0.93216667 0.67862500 0.92133333 0.67737500 0.09066667 0.67362500 0.06833333 0.67612500 0.03333333 0.68575000 0.02550000 0.73175000 0.03183333 0.73712500 0.04100000 0.74562500 0.92433333 0.74000000 0.93183333
0 0.78475000 0.93850000 0.75625000 0.93650000 0.74937500 0.92633333 0.74837500 0.42766667 0.74387500 0.31666667 0.74337500 0.08800000 0.73962500 0.04500000 0.74450000 0.02716667 0.76200000 0.02283333 0.79950000 0.02650000 0.80737500 0.03333333 0.81862500 0.92433333 0.81450000 0.93750000
0 0.85250000 0.94083333 0.83025000 0.93983333 0.82162500 0.93033333 0.81862500 0.51366667 0.80912500 0.04533333 0.80962500 0.03333333 0.81425000 0.02883333 0.86575000 0.03083333 0.87062500 0.03333333 0.87187500 0.04400000 0.88712500 0.92666667 0.88100000 0.93650000
0 0.92550000 0.94150000 0.89650000 0.93816667 0.89137500 0.90633333 0.88687500 0.48900000 0.87487500 0.05500000 0.87562500 0.03333333 0.88800000 0.02416667 0.93575000 0.02550000 0.94262500 0.03333333 0.95212500 0.41766667 0.95762500 0.93333333 0.95550000 0.93983333
0 0.99975000 0.94650000 0.97275000 0.94416667 0.96162500 0.93500000 0.95787500 0.45900000 0.94512500 0.03666667 0.94725000 0.02950000 0.96300000 0.02050000 0.99975000 0.02566667
