0 0.13684641 0.80070466 0.10375817 0.79947917 0.09701797 0.78400735 0.02062908 0.24050245 0.02573529 0.23238358 0.06413399 0.22778799 0.08782680 0.23146446 0.10069444 0.24050245 0.11785131 0.42861520 0.15910948 0.77879902 0.15747549 0.79136029
0 0.19934641 0.79580270 0.16687092 0.79105392 0.16074346 0.76501225 0.10518791 0.26623775 0.10784314 0.24249387 0.14665033 0.24157475 0.15379902 0.24448529 0.15461601 0.24938725 0.17463235 0.49050245 0.20526961 0.77849265 0.20526961 0.79136029
0 0.24673203 0.79825368 0.21323529 0.79610907 0.20853758 0.78186275 0.15665850 0.25551471 0.15788399 0.24050245 0.17238562 0.23851103 0.20955882 0.23881740 0.21466503 0.24417892 0.22283497 0.38970588 0.25592320 0.78033088 0.25633170 0.79503676
0 0.29983660 0.80438113 0.27042484 0.80315564 0.25837418 0.79289216 0.21834150 0.24632353 0.22181373 0.23943015 0.26879085 0.23575368 0.27614379 0.23636642 0.28125000 0.24387255 0.29146242 0.41942402 0.30984477 0.79013480 0.30739379 0.80269608
0 0.40073529 0.81050858 0.36805556 0.80713848 0.36090686 0.78339461 0.29473039 0.25214461 0.29861111 0.24402574 0.34844771 0.24280025 0.35437092 0.24448529 0.35641340 0.25030637 0.41278595 0.79503676 0.41156046 0.80667892
0 0.46119281 0.81295956 0.41993464 0.81173407 0.41441993 0.80575980 0.35968137 0.26378676 0.36151961 0.24739583 0.41421569 0.24708946 0.41973039 0.25306373 0.46752451 0.79748775 0.46752451 0.81066176
0 0.50531046 0.81173407 0.48284314 0.81050858 0.46956699 0.79289216 0.42340686 0.27205882 0.42299837 0.25490196 0.42810458 0.25076593 0.48018791 0.25183824 0.51695261 0.79074755 0.51695261 0.80790441
0 0.56454248 0.81295956 0.52900327 0.81142770 0.51981209 0.79993873 0.48263889 0.25735294 0.48447712 0.25076593 0.49918301 0.24800858 0.53431373 0.24678309 0.54227941 0.25153186 0.56883170 0.79626225
0 0.61968954 0.81510417 0.57761438 0.81295956 0.57209967 0.80729167 0.54432190 0.25704657 0.54616013 0.24739583 0.59436275 0.24433211 0.59967320 0.24433211 0.60518791 0.25153186 0.62357026 0.79595588
0 0.66666667 0.82000613 0.63929739 0.81847426 0.62520425 0.81096814 0.60927288 0.26593137 0.61151961 0.25107230 0.66094771 0.24402574 0.67054739 0.24754902 0.67136438 0.28186275 0.67544935 0.78063725 0.67504085 0.81525735
0 0.72058824 0.82000613 0.68586601 0.81908701 0.67790033 0.81127451 0.67422386 0.26133578 0.67544935 0.24846814 0.68464052 0.24678309 0.72549020 0.24678309 0.73386438 0.25183824 0.73018791 0.81556373
0 0.77818627 0.82368260 0.74468954 0.82276348 0.73488562 0.82000613 0.73182190 0.81525735 0.73631536 0.26317402 0.73835784 0.24938725 0.74632353 0.24739583 0.79575163 0.24770221 0.79840686 0.25122549 0.78737745 0.80422794 0.78451797 0.82199755
0 0.83210784 0.83593750 0.80310458 0.83440564 0.79473039 0.82904412 0.79187092 0.81924020 0.80208333 0.25490196 0.80923203 0.24800858 0.86151961 0.24280025 0.86540033 0.26133578 0.85600490 0.49632353 0.85069444 0.82077206 0.84701797 0.83425245
0 0.93178105 0.86718750 0.88643791 0.86534926 0.87520425 0.85232843 0.89644608 0.61580882 0.90502451 0.40441176 0.90543301 0.27328431 0.89808007 0.23284314 0.91217320 0.22533701 0.96772876 0.22411152 0.97324346 0.23682598 0.95322712 0.52420343 0.94056373 0.85569853 0.93729575 0.86519608
