0 0.13725000 0.81283333 0.12887500 0.81033333 0.12487500 0.79533333 0.10737500 0.59300000 0.10737500 0.56466667 0.10362500 0.55666667 0.09562500 0.47266667 0.09037500 0.38500000 0.09337500 0.37733333 0.08787500 0.37333333 0.08362500 0.32633333 0.07987500 0.31833333 0.07812500 0.30366667 0.07737500 0.24833333 0.08775000 0.24083333 0.11875000 0.24416667 0.13100000 0.25050000 0.13475000 0.24716667 0.13912500 0.26700000 0.15137500 0.44166667 0.16012500 0.61566667 0.17037500 0.72133333 0.17437500 0.80700000 0.16625000 0.81150000
0 0.18725000 0.81016667 0.17637500 0.80666667 0.17187500 0.75400000 0.14787500 0.33766667 0.14162500 0.27200000 0.14112500 0.25200000 0.14650000 0.24683333 0.18575000 0.24816667 0.19062500 0.25200000 0.21837500 0.79633333 0.21375000 0.80550000
0 0.24200000 0.81616667 0.22575000 0.81483333 0.22137500 0.81066667 0.21987500 0.80333333 0.19287500 0.29166667 0.19262500 0.26300000 0.19700000 0.25583333 0.20125000 0.25483333 0.23625000 0.25716667 0.23987500 0.26000000 0.24187500 0.27033333 0.26512500 0.81000000 0.26075000 0.81483333
0 0.28825000 0.82050000 0.27125000 0.81850000 0.26737500 0.81066667 0.26637500 0.79900000 0.24387500 0.29666667 0.24412500 0.26500000 0.24825000 0.25950000 0.25475000 0.25816667 0.28775000 0.25816667 0.29175000 0.25983333 0.29537500 0.26800000 0.31287500 0.81100000 0.30925000 0.81883333
0 0.35025000 0.82283333 0.32225000 0.82250000 0.31562500 0.81833333 0.29887500 0.28033333 0.30250000 0.25916667 0.34600000 0.25950000 0.34812500 0.26366667 0.35837500 0.80800000 0.35712500 0.81866667
0 0.37625000 0.83150000 0.36500000 0.83016667 0.36012500 0.81966667 0.35112500 0.27466667 0.35262500 0.26466667 0.35625000 0.26250000 0.39750000 0.26183333 0.40362500 0.26666667 0.40712500 0.82633333
0 0.42775000 0.82950000 0.41012500 0.82633333 0.40662500 0.30866667 0.40737500 0.26766667 0.41200000 0.26350000 0.44400000 0.26416667 0.45612500 0.26766667 0.45187500 0.81500000 0.44750000 0.82650000
0 0.48800000 0.83683333 0.45875000 0.83516667 0.45362500 0.82500000 0.45862500 0.31833333 0.46112500 0.27133333 0.46675000 0.26516667 0.50600000 0.26750000 0.51087500 0.27466667 0.50012500 0.82300000 0.49875000 0.83450000
0 0.52150000 0.84283333 0.50550000 0.83983333 0.50287500 0.83000000 0.51487500 0.28533333 0.51775000 0.27116667 0.55725000 0.27116667 0.56437500 0.27500000 0.56487500 0.28466667 0.54662500 0.82733333 0.54587500 0.83466667 0.54225000 0.83916667
0 0.57800000 0.84716667 0.55750000 0.84616667 0.54862500 0.83833333 0.56787500 0.28733333 0.57087500 0.27500000 0.57475000 0.27116667 0.60700000 0.27416667 0.61675000 0.28316667 0.61962500 0.29100000 0.59612500 0.79533333 0.58837500 0.84200000 0.58625000 0.84616667
0 0.63450000 0.84650000 0.60550000 0.84583333 0.59912500 0.84000000 0.61387500 0.48366667 0.62112500 0.39266667 0.62562500 0.28633333 0.63050000 0.27450000 0.67000000 0.27750000 0.67537500 0.28333333 0.64762500 0.76900000 0.64437500 0.78366667 0.64162500 0.84100000 0.63925000 0.84583333
0 0.67225000 0.85583333 0.65400000 0.85383333 0.65062500 0.84966667 0.64937500 0.83966667 0.65587500 0.77200000 0.65587500 0.72033333 0.66237500 0.59600000 0.66587500 0.54100000 0.67037500 0.51400000 0.67387500 0.40300000 0.68087500 0.35400000 0.68187500 0.30966667 0.68512500 0.28333333 0.68950000 0.27616667 0.72475000 0.27550000 0.73625000 0.27783333 0.73862500 0.28433333 0.69787500 0.81966667 0.69362500 0.85233333
0 0.73700000 0.85950000 0.70825000 0.85783333 0.70362500 0.85366667 0.70387500 0.83866667 0.71612500 0.76033333 0.72187500 0.73966667 0.72637500 0.68566667 0.73912500 0.61266667 0.74387500 0.56133333 0.74962500 0.53333333 0.75437500 0.48233333 0.76912500 0.39300000 0.77812500 0.31833333 0.78725000 0.27916667 0.83200000 0.28316667 0.83562500 0.29133333 0.83537500 0.29933333 0.82712500 0.35866667 0.75687500 0.79533333 0.74612500 0.85433333 0.74450000 0.85816667
0 0.78150000 0.86983333 0.75875000 0.86550000 0.75187500 0.85533333 0.75137500 0.84100000 0.76412500 0.78733333 0.76737500 0.74433333 0.77862500 0.70133333 0.78287500 0.64666667 0.79362500 0.59133333 0.80212500 0.52500000 0.80912500 0.49866667 0.81362500 0.45166667 0.82537500 0.39700000 0.82962500 0.35700000 0.83912500 0.32566667 0.84187500 0.29066667 0.84550000 0.28216667 0.86525000 0.28016667 0.90850000 0.29016667 0.91087500 0.30266667 0.89462500 0.37533333 0.88162500 0.46800000 0.86662500 0.51366667 0.87062500 0.53366667 0.86112500 0.55700000 0.85212500 0.59100000 0.84662500 0.64666667 0.83937500 0.66933333 0.83462500 0.70900000 0.82937500 0.72066667 0.82137500 0.76000000 0.81112500 0.82600000 0.80087500 0.86500000
0 0.83550000 0.85950000 0.80850000 0.85783333 0.80637500 0.84800000 0.81287500 0.82633333 0.82262500 0.76000000 0.83012500 0.72533333 0.83637500 0.70900000 0.84837500 0.64666667 0.85337500 0.59566667 0.85787500 0.59000000 0.86112500 0.56100000 0.86637500 0.54866667 0.87512500 0.49633333 0.88187500 0.47466667 0.89537500 0.37433333 0.90637500 0.33800000 0.91525000 0.28650000 0.93075000 0.28316667 0.95900000 0.29083333 0.96337500 0.30333333 0.88987500 0.65366667 0.84612500 0.85000000 0.84225000 0.85783333
