0 0.05975000 0.82816667 0.02400000 0.82716667 0.01775000 0.82316667 0.01687500 0.81866667 0.00237500 0.39300000 0.00012500 0.39033333 0.00025000 0.21583333 0.06900000 0.21683333 0.08162500 0.22466667 0.08137500 0.41366667 0.08687500 0.57966667 0.08612500 0.64900000 0.09037500 0.68300000 0.09187500 0.81466667 0.08775000 0.82316667
0 0.13925000 0.83150000 0.10900000 0.82683333 0.10000000 0.82250000 0.09737500 0.81533333 0.08312500 0.34633333 0.08212500 0.23833333 0.08350000 0.22816667 0.10075000 0.22450000 0.13475000 0.22316667 0.14137500 0.22800000 0.14037500 0.49033333 0.14737500 0.81100000 0.14687500 0.82733333
0 0.20175000 0.84683333 0.15675000 0.84216667 0.15037500 0.83400000 0.14912500 0.82633333 0.14362500 0.27166667 0.14487500 0.22966667 0.15025000 0.22283333 0.19800000 0.22216667 0.20900000 0.22416667 0.21112500 0.22833333 0.21312500 0.84033333 0.20875000 0.84583333
0 0.27250000 0.85550000 0.24125000 0.85350000 0.21662500 0.84566667 0.21862500 0.69200000 0.21512500 0.24900000 0.21712500 0.23100000 0.22300000 0.22816667 0.26375000 0.22583333 0.27937500 0.23666667 0.28187500 0.25100000 0.28112500 0.83833333 0.27962500 0.85033333
0 0.33875000 0.86816667 0.29475000 0.86616667 0.28725000 0.86216667 0.28537500 0.85466667 0.28662500 0.28400000 0.28812500 0.23666667 0.28962500 0.22866667 0.29475000 0.22483333 0.35075000 0.22516667 0.36162500 0.22833333 0.35637500 0.85466667 0.35375000 0.86650000
0 0.41250000 0.87716667 0.36850000 0.87450000 0.36150000 0.87183333 0.35862500 0.86633333 0.36462500 0.23566667 0.36675000 0.22850000 0.37325000 0.22750000 0.43950000 0.22850000 0.44062500 0.23233333 0.43237500 0.86500000 0.42800000 0.87483333
0 0.49875000 0.88283333 0.44675000 0.87883333 0.43487500 0.86966667 0.44187500 0.29666667 0.44337500 0.24266667 0.44725000 0.23216667 0.50975000 0.23216667 0.51787500 0.23600000 0.50862500 0.85300000 0.50712500 0.87733333
0 0.56525000 0.88916667 0.52750000 0.88516667 0.51400000 0.88083333 0.51212500 0.87466667 0.51962500 0.30933333 0.52287500 0.23666667 0.53250000 0.23250000 0.59150000 0.23316667 0.59575000 0.23416667 0.59787500 0.24166667 0.58612500 0.87333333 0.58400000 0.88516667
0 0.65275000 0.89350000 0.60700000 0.89150000 0.59825000 0.88883333 0.59212500 0.88100000 0.59937500 0.38800000 0.60337500 0.24033333 0.60700000 0.23550000 0.67800000 0.23583333 0.68387500 0.24400000 0.67612500 0.48866667 0.67037500 0.83200000 0.66637500 0.88900000
0 0.69425000 0.89150000 0.68175000 0.89016667 0.67712500 0.88500000 0.67462500 0.85300000 0.67762500 0.62700000 0.69012500 0.29100000 0.68912500 0.25300000 0.69400000 0.24316667 0.75600000 0.24616667 0.76087500 0.24866667 0.76137500 0.27200000 0.74212500 0.88500000 0.73500000 0.89016667
0 0.78025000 0.90750000 0.75625000 0.90050000 0.74787500 0.89066667 0.74612500 0.88266667 0.76462500 0.25166667 0.77125000 0.24383333 0.78250000 0.24083333 0.84950000 0.24383333 0.85387500 0.25166667 0.85062500 0.37066667 0.82812500 0.89700000 0.81775000 0.90350000
0 0.86525000 0.90050000 0.84175000 0.89683333 0.83587500 0.88466667 0.83412500 0.86100000 0.83887500 0.83200000 0.84937500 0.50166667 0.85587500 0.38700000 0.85637500 0.31066667 0.86037500 0.29133333 0.85687500 0.25200000 0.87700000 0.24850000 0.92437500 0.25666667 0.92512500 0.32533333 0.91762500 0.56100000 0.90237500 0.88800000 0.89650000 0.89416667
0 0.93750000 0.89583333 0.90800000 0.89050000 0.90637500 0.86066667 0.91837500 0.61666667 0.92937500 0.27966667 0.93162500 0.26466667 0.93550000 0.25850000 0.95925000 0.25516667 0.99250000 0.25950000 0.99975000 0.26733333 0.99975000 0.31300000 0.99737500 0.33000000 0.97487500 0.88633333 0.96650000 0.89316667
