0 0.03525000 0.73383333 0.00575000 0.73116667 0.00012500 0.70100000 0.00025000 0.06850000 0.02125000 0.07116667 0.02487500 0.07633333 0.03187500 0.35000000 0.05187500 0.72500000 0.04925000 0.73316667
0 0.08775000 0.73750000 0.05700000 0.73483333 0.05412500 0.72866667 0.03287500 0.27966667 0.02737500 0.08866667 0.02762500 0.08000000 0.03200000 0.07616667 0.07050000 0.08016667 0.08075000 0.08383333 0.08212500 0.08800000 0.09437500 0.55366667 0.10237500 0.71666667 0.10212500 0.73300000
0 0.12775000 0.74116667 0.10525000 0.73683333 0.10237500 0.71733333 0.08462500 0.09866667 0.08587500 0.08833333 0.09150000 0.08616667 0.12775000 0.08950000 0.13887500 0.09566667 0.14162500 0.39833333 0.15162500 0.73300000 0.14700000 0.74050000
0 0.19100000 0.74550000 0.15525000 0.74150000 0.15237500 0.73700000 0.14187500 0.24000000 0.14137500 0.09833333 0.14450000 0.09450000 0.18125000 0.09683333 0.19387500 0.10300000 0.19237500 0.30433333 0.19887500 0.74033333 0.19700000 0.74450000
0 0.23600000 0.75083333 0.20500000 0.74850000 0.20162500 0.74133333 0.19712500 0.15500000 0.19712500 0.10700000 0.20125000 0.09983333 0.24200000 0.10350000 0.25087500 0.11066667 0.24912500 0.74200000 0.24750000 0.74850000
0 0.28825000 0.75350000 0.26000000 0.75216667 0.25087500 0.74666667 0.25412500 0.11233333 0.26150000 0.10583333 0.29850000 0.10916667 0.30462500 0.11566667 0.29887500 0.73400000 0.29837500 0.74833333
0 0.33900000 0.75550000 0.30675000 0.75316667 0.30287500 0.74700000 0.30687500 0.16966667 0.31025000 0.11383333 0.35775000 0.11816667 0.35987500 0.13066667 0.35112500 0.73733333 0.34862500 0.75200000
0 0.40175000 0.75750000 0.39025000 0.75616667 0.38737500 0.75000000 0.38062500 0.65833333 0.37762500 0.50200000 0.36387500 0.22200000 0.36412500 0.13433333 0.36875000 0.12883333 0.40500000 0.13083333 0.40987500 0.13500000 0.43287500 0.74866667 0.42750000 0.75316667
0 0.45850000 0.75716667 0.43875000 0.75616667 0.43412500 0.74966667 0.42162500 0.33033333 0.41262500 0.14333333 0.41450000 0.13483333 0.42075000 0.13316667 0.45900000 0.13350000 0.46262500 0.14166667 0.47937500 0.74900000 0.47475000 0.75616667
0 0.50500000 0.76050000 0.48650000 0.75950000 0.48037500 0.75300000 0.47987500 0.64266667 0.46587500 0.14866667 0.46612500 0.14200000 0.47100000 0.14016667 0.50700000 0.14083333 0.51437500 0.14600000 0.51487500 0.31733333 0.52512500 0.75266667 0.52200000 0.75783333
0 0.54725000 0.76150000 0.52950000 0.76050000 0.52637500 0.74900000 0.51612500 0.15766667 0.51925000 0.14650000 0.52925000 0.14416667 0.56450000 0.14616667 0.56812500 0.15266667 0.57162500 0.75600000
0 0.58950000 0.76183333 0.57600000 0.76050000 0.57362500 0.74866667 0.57162500 0.18400000 0.57325000 0.15450000 0.60000000 0.15283333 0.61200000 0.15650000 0.61587500 0.16866667 0.61687500 0.74833333 0.61587500 0.75600000 0.61175000 0.75850000
0 0.64475000 0.76216667 0.62125000 0.76116667 0.61737500 0.74966667 0.61837500 0.16600000 0.62325000 0.16083333 0.65875000 0.16150000 0.66487500 0.16733333 0.65812500 0.75400000 0.65600000 0.76016667
0 0.68725000 0.76350000 0.66250000 0.76250000 0.65962500 0.75900000 0.66812500 0.17300000 0.67000000 0.16583333 0.67575000 0.16483333 0.70875000 0.16550000 0.71362500 0.17200000 0.70162500 0.74866667 0.69875000 0.76083333
0 0.73225000 0.76516667 0.70600000 0.76416667 0.70337500 0.75833333 0.71237500 0.34200000 0.71587500 0.27666667 0.71587500 0.17366667 0.72750000 0.16983333 0.75975000 0.17250000 0.76337500 0.18166667 0.74462500 0.76000000
0 0.76175000 0.76483333 0.74925000 0.76383333 0.74612500 0.75600000 0.75087500 0.61133333 0.76462500 0.35100000 0.76612500 0.18066667 0.76800000 0.17683333 0.78175000 0.17450000 0.80625000 0.17783333 0.81062500 0.18200000 0.81087500 0.19033333 0.78462500 0.75666667 0.77925000 0.76316667
0 0.79900000 0.76383333 0.78700000 0.76216667 0.78487500 0.75533333 0.80887500 0.30066667 0.81062500 0.22366667 0.81387500 0.18266667 0.83050000 0.18116667 0.84650000 0.18383333 0.85012500 0.18600000 0.85112500 0.19133333 0.82362500 0.75666667 0.81900000 0.76150000
0 0.84900000 0.76316667 0.82950000 0.76216667 0.82462500 0.75600000 0.83612500 0.52000000 0.84037500 0.49100000 0.85262500 0.19300000 0.85575000 0.18816667 0.86400000 0.18683333 0.89200000 0.18950000 0.89612500 0.19500000 0.86587500 0.72166667 0.86162500 0.75766667 0.85800000 0.76216667
0 0.89400000 0.76550000 0.86825000 0.76450000 0.86462500 0.75933333 0.86437500 0.75166667 0.87262500 0.65466667 0.89612500 0.22400000 0.90050000 0.19316667 0.93875000 0.19316667 0.94425000 0.19516667 0.94662500 0.20133333 0.91737500 0.61300000 0.90512500 0.75766667 0.90200000 0.76450000
0 0.92075000 0.76750000 0.90775000 0.76516667 0.90637500 0.75700000 0.92062500 0.60800000 0.92987500 0.45100000 0.93587500 0.40966667 0.93812500 0.34566667 0.94962500 0.20133333 0.95400000 0.19683333 0.98650000 0.19883333 0.98312500 0.28533333 0.94512500 0.75766667 0.93950000 0.76583333
0 0.99908537 0.20325203 0.99969512 0.68861789 0.99237805 0.76260163 0.95518293 0.76260163
