0 0.15400000 0.89362500 0.13266667 0.88962500 0.12583333 0.88100000 0.12316667 0.82975000 0.10316667 0.72525000 0.03316667 0.15150000 0.03616667 0.14300000 0.04466667 0.14112500 0.09500000 0.13887500 0.10550000 0.14700000 0.15250000 0.62075000 0.18616667 0.87350000 0.18033333 0.88887500
0 0.25200000 0.88087500 0.21700000 0.87587500 0.21250000 0.86725000 0.21150000 0.81975000 0.19650000 0.73300000 0.14216667 0.20750000 0.13783333 0.15050000 0.18500000 0.14287500 0.19083333 0.15050000 0.22583333 0.51675000 0.23450000 0.66600000 0.25683333 0.84775000 0.25816667 0.87325000
0 0.31533333 0.90587500 0.26700000 0.89837500 0.25950000 0.88100000 0.21483333 0.42025000 0.20550000 0.31050000 0.20083333 0.26400000 0.19216667 0.14275000 0.25033333 0.13487500 0.26483333 0.14125000 0.32783333 0.87700000 0.32783333 0.90150000
0 0.37733333 0.91012500 0.33800000 0.90487500 0.33316667 0.89000000 0.27083333 0.20200000 0.26983333 0.13525000 0.32600000 0.12962500 0.33800000 0.13087500 0.34316667 0.13900000 0.39750000 0.89125000 0.39683333 0.90625000
0 0.44833333 0.91712500 0.40433333 0.90987500 0.40116667 0.90500000 0.34783333 0.17300000 0.34800000 0.13462500 0.40966667 0.12687500 0.41716667 0.12925000 0.41950000 0.14175000 0.46150000 0.88650000 0.46050000 0.91150000
0 0.53366667 0.93687500 0.47066667 0.93062500 0.46516667 0.91550000 0.42216667 0.17175000 0.42183333 0.12725000 0.44266667 0.12312500 0.49866667 0.12212500 0.50650000 0.12725000 0.53883333 0.91675000
0 0.60700000 0.94437500 0.55000000 0.93937500 0.54283333 0.92850000 0.50950000 0.13250000 0.51100000 0.12312500 0.53000000 0.11962500 0.58733333 0.11912500 0.59183333 0.12625000 0.61716667 0.93000000 0.61550000 0.94150000
0 0.69000000 0.95362500 0.63466667 0.95137500 0.62283333 0.94550000 0.62050000 0.93650000 0.59450000 0.14725000 0.59833333 0.11537500 0.67166667 0.11112500 0.68650000 0.11900000 0.69616667 0.93175000 0.69550000 0.95050000
0 0.75700000 0.96387500 0.71300000 0.96112500 0.70250000 0.94725000 0.69050000 0.12875000 0.69216667 0.11150000 0.70266667 0.10712500 0.77100000 0.11037500 0.77950000 0.11850000 0.78150000 0.95350000 0.77666667 0.96037500
0 0.82400000 0.93812500 0.78966667 0.93587500 0.78250000 0.93150000 0.78150000 0.92125000 0.78116667 0.13450000 0.78333333 0.12687500 0.80633333 0.12637500 0.84366667 0.12687500 0.84950000 0.15350000 0.84450000 0.91500000 0.84250000 0.93350000
0 0.92766667 0.97162500 0.86466667 0.96712500 0.85616667 0.95900000 0.85216667 0.93450000 0.86416667 0.48025000 0.86250000 0.17900000 0.85650000 0.13400000 0.86016667 0.11625000 0.88466667 0.10362500 0.94966667 0.10362500 0.96250000 0.11500000 0.95650000 0.61575000 0.93983333 0.96025000 0.93750000 0.96875000
0 0.98766667 0.94937500 0.94566667 0.94537500 0.94183333 0.93450000 0.96150000 0.59325000 0.96250000 0.13075000 0.96700000 0.11762500 0.99966667 0.11687500 0.99966667 0.94500000
