0 0.06075000 0.83083333 0.02925000 0.83050000 0.02462500 0.82066667 0.00537500 0.24033333 0.00562500 0.20866667 0.01150000 0.20450000 0.08000000 0.20850000 0.08837500 0.21633333 0.09112500 0.50333333 0.09437500 0.64333333 0.09962500 0.68466667 0.10162500 0.81833333 0.09500000 0.82716667
0 0.15125000 0.83216667 0.11175000 0.82650000 0.10737500 0.81966667 0.10637500 0.81066667 0.09137500 0.32300000 0.09112500 0.22066667 0.09800000 0.21683333 0.14375000 0.21350000 0.15137500 0.22000000 0.15212500 0.59200000 0.15812500 0.82633333
0 0.21600000 0.84850000 0.16650000 0.84350000 0.16187500 0.83866667 0.16087500 0.83033333 0.15587500 0.60566667 0.15362500 0.26300000 0.15437500 0.22033333 0.16200000 0.21250000 0.22125000 0.21250000 0.22362500 0.22066667 0.22612500 0.84066667 0.22450000 0.84583333
0 0.28375000 0.85950000 0.23825000 0.85383333 0.23100000 0.85016667 0.22837500 0.84233333 0.22562500 0.26900000 0.22687500 0.22233333 0.23275000 0.21516667 0.28725000 0.21616667 0.29487500 0.22100000 0.29612500 0.23033333 0.29612500 0.84066667 0.29287500 0.85700000
0 0.35525000 0.86983333 0.30600000 0.86650000 0.30112500 0.86200000 0.29937500 0.85133333 0.30062500 0.23200000 0.30212500 0.21900000 0.30900000 0.21416667 0.37200000 0.21550000 0.37737500 0.22066667 0.37162500 0.85766667 0.36950000 0.86716667
0 0.43225000 0.87883333 0.38225000 0.87550000 0.37437500 0.86966667 0.37962500 0.22066667 0.38425000 0.21650000 0.44775000 0.21650000 0.45762500 0.22100000 0.44962500 0.86533333 0.44750000 0.87483333
0 0.51525000 0.88416667 0.46500000 0.88116667 0.45400000 0.87716667 0.45187500 0.87133333 0.45837500 0.29266667 0.46012500 0.23266667 0.46212500 0.22133333 0.46650000 0.21983333 0.53325000 0.21983333 0.53712500 0.22833333 0.53137500 0.47033333 0.52712500 0.87366667 0.52500000 0.88116667
0 0.59175000 0.89083333 0.54875000 0.88816667 0.53175000 0.88183333 0.53012500 0.87366667 0.53162500 0.63800000 0.53987500 0.22866667 0.55075000 0.22083333 0.60950000 0.22116667 0.61937500 0.22800000 0.61212500 0.50933333 0.60762500 0.86666667 0.60462500 0.88700000
0 0.67825000 0.89416667 0.62625000 0.89316667 0.61525000 0.88916667 0.61062500 0.88100000 0.62237500 0.28633333 0.62537500 0.22866667 0.63075000 0.22450000 0.68825000 0.22516667 0.70525000 0.22783333 0.70662500 0.23266667 0.69087500 0.85166667 0.68787500 0.88900000
0 0.71775000 0.89250000 0.69787500 0.88866667 0.69487500 0.85366667 0.70112500 0.52533333 0.71237500 0.23833333 0.71850000 0.23216667 0.78200000 0.23583333 0.78462500 0.24066667 0.78387500 0.28133333 0.76462500 0.88533333 0.76025000 0.89050000
0 0.80750000 0.23333333 0.87583333 0.23555556 0.85250000 0.89555556 0.78583333 0.91000000
0 0.89750000 0.24333333 0.95333333 0.24555556 0.93083333 0.88888889 0.89833333 0.90000000 0.88416667 0.90222222 0.87583333 0.90111111
0 0.97000000 0.24666667 0.99975000 0.24666667 0.99975000 0.85444444 0.99975000 0.89000000 0.93500000 0.89555556
