0 0.04750000 0.29777778 0.11166667 0.29555556 0.17083333 0.89444444 0.11083333 0.90222222
0 0.12500000 0.30444444 0.18333333 0.30333333 0.22666667 0.88777778 0.17916667 0.88777778
0 0.25400000 0.91416667 0.23575000 0.91383333 0.22862500 0.91000000 0.22437500 0.86300000 0.18562500 0.31166667 0.18825000 0.30516667 0.20550000 0.30083333 0.24050000 0.29983333 0.25200000 0.30350000 0.25387500 0.30833333 0.28212500 0.85000000 0.28762500 0.89933333 0.28425000 0.90883333
0 0.31125000 0.91750000 0.29525000 0.91683333 0.28962500 0.90466667 0.25762500 0.35766667 0.25687500 0.30666667 0.26000000 0.29950000 0.27025000 0.29750000 0.32400000 0.29816667 0.33037500 0.30666667 0.35437500 0.90600000 0.34975000 0.91416667
0 0.37350000 0.90850000 0.36387500 0.90633333 0.36037500 0.88933333 0.33712500 0.31066667 0.34200000 0.30350000 0.39000000 0.29916667 0.39925000 0.30116667 0.40262500 0.30733333 0.42037500 0.88900000 0.41575000 0.89816667
0 0.43600000 0.89216667 0.42812500 0.88866667 0.42287500 0.87333333 0.42112500 0.68233333 0.41562500 0.60833333 0.40612500 0.31066667 0.40775000 0.30650000 0.41600000 0.30350000 0.46025000 0.30016667 0.46825000 0.30250000 0.47037500 0.31366667 0.47837500 0.85766667 0.47737500 0.87300000 0.47175000 0.88116667
0 0.49300000 0.89250000 0.48362500 0.88866667 0.48162500 0.85766667 0.47287500 0.30233333 0.47850000 0.29683333 0.53175000 0.29483333 0.53725000 0.29583333 0.53937500 0.30266667 0.54312500 0.87900000 0.54237500 0.88500000 0.53750000 0.88816667
0 0.59300000 0.88250000 0.55125000 0.88116667 0.54525000 0.87950000 0.54387500 0.87433333 0.54012500 0.31000000 0.54312500 0.29900000 0.54850000 0.29616667 0.58875000 0.29416667 0.59650000 0.29483333 0.59962500 0.29866667 0.59712500 0.86933333 0.59587500 0.88100000
0 0.61650000 0.89350000 0.60637500 0.88966667 0.60287500 0.87100000 0.60587500 0.29900000 0.62875000 0.29583333 0.66600000 0.29716667 0.67237500 0.30233333 0.67262500 0.33533333 0.66387500 0.87933333 0.65825000 0.88916667
0 0.68550000 0.88250000 0.66775000 0.88150000 0.66487500 0.87533333 0.67612500 0.30300000 0.68950000 0.29616667 0.72850000 0.29616667 0.73412500 0.29866667 0.73412500 0.33100000 0.71787500 0.87333333 0.71375000 0.87783333
0 0.73775000 0.88783333 0.72500000 0.88516667 0.71912500 0.87400000 0.73112500 0.54333333 0.73612500 0.32266667 0.74025000 0.29783333 0.75225000 0.29350000 0.79950000 0.29150000 0.80350000 0.29283333 0.80587500 0.29966667 0.78012500 0.87700000 0.77175000 0.88216667
0 0.79775000 0.87750000 0.78325000 0.87550000 0.78187500 0.85733333 0.79287500 0.67566667 0.80637500 0.31066667 0.80862500 0.29600000 0.81850000 0.29016667 0.85750000 0.28950000 0.86587500 0.29433333 0.86687500 0.31133333 0.83587500 0.86966667 0.82975000 0.87483333
0 0.85025000 0.87483333 0.84037500 0.87333333 0.83937500 0.85700000 0.84437500 0.75133333 0.85612500 0.60700000 0.86037500 0.47066667 0.87087500 0.30600000 0.87300000 0.29850000 0.88050000 0.29550000 0.92775000 0.29483333 0.93037500 0.30166667 0.92462500 0.41800000 0.89362500 0.86166667 0.89125000 0.86650000 0.88450000 0.86950000
0 0.91075000 0.86050000 0.89662500 0.85766667 0.89737500 0.81933333 0.91062500 0.66266667 0.93112500 0.30433333 0.93262500 0.29533333 0.93575000 0.29250000 0.97850000 0.29083333 0.98187500 0.29500000 0.94112500 0.85366667 0.93550000 0.85783333
0 0.96150000 0.85616667 0.94375000 0.85383333 0.94312500 0.83800000 0.96487500 0.57400000 0.98212500 0.29933333 0.98675000 0.29216667 0.99975000 0.29150000 0.99975000 0.83600000 0.99812500 0.83633333 0.99662500 0.85000000 0.99175000 0.85383333
