0 0.05600000 0.83750000 0.02987500 0.83400000 0.02137500 0.64633333 0.01412500 0.52900000 0.00462500 0.31733333 0.00108696 0.26376812 0.03925000 0.26616667 0.04212500 0.26800000 0.04337500 0.27566667 0.06287500 0.72400000 0.06937500 0.82266667 0.06775000 0.83450000
0 0.09300000 0.83583333 0.07250000 0.83516667 0.07012500 0.83066667 0.05537500 0.52166667 0.05212500 0.40066667 0.04487500 0.28400000 0.04512500 0.27566667 0.05275000 0.27050000 0.07675000 0.27150000 0.08500000 0.27516667 0.08587500 0.27866667 0.09787500 0.64800000 0.10612500 0.82166667 0.10400000 0.83283333
0 0.13200000 0.83483333 0.11150000 0.83450000 0.10737500 0.82666667 0.08687500 0.29566667 0.08712500 0.27633333 0.09125000 0.27350000 0.12250000 0.27383333 0.12587500 0.28266667 0.14212500 0.82500000 0.14075000 0.83183333
0 0.12608696 0.27173913 0.16521739 0.27246377 0.17608696 0.83405797 0.14293478 0.83623188
0 0.16630435 0.27536232 0.20217391 0.27826087 0.21086957 0.83550725 0.17880435 0.83623188
0 0.20380435 0.27971014 0.24456522 0.27971014 0.24782609 0.84202899 0.21250000 0.83985507
0 0.27775000 0.84216667 0.25175000 0.83983333 0.24962500 0.83500000 0.24612500 0.40833333 0.24612500 0.29900000 0.24825000 0.28250000 0.27850000 0.28216667 0.28187500 0.28700000 0.28162500 0.83866667
0 0.31075000 0.84616667 0.28700000 0.84483333 0.28337500 0.84200000 0.28287500 0.83466667 0.28212500 0.34566667 0.28312500 0.29733333 0.28725000 0.28516667 0.31525000 0.28683333 0.31887500 0.29666667 0.31537500 0.84233333
0 0.34500000 0.85216667 0.32250000 0.85116667 0.31662500 0.84300000 0.32012500 0.30166667 0.32112500 0.29100000 0.32500000 0.28916667 0.35400000 0.29016667 0.35787500 0.30200000 0.35112500 0.84966667
0 0.38125000 0.85516667 0.35375000 0.85150000 0.35162500 0.84433333 0.35887500 0.45066667 0.35837500 0.29900000 0.36150000 0.29116667 0.39275000 0.29350000 0.39762500 0.29800000 0.38612500 0.85066667
0 0.41800000 0.85983333 0.39250000 0.85750000 0.38787500 0.85300000 0.38737500 0.84366667 0.39787500 0.43566667 0.39887500 0.30033333 0.39987500 0.29533333 0.40375000 0.29383333 0.43550000 0.29683333 0.43862500 0.30266667 0.42237500 0.85233333 0.42187500 0.85733333
0 0.45450000 0.86116667 0.42800000 0.85950000 0.42437500 0.85066667 0.43937500 0.31600000 0.44037500 0.30266667 0.44325000 0.29816667 0.47425000 0.29950000 0.47812500 0.30566667 0.45937500 0.85500000
0 0.48650000 0.85950000 0.46250000 0.85783333 0.46037500 0.84200000 0.47837500 0.34833333 0.48250000 0.30150000 0.51375000 0.30216667 0.51687500 0.30633333 0.51562500 0.36233333 0.49437500 0.85266667 0.49250000 0.85783333
0 0.52600000 0.85916667 0.49875000 0.85750000 0.49612500 0.85400000 0.49587500 0.84066667 0.51787500 0.32566667 0.52112500 0.30300000 0.53350000 0.30250000 0.55300000 0.30550000 0.55462500 0.31600000 0.52962500 0.85000000
0 0.55350000 0.86083333 0.53250000 0.85950000 0.53037500 0.84933333 0.55612500 0.31066667 0.56075000 0.30516667 0.59200000 0.30616667 0.59337500 0.32300000 0.57887500 0.59300000 0.56287500 0.85766667
0 0.59575000 0.86616667 0.56825000 0.86183333 0.56387500 0.85466667 0.59462500 0.31300000 0.59600000 0.30650000 0.60275000 0.30583333 0.63050000 0.30883333 0.63237500 0.31533333 0.60812500 0.73366667 0.59987500 0.85700000
0 0.62700000 0.85783333 0.60225000 0.85416667 0.60087500 0.84600000 0.60512500 0.82366667 0.60587500 0.76633333 0.60962500 0.73400000 0.63387500 0.31766667 0.63825000 0.31150000 0.67000000 0.31216667 0.67062500 0.33733333 0.64112500 0.70866667 0.63912500 0.76700000 0.63162500 0.84933333
0 0.66625000 0.86850000 0.63875000 0.86683333 0.63387500 0.85833333 0.63387500 0.84933333 0.67237500 0.31766667 0.67650000 0.31283333 0.70200000 0.31416667 0.70925000 0.31583333 0.71112500 0.32133333 0.70687500 0.34966667 0.70262500 0.45933333 0.67162500 0.85800000 0.67087500 0.86566667
0 0.71250000 0.31449275 0.75054348 0.31666667 0.70597826 0.86956522 0.66956522 0.87028986
0 0.73075000 0.86983333 0.70900000 0.86650000 0.70787500 0.85666667 0.72562500 0.65766667 0.74187500 0.42366667 0.74887500 0.37566667 0.75037500 0.33200000 0.75162500 0.32233333 0.75600000 0.31783333 0.78325000 0.32050000 0.78537500 0.33166667 0.78037500 0.41233333 0.74512500 0.82666667 0.74087500 0.86533333
0 0.76666304 0.87250000 0.74291304 0.86983333 0.74128804 0.85600000 0.76728804 0.58533333 0.78858696 0.32173913 0.79619565 0.32101449 0.82119565 0.32173913 0.82653804 0.33100000 0.81028804 0.52000000 0.77603804 0.86533333 0.77466304 0.87016667
0 0.80750000 0.87350000 0.78125000 0.87116667 0.77787500 0.86400000 0.80387500 0.60766667 0.81462500 0.45566667 0.82337500 0.39800000 0.82787500 0.32833333 0.83350000 0.32483333 0.85775000 0.32550000 0.86162500 0.32800000 0.86162500 0.33800000 0.84262500 0.56466667 0.81162500 0.86800000
0 0.84225000 0.87483333 0.81450000 0.87216667 0.81262500 0.86433333 0.83662500 0.63833333 0.86037500 0.35633333 0.86525000 0.32850000 0.90000000 0.32983333 0.90087500 0.34600000 0.88762500 0.46266667 0.87812500 0.58133333 0.85012500 0.82600000
0 0.87725000 0.87916667 0.85125000 0.87716667 0.84737500 0.87400000 0.84687500 0.86933333 0.89962500 0.37666667 0.90387500 0.33600000 0.90825000 0.33016667 0.93950000 0.33316667 0.93987500 0.35300000 0.93262500 0.42533333 0.90962500 0.64266667 0.88537500 0.85066667 0.88162500 0.87700000
0 0.94130435 0.33043478 0.98260870 0.33478261 0.91684783 0.88260870 0.88369565 0.87826087
0 0.98804348 0.33840580 0.99891304 0.33913043 0.99945652 0.54420290 0.99782609 0.54420290 0.95271739 0.88695652 0.91576087 0.88478261
