0 0.05392157 0.75224673 0.04427083 0.74836601 0.03661152 0.65114379 0.01271446 0.25816993 0.01210172 0.23570261 0.01363358 0.22875817 0.01623775 0.22814542 0.09528186 0.23917484 0.10554534 0.24428105 0.10707721 0.38071895 0.12484681 0.73733660 0.12377451 0.74080882 0.11458333 0.74448529
0 0.18566176 0.74979575 0.13480392 0.74448529 0.12775735 0.74080882 0.12637868 0.73692810 0.11014093 0.43014706 0.10615809 0.27410131 0.10370711 0.25612745 0.10370711 0.24836601 0.10723039 0.24325980 0.16758578 0.24448529 0.17953431 0.24816176 0.18612132 0.25531046 0.18857230 0.31862745 0.18673407 0.35089869 0.18979779 0.36846405 0.19653799 0.71446078 0.19500613 0.74428105
0 0.25735294 0.75347222 0.21599265 0.74979575 0.20159314 0.74693627 0.19868260 0.74305556 0.18918505 0.26102941 0.18918505 0.25285948 0.19301471 0.25020425 0.22487745 0.24897876 0.25245098 0.25183824 0.26041667 0.25592320 0.26240809 0.26021242 0.26393995 0.33496732 0.26393995 0.34967320 0.26639093 0.73366013 0.26516544 0.74877451
0 0.32904412 0.75306373 0.27144608 0.75061275 0.26792279 0.74387255 0.26424632 0.27614379 0.26455270 0.26021242 0.26746324 0.25796569 0.32843137 0.26368464 0.33700980 0.26776961 0.34022672 0.27491830 0.33838848 0.33782680 0.33777574 0.73080065 0.33655025 0.74836601
0 0.36580882 0.75633170 0.34252451 0.75388072 0.33961397 0.74673203 0.34298407 0.27532680 0.34558824 0.26736111 0.35355392 0.26654412 0.41237745 0.27512255 0.41375613 0.27941176 0.40640319 0.74468954 0.40196078 0.75102124
0 0.42028640 0.27305737 0.48326298 0.28516098 0.47248321 0.74207214 0.41177605 0.74736747
0 0.53431373 0.76000817 0.48284314 0.75428922 0.47778799 0.75081699 0.47533701 0.74305556 0.48514093 0.32434641 0.48728554 0.28758170 0.49019608 0.28206699 0.55300245 0.28206699 0.55744485 0.28676471 0.53998162 0.73978758 0.53906250 0.75571895
0 0.57628676 0.76858660 0.54993873 0.76776961 0.54396446 0.76348039 0.54212623 0.75653595 0.55989583 0.28635621 0.56678922 0.27920752 0.62591912 0.28370098 0.63112745 0.28574346 0.63281250 0.29125817 0.62821691 0.33619281 0.62392770 0.45506536 0.60983456 0.67687908 0.60738358 0.75980392 0.60386029 0.76654412
0 0.67003676 0.77226307 0.63296569 0.77185458 0.61550245 0.76940359 0.60952819 0.76388889 0.61412377 0.64215686 0.63311887 0.30065359 0.63541667 0.29227941 0.64613971 0.28696895 0.69546569 0.28860294 0.70526961 0.28982843 0.70695466 0.29289216 0.67968750 0.67483660 0.67509191 0.76797386
0 0.73713235 0.77757353 0.68964461 0.77593954 0.67892157 0.77226307 0.67662377 0.76756536 0.70664828 0.31617647 0.70787377 0.30228758 0.71155025 0.29166667 0.71660539 0.29023693 0.77573529 0.29309641 0.77895221 0.29575163 0.74157475 0.76552288 0.74065564 0.77369281
0 0.81495098 0.79023693 0.75980392 0.78574346 0.74754902 0.78084150 0.74218750 0.77205882 0.77833946 0.32189542 0.78201593 0.29575163 0.78799020 0.29105392 0.85906863 0.29268791 0.86259191 0.29493464 0.86259191 0.30433007 0.85830270 0.36070261 0.81939338 0.78390523
0 0.88020833 0.79146242 0.83026961 0.78737745 0.82184436 0.77818627 0.82950368 0.67687908 0.84359681 0.54575163 0.86443015 0.30800654 0.86580882 0.30371732 0.88082108 0.29677288 0.93351716 0.29799837 0.93765319 0.30228758 0.93612132 0.33006536 0.92539828 0.41258170 0.92080270 0.47099673 0.91375613 0.52001634 0.90579044 0.61070261 0.89139093 0.72303922 0.88556985 0.78799020
0 0.95530365 0.29423868 0.99842275 0.29726458 0.99899011 0.54917090 0.96948756 0.80334665 0.89856799 0.80183370
