0 0.014411394561845734 0.04920632343376315 0.043440771643218065 0.5568057169709023 0.12969949211358156 0.5579115980025736 0.1064759904484837 0.0680063009721757
0 0.10979363354349768 0.06137101478214775 0.12969949211358156 0.5601233600659162 0.2151288018101916 0.5656527652242729 0.19605235401386117 0.07021806303551836
0 0.2167876233576986 0.07906511128888898 0.23752289270153595 0.5656527652242729 0.3171463269818715 0.5612292410975875 0.3013875222805551 0.09344156470061624
0 0.30553457614932256 0.0923356836689449 0.3204639700768855 0.5656527652242729 0.39345211816719305 0.5667586462559442 0.38764624275091863 0.09675920779563021
0 0.39345211816719305 0.09344156470061624 0.4714167309000216 0.09786508882730154 0.47224614167377515 0.5711821703826295 0.39925799358346753 0.5700762893509582
0 0.48136966018506355 0.10228861295398683 0.5568460405966317 0.11113566120735745 0.5493813436328502 0.5700762893509582 0.47805201709004963 0.5711821703826295
0 0.570946023750441 0.10118273192231551 0.6439341718407486 0.11445330430237145 0.6273459563656788 0.5722880514143008 0.5609930944653991 0.5767115755409862
0 0.6439341718407486 0.12993563874577002 0.7102870337410283 0.13214740080911266 0.6953576398134653 0.5722880514143008 0.6298341886869392 0.5733939324459723
0 0.7152634983835492 0.13657092493579798 0.7915692895688708 0.133253281840784 0.7691751986775264 0.5789233376043288 0.7003341044559863 0.5767115755409862
0 0.8189398451027362 0.11777094739738542 0.8894397608717831 0.12440623358741339 0.8595809730166573 0.5844527427626854 0.7890810572476104 0.5844527427626854
0 0.8960750470618111 0.12661799565075604 0.9665749628308583 0.12993563874577002 0.9342279426544718 0.5877703858576995 0.8637280268854248 0.5855586237943569
