0 0.08083333 0.00000000 0.11416667 0.00444444 0.07416667 0.61888889 0.06166667 0.32888889
0 0.13083333 0.00333333 0.15416667 0.00111111 0.10583333 0.81888889 0.08000000 0.82000000 0.07250000 0.70888889
0 0.13775000 0.82150000 0.11525000 0.81983333 0.11087500 0.80633333 0.13087500 0.41600000 0.15812500 0.00566667 0.15875000 0.00016667 0.19550000 0.00016667 0.15687500 0.58766667 0.14512500 0.81833333
0 0.15825000 0.82116667 0.15562500 0.80633333 0.19662500 0.07833333 0.20287500 0.00033333 0.23750000 0.00016667 0.19937500 0.57400000 0.18650000 0.82250000
0 0.23083333 0.83111111 0.20400000 0.82716667 0.19962500 0.82266667 0.19862500 0.80933333 0.22837500 0.27833333 0.25062500 0.00033333 0.28075000 0.00016667 0.25287500 0.42766667 0.24337500 0.58833333 0.23937500 0.67800000
0 0.26850000 0.83216667 0.24425000 0.82883333 0.24037500 0.81366667 0.27887500 0.10333333 0.28537500 0.00033333 0.32000000 0.00016667 0.29837500 0.36433333 0.27937500 0.71300000 0.27662500 0.82566667
0 0.31550000 0.82850000 0.29200000 0.82650000 0.28862500 0.79833333 0.31737500 0.23833333 0.33287500 0.00033333 0.36500000 0.00016667 0.32412500 0.81133333 0.32262500 0.82433333
0 0.35800000 0.82783333 0.33025000 0.82683333 0.32712500 0.81566667 0.36062500 0.19000000 0.37387500 0.00033333 0.40925000 0.00016667 0.36312500 0.81066667 0.36162500 0.82500000
0 0.39350000 0.82850000 0.36800000 0.82550000 0.36462500 0.81766667 0.40687500 0.09000000 0.41362500 0.00033333 0.45050000 0.00016667 0.40762500 0.73300000 0.40087500 0.82300000
0 0.43200000 0.83150000 0.40825000 0.82783333 0.40587500 0.81766667 0.45112500 0.02533333 0.45375000 0.00016667 0.48675000 0.00016667 0.44062500 0.81166667 0.43887500 0.82766667
0 0.47000000 0.83916667 0.44425000 0.83416667 0.44162500 0.81900000 0.48637500 0.08433333 0.49237500 0.00033333 0.52800000 0.00016667 0.49812500 0.50233333 0.48637500 0.62633333 0.47712500 0.83166667
0 0.50275000 0.83750000 0.48275000 0.83516667 0.48087500 0.81433333 0.53212500 0.03733333 0.53650000 0.00016667 0.56525000 0.00016667 0.56012500 0.14300000 0.51362500 0.83033333 0.51000000 0.83650000
0 0.53900000 0.83883333 0.51800000 0.83650000 0.51562500 0.82766667 0.57137500 0.02000000 0.57400000 0.00016667 0.60800000 0.00016667 0.54962500 0.82700000 0.54700000 0.83616667
0 0.58800000 0.84483333 0.56200000 0.84316667 0.55587500 0.82633333 0.58637500 0.35733333 0.61212500 0.00033333 0.64650000 0.00016667 0.63962500 0.15433333 0.59237500 0.82200000
0 0.61650000 0.84750000 0.59550000 0.84616667 0.59162500 0.83800000 0.65037500 0.03466667 0.65425000 0.00016667 0.68700000 0.00016667 0.67037500 0.26400000 0.64037500 0.60400000 0.62462500 0.83900000 0.62325000 0.84616667
0 0.65200000 0.85083333 0.63125000 0.84883333 0.62612500 0.84000000 0.68937500 0.03266667 0.69250000 0.00016667 0.72675000 0.00016667 0.71712500 0.16266667 0.66812500 0.76066667 0.65987500 0.84566667
0 0.69375000 0.85116667 0.66600000 0.84616667 0.66462500 0.83600000 0.73162500 0.01733333 0.73400000 0.00016667 0.76675000 0.00016667 0.74837500 0.26266667 0.71862500 0.58700000 0.71737500 0.63700000 0.69862500 0.83833333
0 0.73725000 0.85116667 0.70875000 0.84750000 0.70837500 0.81433333 0.74912500 0.33466667 0.77087500 0.02000000 0.77350000 0.00016667 0.80650000 0.00016667 0.76187500 0.61133333 0.74212500 0.84566667
0 0.77150000 0.85016667 0.74875000 0.84783333 0.74487500 0.84066667 0.78137500 0.40533333 0.78987500 0.26166667 0.79562500 0.22566667 0.79887500 0.13733333 0.81062500 0.00566667 0.81350000 0.00016667 0.83775000 0.00016667 0.83562500 0.07433333 0.79562500 0.62533333 0.77737500 0.84400000
0 0.85333333 0.00333333 0.88833333 0.00333333 0.82416667 0.86666667 0.79583333 0.86000000
