0 0.02632401 0.19944252 0.09721021 0.20985518 0.13025038 0.78976035 0.05816273 0.80497885
0 0.09961313 0.20745226 0.18131248 0.20825324 0.21134900 0.77774574 0.14947376 0.78175061
0 0.19633074 0.22347174 0.26421328 0.22267077 0.27562716 0.78335256 0.21495338 0.77854671
0 0.27082132 0.23308343 0.33329729 0.23628733 0.33810313 0.77934769 0.27983228 0.78014866
0 0.38541667 0.79227941 0.34589461 0.78982843 0.33716299 0.77982026 0.33992034 0.73651961 0.33655025 0.68995098 0.33471201 0.36356209 0.33655025 0.33006536 0.33409926 0.31331699 0.33348652 0.25367647 0.33409926 0.23651961 0.34099265 0.23018791 0.39093137 0.23223039 0.39950980 0.23590686 0.40242034 0.24428105 0.39996936 0.78308824 0.39613971 0.78982843
0 0.45251225 0.79227941 0.40778186 0.78982843 0.40456495 0.78758170 0.40364583 0.77982026 0.40333946 0.36029412 0.40425858 0.34150327 0.40609681 0.24428105 0.41176471 0.23590686 0.45680147 0.23999183 0.46798407 0.25204248 0.46920956 0.35988562 0.46859681 0.45833333 0.46737132 0.53962418 0.46277574 0.60253268 0.46461397 0.78758170
0 0.49448529 0.79391340 0.47150735 0.79227941 0.46859681 0.78880719 0.46798407 0.78104575 0.47043505 0.36887255 0.47349877 0.33823529 0.47380515 0.25122549 0.47564338 0.24060458 0.48161765 0.23549837 0.53339461 0.24366830 0.53722426 0.24795752 0.53324142 0.52900327 0.52895221 0.61478758 0.52833946 0.78349673 0.52267157 0.79268791
0 0.54289216 0.79595588 0.53293505 0.79084967 0.53140319 0.77818627 0.53232230 0.62254902 0.54151348 0.25122549 0.54442402 0.24407680 0.55453431 0.24244281 0.59803922 0.24775327 0.60248162 0.25204248 0.60125613 0.36928105 0.58992034 0.71241830 0.59053309 0.78431373 0.58823529 0.78941993 0.58333333 0.79146242
0 0.60814951 0.79391340 0.59512868 0.79084967 0.59298407 0.76838235 0.60309436 0.35743464 0.60677083 0.25490196 0.61121324 0.24979575 0.62898284 0.24775327 0.66084559 0.25592320 0.66436887 0.26674837 0.65670956 0.54575163 0.64935662 0.70915033 0.64905025 0.77573529 0.64644608 0.78737745
0 0.66268382 0.78901144 0.65287990 0.78410948 0.65058211 0.77777778 0.65609681 0.57066993 0.66865809 0.26879085 0.67310049 0.26000817 0.68075980 0.25714869 0.72150735 0.25959967 0.72564338 0.26388889 0.72625613 0.27083333 0.72227328 0.35212418 0.71859681 0.53594771 0.71461397 0.56944444 0.70818015 0.71282680 0.70787377 0.78104575 0.70159314 0.78737745
0 0.71875000 0.78370098 0.71292892 0.78329248 0.71032475 0.77941176 0.71032475 0.75776144 0.72349877 0.37295752 0.72594975 0.35866013 0.72717525 0.27736928 0.72931985 0.26797386 0.73223039 0.26531863 0.77175245 0.26899510 0.77864583 0.27573529 0.77895221 0.29942810 0.76639093 0.55187908 0.76210172 0.59109477 0.75474877 0.77001634 0.75091912 0.77716503
0 0.78737745 0.78206699 0.76715686 0.78125000 0.75980392 0.77757353 0.75750613 0.77287582 0.76087623 0.70547386 0.75934436 0.69730392 0.78170956 0.29166667 0.78416054 0.27532680 0.78829657 0.27062908 0.83455882 0.27144608 0.83992034 0.27655229 0.83992034 0.30147059 0.82797181 0.54861111 0.82521446 0.56086601 0.81755515 0.70751634 0.81632966 0.77205882 0.81219363 0.78084150
0 0.87408088 0.78615196 0.82996324 0.78370098 0.82199755 0.78043301 0.81969975 0.77369281 0.82123162 0.69852941 0.83685662 0.38848039 0.83992034 0.35743464 0.84206495 0.30678105 0.84543505 0.27655229 0.85324755 0.27062908 0.89736520 0.27185458 0.90563725 0.27512255 0.90670956 0.28267974 0.89445466 0.53063725 0.89200368 0.55718954 0.88740809 0.57475490 0.88005515 0.78063725
0 0.91115196 0.78982843 0.89399510 0.78778595 0.88342525 0.77573529 0.88710172 0.73325163 0.88710172 0.68096405 0.90364583 0.38521242 0.90854779 0.36192810 0.91130515 0.29044118 0.91513480 0.27553105 0.93382353 0.27348856 0.96461397 0.27982026 0.96461397 0.31495098 0.96032475 0.36519608 0.95327819 0.53594771 0.94623162 0.61519608 0.94132966 0.71160131 0.94071691 0.78390523 0.93658088 0.78860294
0 0.98774510 0.79064542 0.95036765 0.78819444 0.94439338 0.78308824 0.94286152 0.77736928 0.94592525 0.71691176 0.94408701 0.71282680 0.94592525 0.65277778 0.96124387 0.38521242 0.96492034 0.36928105 0.96737132 0.30310458 0.97012868 0.28186275 0.98192402 0.27553105 0.99969363 0.27777778 0.99969363 0.78717320
