0 0.00083158 0.04948646 0.03890931 0.05240430 0.07436099 0.45681606 0.03672094 0.46206816 0.00039391 0.17553688
0 0.05291492 0.06582633 0.10193452 0.06991130 0.13957458 0.45506536 0.10018382 0.46265173 0.06735819 0.20704949
0 0.14736520 0.46139706 0.14215686 0.45976307 0.14047181 0.45465686 0.12974877 0.35253268 0.12545956 0.28635621 0.12178309 0.26756536 0.11504289 0.20588235 0.10370711 0.07312092 0.10447304 0.06842320 0.10876225 0.06678922 0.14644608 0.06719771 0.15180760 0.07230392 0.16406250 0.22181373 0.17049632 0.27042484 0.17202819 0.30187908 0.17907475 0.35661765 0.17999387 0.37704248 0.18642770 0.42034314 0.18918505 0.45098039 0.18658088 0.45649510
0 0.20067402 0.46180556 0.19362745 0.46180556 0.19163603 0.45915033 0.18826593 0.43668301 0.15732230 0.13643791 0.15272672 0.07883987 0.15410539 0.07209967 0.19699755 0.07209967 0.20021446 0.08006536 0.21829044 0.24877451 0.22503064 0.29084967 0.23391544 0.37173203 0.23667279 0.38316993 0.24280025 0.44362745 0.24494485 0.45057190 0.24433211 0.45588235 0.24080882 0.45772059
0 0.25612745 0.46098856 0.24816176 0.45976307 0.24617034 0.45343137 0.21430760 0.17401961 0.21124387 0.16258170 0.20389093 0.09967320 0.20297181 0.08374183 0.20496324 0.08026961 0.22518382 0.08149510 0.24157475 0.08823529 0.25719975 0.16911765 0.27190564 0.27165033 0.28844975 0.41258170 0.29365809 0.43954248 0.29365809 0.45506536 0.28462010 0.45853758
0 0.31219363 0.46466503 0.30912990 0.46343954 0.30591299 0.45792484 0.28262868 0.32720588 0.25750613 0.16217320 0.24525123 0.09313725 0.24188113 0.08415033 0.24218750 0.07638889 0.24816176 0.07332516 0.27420343 0.07209967 0.28814338 0.07720588 0.30775123 0.18586601 0.32092525 0.27124183 0.32674632 0.29493464 0.33593750 0.36437908 0.34267770 0.39133987 0.35156250 0.45220588 0.34589461 0.45690359
0 0.36243873 0.46507353 0.35768995 0.46282680 0.35248162 0.44281046 0.29457721 0.08374183 0.29335172 0.07107843 0.29503676 0.06556373 0.33792892 0.06311275 0.34298407 0.07107843 0.34482230 0.07965686 0.36106005 0.19117647 0.37270221 0.25408497 0.39966299 0.45098039 0.39675245 0.45690359 0.39276961 0.45853758
0 0.41421569 0.46425654 0.40778186 0.46425654 0.40425858 0.46119281 0.39843750 0.43300654 0.35278799 0.07802288 0.35309436 0.06168301 0.35784314 0.05861928 0.38909314 0.06025327 0.39675245 0.06392974 0.40150123 0.09272876 0.44500613 0.44934641 0.44301471 0.45772059
0 0.45802696 0.46466503 0.45067402 0.46425654 0.44592525 0.45261438 0.44163603 0.39950980 0.42264093 0.24836601 0.41743260 0.17401961 0.41130515 0.12949346 0.40732230 0.07720588 0.40824142 0.06290850 0.41574755 0.05821078 0.45098039 0.06025327 0.45572917 0.06821895 0.49034926 0.45424837 0.48943015 0.45915033 0.48621324 0.46098856
0 0.50704657 0.46466503 0.49417892 0.46466503 0.49126838 0.45915033 0.46522672 0.15482026 0.46032475 0.06985294 0.46292892 0.06352124 0.47763480 0.06066176 0.49816176 0.06025327 0.50352328 0.06454248 0.53048407 0.42483660 0.53201593 0.45955882 0.52941176 0.46180556
0 0.54932598 0.46466503 0.53737745 0.46425654 0.53507966 0.45955882 0.51393995 0.09517974 0.51363358 0.04125817 0.51776961 0.03737745 0.55698529 0.03819444 0.56112132 0.04044118 0.56265319 0.04861111 0.58348652 0.45669935 0.58057598 0.46139706
0 0.60140931 0.46466503 0.58731618 0.46384804 0.58471201 0.45138889 0.56632966 0.06617647 0.56724877 0.04901961 0.57138480 0.04432190 0.57781863 0.04309641 0.60906863 0.04268791 0.61259191 0.04493464 0.61320466 0.04861111 0.62760417 0.45669935 0.62699142 0.46037582 0.62408088 0.46221405
0 0.64491422 0.46425654 0.63296569 0.46262255 0.63066789 0.45996732 0.62974877 0.45098039 0.62944240 0.38888889 0.62607230 0.35743464 0.62484681 0.28390523 0.61534926 0.06576797 0.61534926 0.05678105 0.61749387 0.05187908 0.62683824 0.04391340 0.65747549 0.04881536 0.66253064 0.05310458 0.66314338 0.05759804 0.66712623 0.29656863 0.67202819 0.45138889 0.66973039 0.46098856
0 0.68474265 0.46425654 0.67708333 0.46303105 0.67417279 0.45220588 0.67509191 0.40931373 0.67202819 0.38521242 0.66436887 0.09232026 0.66467525 0.05555556 0.66942402 0.04758987 0.67708333 0.04473039 0.70925245 0.04799837 0.71124387 0.05228758 0.71185662 0.06658497 0.71675858 0.45751634 0.71323529 0.46180556
0 0.73713235 0.46343954 0.72395833 0.46343954 0.71890319 0.45792484 0.71829044 0.28594771 0.71583946 0.23120915 0.71645221 0.12949346 0.71338848 0.05269608 0.71645221 0.04370915 0.72457108 0.03696895 0.75612745 0.03656046 0.76378676 0.03778595 0.76608456 0.04411765 0.76914828 0.45710784 0.76776961 0.46058007
0 0.78768382 0.46343954 0.77205882 0.46180556 0.76976103 0.45179739 0.76945466 0.05147059 0.77573529 0.04391340 0.81464461 0.04391340 0.81694240 0.04738562 0.81724877 0.05392157 0.81602328 0.20547386 0.81326593 0.27369281 0.81357230 0.45710784 0.81096814 0.46098856
0 0.82843137 0.46221405 0.81832108 0.46221405 0.81295956 0.45915033 0.81479779 0.41258170 0.81786152 0.05555556 0.82046569 0.05004085 0.82444853 0.04840686 0.85876225 0.04718137 0.86228554 0.04901961 0.86289828 0.05637255 0.85585172 0.45547386 0.85416667 0.45935458 0.85018382 0.46098856
0 0.88082108 0.46139706 0.86305147 0.46017157 0.86044730 0.45220588 0.86228554 0.39052288 0.86075368 0.37295752 0.86259191 0.28553922 0.86443015 0.22467320 0.86534926 0.17034314 0.86443015 0.05964052 0.86550245 0.05575980 0.87653186 0.04758987 0.90808824 0.04758987 0.91191789 0.04942810 0.91314338 0.05433007 0.90701593 0.16380719 0.90609681 0.23692810 0.90333946 0.34722222 0.89905025 0.45506536 0.89675245 0.46017157
0 0.94183298 0.03256303 0.98122374 0.04248366 0.95540091 0.46031746 0.91951155 0.45915033
0 0.06188725 0.89930556 0.05698529 0.89930556 0.05407475 0.89665033 0.05070466 0.87173203 0.02558211 0.54534314 0.02527574 0.53676471 0.02910539 0.53288399 0.06832108 0.53165850 0.07123162 0.53676471 0.07061887 0.55923203 0.08072917 0.70588235 0.08011642 0.71405229 0.08409926 0.73488562 0.09451593 0.89256536 0.09221814 0.89522059 0.08547794 0.89685458
0 0.11151961 0.89848856 0.09987745 0.89848856 0.09757966 0.89665033 0.09451593 0.87418301 0.08624387 0.75612745 0.08624387 0.73202614 0.07613358 0.63276144 0.07061887 0.54942810 0.07153799 0.53676471 0.07659314 0.53451797 0.11151961 0.53370098 0.11596201 0.54003268 0.12637868 0.69158497 0.14353554 0.88684641 0.14292279 0.89093137 0.13970588 0.89399510
0 0.16023284 0.89562908 0.15012255 0.89562908 0.14537377 0.89256536 0.14200368 0.86274510 0.12055760 0.59436275 0.11657475 0.56127451 0.11626838 0.54044118 0.12285539 0.53656046 0.16360294 0.53615196 0.16957721 0.54125817 0.17202819 0.60089869 0.18275123 0.72957516 0.19132966 0.86928105 0.18949142 0.88929739 0.18719363 0.89236111
0 0.21752451 0.89031863 0.19546569 0.88909314 0.19224877 0.87173203 0.18305760 0.71364379 0.17141544 0.56168301 0.17080270 0.54125817 0.17371324 0.53778595 0.21537990 0.53656046 0.21966912 0.53737745 0.22196691 0.54084967 0.22288603 0.60049020 0.22962623 0.70220588 0.23728554 0.86397059 0.23606005 0.88562092 0.23314951 0.88909314
0 0.24877451 0.88827614 0.24080882 0.88664216 0.23881740 0.88031046 0.22748162 0.65441176 0.22288603 0.56495098 0.22227328 0.54534314 0.22457108 0.54023693 0.26041667 0.54023693 0.26302083 0.54452614 0.26884191 0.68259804 0.27558211 0.88112745 0.26531863 0.88623366
0 0.31219363 0.89358660 0.28431373 0.89317810 0.27941176 0.89113562 0.27711397 0.88480392 0.27159926 0.74714052 0.26761642 0.64583333 0.26332721 0.56086601 0.26332721 0.54534314 0.26501225 0.54105392 0.29993873 0.54064542 0.30468750 0.54493464 0.31632966 0.87745098 0.31602328 0.89093137
0 0.33762255 0.89358660 0.32230392 0.89317810 0.31862745 0.89195261 0.31694240 0.88888889 0.30867034 0.61070261 0.30499387 0.54575163 0.30729167 0.54105392 0.31035539 0.53941993 0.34834559 0.53941993 0.35156250 0.54330065 0.35891544 0.88888889 0.35416667 0.89276961
0 0.36734069 0.89971405 0.36519608 0.89971405 0.36259191 0.89501634 0.36014093 0.84477124 0.35493260 0.54738562 0.35753676 0.54227941 0.39276961 0.54268791 0.39537377 0.54534314 0.40150123 0.89011438 0.40012255 0.89317810 0.39215686 0.89685458
0 0.42922794 0.89440359 0.40533088 0.89399510 0.40211397 0.88888889 0.40150123 0.77532680 0.39935662 0.72222222 0.39690564 0.54861111 0.39797794 0.54432190 0.40257353 0.54227941 0.43658088 0.54187092 0.44041054 0.54534314 0.44224877 0.88643791 0.43995098 0.89317810
0 0.45680147 0.89276961 0.44730392 0.89236111 0.44255515 0.88888889 0.44102328 0.54901961 0.44362745 0.54268791 0.47886029 0.54227941 0.48207721 0.54534314 0.48238358 0.88480392 0.47886029 0.88991013
0 0.49111520 0.89072712 0.48713235 0.88909314 0.48452819 0.88235294 0.48422181 0.54697712 0.48529412 0.54391340 0.48927696 0.54227941 0.52083333 0.54268791 0.52313113 0.54493464 0.52343750 0.54820261 0.52159926 0.87009804 0.52006740 0.87704248 0.51562500 0.88133170
0 0.53002451 0.87397876 0.52481618 0.87357026 0.52251838 0.86968954 0.52343750 0.54452614 0.52726716 0.54064542 0.55729167 0.53982843 0.55989583 0.54125817 0.56112132 0.54493464 0.56204044 0.56454248 0.56020221 0.69199346 0.55867034 0.71282680 0.55958946 0.76838235 0.55805760 0.86519608 0.55208333 0.87071078
0 0.57689951 0.88255719 0.56464461 0.88133170 0.56050858 0.87336601 0.55928309 0.86560458 0.56295956 0.56209150 0.56479779 0.54861111 0.56862745 0.54227941 0.60416667 0.54105392 0.60646446 0.54452614 0.60554534 0.65849673 0.60125613 0.87581699 0.59987745 0.87847222 0.59221814 0.88092320
0 0.62438725 0.88010621 0.60784314 0.87969771 0.60263480 0.87724673 0.60156250 0.87418301 0.60523897 0.73325163 0.60646446 0.55555556 0.60768995 0.54575163 0.61121324 0.54187092 0.64307598 0.54146242 0.64598652 0.54534314 0.64598652 0.55106209 0.63832721 0.87173203 0.63710172 0.87704248 0.63480392 0.87888072
0 0.65734419 0.54260037 0.69367122 0.54026611 0.68579307 0.88573763 0.64990371 0.88865546
0 0.78908438 0.54084967 0.83066352 0.54610177 0.81446954 0.89682540 0.77639181 0.89799253
0 0.82978817 0.53968254 0.86742822 0.54143324 0.84860819 0.88748833 0.81534489 0.89332400
0 0.93789391 0.54726891 0.98166141 0.54493464 0.95671394 0.90791317 0.91382178 0.90674603
0 0.70251225 0.88786765 0.69025735 0.88705065 0.68734681 0.88480392 0.68642770 0.88112745 0.69408701 0.54534314 0.69914216 0.54227941 0.73284314 0.54187092 0.73544730 0.54411765 0.73575368 0.54697712 0.72441789 0.87622549 0.72380515 0.88112745 0.72028186 0.88459967
0 0.73314951 0.88255719 0.72656250 0.88112745 0.72533701 0.87173203 0.73391544 0.65604575 0.73636642 0.54901961 0.73728554 0.54411765 0.73988971 0.54105392 0.76593137 0.54064542 0.76822917 0.54125817 0.76976103 0.54656863 0.76976103 0.57107843 0.76639093 0.63398693 0.76516544 0.69607843 0.76179534 0.72671569 0.76148897 0.78349673 0.75750613 0.87336601 0.75367647 0.87806373
0 0.85876225 0.88500817 0.85094975 0.88112745 0.85094975 0.87336601 0.85677083 0.75653595 0.85922181 0.73406863 0.86014093 0.68545752 0.86320466 0.65441176 0.86749387 0.54493464 0.87316176 0.54023693 0.90073529 0.53982843 0.90242034 0.54125817 0.90180760 0.56740196 0.89077819 0.71772876 0.89016544 0.75245098 0.88311887 0.87500000 0.88174020 0.87847222 0.87622549 0.88174020
