0 0.07698704 0.01097106 0.12644433 0.01563959 0.21179097 0.43930906 0.16627276 0.44864613
0 0.12863270 0.00922035 0.17546394 0.00980392 0.25161940 0.43872549 0.21354167 0.44631186
0 0.17721464 0.00221755 0.23061099 0.00396825 0.29757528 0.43405696 0.25555847 0.44281046
0 0.31556373 0.43729575 0.30208333 0.43607026 0.29733456 0.42075163 0.28017770 0.30637255 0.24984681 0.13194444 0.23223039 0.00020425 0.25765931 0.00020425 0.26868873 0.00000000 0.28356968 0.00163399 0.28783701 0.02573529 0.29212623 0.04656863 0.31112132 0.17320261 0.32184436 0.26062092 0.32797181 0.29125817 0.34635417 0.41830065 0.34283088 0.42830882 0.32628676 0.43566176
0 0.37132353 0.43198529 0.35386029 0.42994281 0.34849877 0.42075163 0.31265319 0.17810458 0.29028799 0.02205882 0.28575805 0.00105042 0.33827906 0.00000000 0.34420956 0.06903595 0.35125613 0.12785948 0.36596201 0.21364379 0.37576593 0.30147059 0.38097426 0.32720588 0.38250613 0.35008170 0.38710172 0.36968954 0.39292279 0.42401961 0.38878676 0.42871732
0 0.34134279 0.00338469 0.38729867 0.00338469 0.43763130 0.42355275 0.39605217 0.43113912
0 0.45373775 0.42544935 0.43964461 0.42463235 0.43704044 0.41870915 0.42386642 0.29861111 0.41712623 0.21486928 0.41161152 0.18178105 0.39568015 0.03717320 0.39368873 0.00020425 0.44270833 0.00020425 0.44408701 0.00776144 0.46798407 0.26552288 0.46951593 0.30310458 0.48085172 0.40972222 0.47947304 0.42136438
0 0.49479167 0.42013889 0.48590686 0.41687092 0.48177083 0.40604575 0.47074142 0.28186275 0.46461397 0.18137255 0.45450368 0.09150327 0.45082721 0.01960784 0.44776348 0.00653595 0.44883578 0.00020425 0.49417892 0.00020425 0.49586397 0.00980392 0.50260417 0.09068627 0.50382966 0.13153595 0.51485907 0.24591503 0.51700368 0.30351307 0.52282475 0.37173203 0.52282475 0.40522876 0.52144608 0.41033497 0.51409314 0.41687092
0 0.53768382 0.41482843 0.52849265 0.41278595 0.52527574 0.40318627 0.52405025 0.34763072 0.50199142 0.03022876 0.50214461 0.00020425 0.54978554 0.00040850 0.55468750 0.11601307 0.56142770 0.20547386 0.57000613 0.40073529 0.56908701 0.40849673 0.56403186 0.41237745
0 0.58486520 0.41319444 0.57567402 0.41115196 0.57184436 0.40318627 0.56571691 0.24632353 0.55499387 0.04493464 0.55514706 0.00020425 0.60493260 0.00040850 0.61749387 0.39133987 0.61626838 0.40236928 0.61213235 0.40788399 0.59865196 0.41237745
0 0.64123775 0.40788399 0.62469363 0.40584150 0.62086397 0.40073529 0.61994485 0.38929739 0.61381740 0.08455882 0.61351103 0.01102941 0.61488971 0.00020425 0.66207108 0.00020425 0.66253064 0.00367647 0.66559436 0.15849673 0.66283701 0.39665033 0.65870098 0.40502451
0 0.15358018 0.58403361 0.19122024 0.57878151 0.25074405 0.93125584 0.22054447 0.93300654
0 0.19340861 0.58228291 0.23104867 0.57819795 0.28444503 0.93067227 0.25293242 0.93767507
0 0.23498775 0.57878151 0.27350315 0.57294585 0.32033438 0.92425303 0.28663340 0.92950514
0 0.27744223 0.57586368 0.31420693 0.57061158 0.35272234 0.91725023 0.32120973 0.92250233
0 0.31595763 0.57119514 0.35534839 0.56419234 0.38773634 0.91316527 0.35709909 0.92308590
0 0.35753676 0.56535948 0.38992472 0.56127451 0.42099965 0.90791317 0.38904937 0.91083100
0 0.39255077 0.56535948 0.42625175 0.56185808 0.45338761 0.91549953 0.42187500 0.91258170
0 0.42931548 0.56652661 0.46432948 0.56360878 0.48708859 0.92250233 0.45513831 0.92717087
0 0.46651786 0.56477591 0.50547094 0.56069094 0.52472864 0.92950514 0.48927696 0.93417367
0 0.50941001 0.55485528 0.54792542 0.54901961 0.56543242 0.91725023 0.53435749 0.92542017
0 0.55011380 0.54668534 0.58162640 0.53851541 0.60175945 0.90266106 0.57155987 0.90908030
0 0.58687850 0.54084967 0.61970413 0.53501401 0.64115021 0.90382820 0.60657388 0.90966387 0.58556548 0.54726891
0 0.64027486 0.55252101 0.67222514 0.54435107 0.68141632 0.90441176 0.64902836 0.90849673
0 0.70526961 0.90910948 0.69454657 0.90732960 0.68642770 0.81127451 0.67907475 0.61151961 0.67570466 0.56903595 0.67570466 0.55187908 0.67769608 0.54718137 0.70465686 0.53737745 0.70971201 0.54493464 0.71155025 0.58455882 0.71614583 0.67810458 0.71614583 0.70547386 0.72901348 0.89665033 0.72640931 0.90134804 0.72058824 0.90543301
0 0.73529412 0.89971405 0.73253676 0.89971405 0.72962623 0.89624183 0.72778799 0.88235294 0.71737132 0.70629085 0.71737132 0.63766340 0.71124387 0.54248366 0.71323529 0.53819444 0.73743873 0.52634804 0.74295343 0.52879902 0.74494485 0.53308824 0.74678309 0.57312092 0.74923407 0.58578431 0.75321691 0.66380719 0.75474877 0.73651961 0.75811887 0.76348039 0.76393995 0.89297386 0.75888480 0.89808007
0 0.78952206 0.90298203 0.77175245 0.90257353 0.76669730 0.89746732 0.76485907 0.88888889 0.76210172 0.79656863 0.75750613 0.73447712 0.74862132 0.55228758 0.74892770 0.53717320 0.75122549 0.53084150 0.77879902 0.52430556 0.78370098 0.52430556 0.79136029 0.52920752 0.79427083 0.53676471 0.79580270 0.65277778 0.80131740 0.76511438 0.80346201 0.87050654 0.80530025 0.88480392 0.80300245 0.89848856
0 0.80002626 0.53151261 0.83547794 0.51984127 0.85167192 0.88923903 0.85298494 0.90557890 0.83810399 0.91608310 0.81840861 0.91316527
