0 0.04775000 0.88516667 0.03075000 0.88483333 0.02337500 0.87700000 0.03312500 0.00533333 0.03400000 0.00016667 0.12575000 0.00016667 0.11437500 0.50733333 0.11262500 0.87400000 0.10550000 0.88116667
0 0.14225000 0.88683333 0.12275000 0.88583333 0.11537500 0.87700000 0.13012500 0.00033333 0.22125000 0.00016667 0.20362500 0.87333333 0.20200000 0.88150000 0.19075000 0.88516667
0 0.22700000 0.88750000 0.20925000 0.88550000 0.20662500 0.88100000 0.22512500 0.00600000 0.22600000 0.00016667 0.31225000 0.00016667 0.29437500 0.87466667 0.29200000 0.88150000 0.28425000 0.88383333
0 0.31225000 0.88916667 0.29875000 0.88616667 0.29687500 0.87366667 0.31937500 0.00500000 0.32000000 0.00016667 0.40675000 0.00016667 0.38537500 0.87433333 0.38025000 0.88250000
0 0.40675000 0.88250000 0.39150000 0.88116667 0.39037500 0.86933333 0.41162500 0.00566667 0.41250000 0.00016667 0.49300000 0.00016667 0.47187500 0.87300000 0.46550000 0.87850000
0 0.50775000 0.88750000 0.48400000 0.88550000 0.47562500 0.87733333 0.49987500 0.00566667 0.50050000 0.00016667 0.58500000 0.00016667 0.56262500 0.87466667 0.55725000 0.88316667
0 0.60050000 0.88550000 0.56875000 0.88283333 0.56612500 0.87366667 0.59112500 0.00033333 0.67350000 0.00016667 0.64862500 0.87433333 0.64250000 0.88183333
0 0.67900000 0.88250000 0.65725000 0.88150000 0.65287500 0.87400000 0.67787500 0.00600000 0.67900000 0.00016667 0.75875000 0.00016667 0.73337500 0.87100000 0.72650000 0.87750000
0 0.77575000 0.89450000 0.75150000 0.88983333 0.73687500 0.87333333 0.76387500 0.00533333 0.76475000 0.00016667 0.85625000 0.00016667 0.84537500 0.62400000 0.83637500 0.87966667 0.82650000 0.88983333
0 0.85600000 0.88683333 0.84225000 0.88416667 0.83962500 0.87133333 0.84762500 0.65900000 0.86012500 0.00466667 0.86075000 0.00016667 0.93175000 0.00016667 0.92087500 0.57833333 0.91112500 0.87400000 0.90850000 0.87916667
