0 0.05933333 0.94512500 0.02900000 0.94362500 0.02316667 0.93600000 0.00016667 0.21825000 0.00016667 0.17925000 0.00566667 0.17137500 0.06866667 0.17612500 0.07683333 0.18150000 0.06983333 0.61350000 0.07516667 0.93675000 0.07033333 0.94362500
0 0.09966667 0.94912500 0.08700000 0.94837500 0.08250000 0.94125000 0.07750000 0.71600000 0.07916667 0.17725000 0.08283333 0.16225000 0.09200000 0.16037500 0.14866667 0.16587500 0.15316667 0.18400000 0.14083333 0.48400000 0.13483333 0.93550000 0.12700000 0.94662500
0 0.16066667 0.95262500 0.13900000 0.94962500 0.13650000 0.94300000 0.15850000 0.21675000 0.16050000 0.18525000 0.17000000 0.18037500 0.22133333 0.18537500 0.22883333 0.18925000 0.22883333 0.19875000 0.18683333 0.94350000 0.18133333 0.95012500
0 0.21400000 0.95887500 0.18966667 0.95562500 0.18783333 0.94200000 0.22783333 0.22850000 0.23116667 0.18750000 0.23700000 0.18387500 0.30000000 0.18962500 0.30616667 0.19875000 0.26283333 0.64775000 0.24250000 0.95100000 0.23666667 0.95637500
0 0.27233333 0.95712500 0.24866667 0.95487500 0.24616667 0.93900000 0.30983333 0.18975000 0.31700000 0.18787500 0.37733333 0.19662500 0.38016667 0.20600000 0.29650000 0.93625000 0.29283333 0.95250000
0 0.31633333 0.95862500 0.29900000 0.95537500 0.29750000 0.94825000 0.38350000 0.19750000 0.39300000 0.19137500 0.45533333 0.19662500 0.46183333 0.20575000 0.35383333 0.94400000 0.34933333 0.95612500
0 0.38633333 0.96812500 0.35733333 0.96612500 0.35283333 0.95475000 0.46783333 0.20375000 0.47050000 0.19550000 0.48066667 0.19212500 0.53366667 0.19837500 0.54150000 0.20150000 0.54283333 0.20975000 0.40916667 0.95375000 0.40466667 0.96387500
0 0.44766667 0.96487500 0.41600000 0.96287500 0.41283333 0.94825000 0.54683333 0.23350000 0.54550000 0.20125000 0.55800000 0.19687500 0.61666667 0.20387500 0.61983333 0.21625000 0.46516667 0.95375000 0.46166667 0.96162500
0 0.48633333 0.96862500 0.46700000 0.96537500 0.46450000 0.95675000 0.62050000 0.24375000 0.62550000 0.21300000 0.62083333 0.19750000 0.62700000 0.18812500 0.64766667 0.18737500 0.69366667 0.19512500 0.69916667 0.20600000 0.52650000 0.92750000 0.51416667 0.96550000
0 0.55233333 0.97262500 0.53333333 0.97187500 0.52683333 0.96725000 0.52783333 0.94450000 0.70350000 0.22850000 0.71050000 0.21250000 0.71733333 0.20987500 0.76766667 0.21812500 0.77150000 0.22750000 0.58050000 0.95925000 0.57600000 0.96862500
0 0.60133333 0.94037500 0.58550000 0.93950000 0.62950000 0.78575000 0.76250000 0.26000000 0.77450000 0.21800000 0.79900000 0.21587500 0.82166667 0.22087500 0.82483333 0.22875000 0.79516667 0.33975000 0.62916667 0.92200000 0.62300000 0.93637500
0 0.64400000 0.92962500 0.63083333 0.92750000 0.63250000 0.90900000 0.79450000 0.35425000 0.81283333 0.28525000 0.81516667 0.25575000 0.83066667 0.21812500 0.87000000 0.21937500 0.88116667 0.22800000 0.76416667 0.63425000 0.67116667 0.92100000 0.66166667 0.92787500
0 0.73233333 0.92312500 0.71933333 0.92187500 0.72516667 0.90825000 0.73816667 0.88725000 0.75716667 0.84550000 0.77550000 0.80325000 0.79116667 0.76500000 0.81283333 0.71300000 0.94350000 0.42775000 0.97350000 0.35275000 0.99250000 0.29900000 0.99966667 0.29687500 0.99966667 0.40700000 0.76383333 0.90450000 0.74966667 0.92112500
