0 0.47250000 0.22888889 0.53250000 0.21666667 0.56500000 0.93222222 0.50333333 0.95111111
0 0.60833333 0.22666667 0.66916667 0.21333333 0.69583333 0.89555556 0.63833333 0.92000000
0 0.69166667 0.21666667 0.74750000 0.21111111 0.75750000 0.90444444 0.70416667 0.93111111
0 0.77000000 0.22333333 0.83000000 0.21333333 0.82000000 0.90666667 0.80333333 0.92666667 0.78333333 0.93111111 0.76916667 0.92444444
0 0.85500000 0.22222222 0.91067073 0.22276423 0.89000000 0.90000000 0.88750000 0.91666667 0.87166667 0.93000000 0.85833333 0.93222222 0.84500000 0.93444444 0.84250000 0.92444444
0 0.91416667 0.23222222 0.94666667 0.22000000 0.96416667 0.88777778 0.94000000 0.90555556 0.92750000 0.90555556 0.92000000 0.90333333 0.91833333 0.88666667
0 0.27750000 0.87983333 0.25200000 0.87883333 0.24387500 0.87333333 0.22862500 0.76200000 0.19312500 0.46033333 0.17187500 0.24800000 0.17337500 0.21866667 0.19625000 0.20916667 0.22500000 0.20850000 0.23662500 0.21933333 0.23962500 0.23633333 0.29437500 0.86133333 0.29250000 0.87550000
0 0.32375000 0.89616667 0.31300000 0.89416667 0.30612500 0.88166667 0.24037500 0.22100000 0.24525000 0.21283333 0.26300000 0.20850000 0.30912500 0.20933333 0.30587500 0.22100000 0.31087500 0.25166667 0.31412500 0.31833333 0.36262500 0.87000000 0.36237500 0.88100000 0.35900000 0.88483333
0 0.38100000 0.90850000 0.36925000 0.90616667 0.36537500 0.89300000 0.30962500 0.22100000 0.31475000 0.21250000 0.34450000 0.20750000 0.37462500 0.21333333 0.38137500 0.25766667 0.41687500 0.81333333 0.41987500 0.89266667 0.41150000 0.90083333
0 0.45175000 0.92950000 0.43075000 0.92816667 0.42362500 0.91733333 0.38562500 0.27466667 0.37962500 0.23266667 0.38100000 0.20850000 0.42225000 0.20050000 0.44800000 0.20016667 0.45662500 0.20700000 0.44887500 0.26833333 0.45487500 0.32500000 0.45762500 0.42700000 0.46487500 0.53100000 0.47637500 0.84766667 0.48437500 0.90666667 0.47475000 0.92250000
0 0.59050000 0.90916667 0.57537500 0.90466667 0.57162500 0.87366667 0.55637500 0.65533333 0.53912500 0.27533333 0.53512500 0.24233333 0.53637500 0.22466667 0.54050000 0.21883333 0.58300000 0.21116667 0.59200000 0.21183333 0.59462500 0.21700000 0.60062500 0.40466667 0.62762500 0.88266667 0.62225000 0.90050000
