0 0.07533333 0.99787500 0.04233333 0.99637500 0.03250000 0.99075000 0.00016667 0.76325000 0.00033333 0.09137500 0.04900000 0.09537500 0.05783333 0.10750000 0.07050000 0.35575000 0.12916667 0.97850000 0.11866667 0.99262500
0 0.14066667 0.98737500 0.13383333 0.98275000 0.12583333 0.90450000 0.07783333 0.34700000 0.06216667 0.10975000 0.06333333 0.10287500 0.07633333 0.10137500 0.15800000 0.10737500 0.16616667 0.11175000 0.17016667 0.12675000 0.17983333 0.38275000 0.22316667 0.96775000 0.21333333 0.97687500
0 0.24700000 0.97037500 0.23700000 0.96887500 0.23183333 0.95900000 0.20016667 0.58875000 0.17783333 0.19625000 0.18250000 0.12400000 0.19233333 0.11512500 0.25666667 0.11887500 0.26416667 0.13075000 0.28516667 0.55300000 0.31450000 0.95500000 0.28233333 0.96687500
0 0.33433333 0.95787500 0.32233333 0.95712500 0.31750000 0.95125000 0.26716667 0.13500000 0.27166667 0.12537500 0.30633333 0.12337500 0.35066667 0.12687500 0.35683333 0.13825000 0.39416667 0.93875000 0.38833333 0.95287500
0 0.44300000 0.97537500 0.40433333 0.97212500 0.39716667 0.94675000 0.35750000 0.12100000 0.37300000 0.11287500 0.45500000 0.11737500 0.46116667 0.13425000 0.48350000 0.96175000 0.47433333 0.97087500
0 0.50766667 0.96062500 0.48866667 0.95912500 0.48516667 0.94975000 0.46483333 0.13625000 0.48233333 0.12962500 0.54733333 0.13362500 0.55350000 0.13875000 0.56383333 0.93975000 0.55300000 0.95537500
0 0.59400000 0.97187500 0.57616667 0.96750000 0.57050000 0.95300000 0.56316667 0.69625000 0.55583333 0.14575000 0.55816667 0.13500000 0.57633333 0.12862500 0.65033333 0.13437500 0.65483333 0.18525000 0.64816667 0.34950000 0.65150000 0.95925000 0.63900000 0.96737500
0 0.67566667 0.96162500 0.66116667 0.95900000 0.65750000 0.92050000 0.65683333 0.13800000 0.66966667 0.13287500 0.73266667 0.13537500 0.74716667 0.14200000 0.73083333 0.94275000 0.72950000 0.95150000 0.72100000 0.95612500
0 0.76866667 0.96437500 0.74466667 0.96237500 0.73516667 0.94950000 0.75016667 0.15050000 0.76333333 0.14512500 0.81166667 0.14487500 0.84350000 0.15100000 0.81950000 0.92275000 0.81483333 0.95775000
0 0.84600000 0.96662500 0.82483333 0.95900000 0.82350000 0.93300000 0.84716667 0.15775000 0.85266667 0.15037500 0.88166667 0.14837500 0.91966667 0.15087500 0.93483333 0.15825000 0.92150000 0.56825000 0.90250000 0.95425000 0.89300000 0.96012500
0 0.92500000 0.96712500 0.90883333 0.95850000 0.90683333 0.93750000 0.93916667 0.16300000 0.95266667 0.15487500 0.98700000 0.15412500 0.99966667 0.15550000 0.99966667 0.66475000 0.98216667 0.92400000 0.97883333 0.95325000
