0 0.08875000 0.97450000 0.03275000 0.97250000 0.02362500 0.96733333 0.00012500 0.38333333 0.00025000 0.01583333 0.07150000 0.02050000 0.08037500 0.03066667 0.08687500 0.47000000 0.10312500 0.96166667 0.10025000 0.97150000
0 0.17675000 0.98383333 0.11900000 0.97883333 0.10637500 0.97233333 0.08587500 0.24900000 0.08400000 0.02516667 0.15850000 0.02383333 0.16575000 0.02550000 0.17412500 0.03733333 0.17537500 0.45966667 0.18587500 0.96600000 0.18212500 0.98266667
0 0.26400000 0.97883333 0.19950000 0.97616667 0.19262500 0.97100000 0.17962500 0.26433333 0.17837500 0.04133333 0.18475000 0.03616667 0.25575000 0.03616667 0.26937500 0.05833333 0.27612500 0.92066667 0.27487500 0.95133333 0.26937500 0.97500000
0 0.34725000 0.96583333 0.28700000 0.95983333 0.28087500 0.95466667 0.27812500 0.43000000 0.27237500 0.14433333 0.27237500 0.06066667 0.27575000 0.05650000 0.34575000 0.05550000 0.35287500 0.06800000 0.35312500 0.95900000
0 0.42525000 0.97083333 0.36950000 0.96316667 0.35975000 0.95950000 0.35837500 0.95133333 0.35687500 0.16966667 0.35762500 0.07100000 0.36150000 0.06283333 0.43662500 0.06433333 0.43062500 0.96166667
0 0.50225000 0.99250000 0.44550000 0.99050000 0.43637500 0.98266667 0.43737500 0.09900000 0.43812500 0.06066667 0.44275000 0.05550000 0.51750000 0.05616667 0.52012500 0.06266667 0.51537500 0.98300000 0.51375000 0.99050000
0 0.59875000 0.99966667 0.53025000 0.99966667 0.52462500 0.99600000 0.52312500 0.98366667 0.52287500 0.07266667 0.52600000 0.06150000 0.57125000 0.05650000 0.60350000 0.05650000 0.60687500 0.07300000
0 0.68575000 0.99583333 0.62050000 0.99116667 0.61287500 0.98333333 0.60837500 0.25900000 0.60887500 0.07233333 0.61525000 0.06916667 0.67850000 0.06516667 0.68550000 0.06716667 0.68837500 0.07600000 0.69112500 0.74666667 0.68962500 0.99066667
0 0.76150000 0.99816667 0.70325000 0.99483333 0.69812500 0.95233333 0.69112500 0.08233333 0.69350000 0.07583333 0.73025000 0.07150000 0.76775000 0.07216667 0.77262500 0.07833333 0.78012500 0.98300000 0.77700000 0.99650000
0 0.86700000 0.99966667 0.78475000 0.99966667 0.78262500 0.99300000 0.77787500 0.09866667 0.77937500 0.08133333 0.79275000 0.07083333 0.86525000 0.06683333 0.87037500 0.08166667 0.87187500 0.55333333
