0 0.0 0.2275952732828267 0.03475147252306743 0.7948206755807952 0.08566369169484249 0.8005734687075495 0.05114693293431702 0.2298963905335284
0 0.05891320365543525 0.23104694915887924 0.09429288138497385 0.7948206755807952 0.1443421815877358 0.7994229100821986 0.11586585561030227 0.23449862503493177
0 0.11931753148635482 0.2321975077842301 0.14779385746378831 0.818982406713163 0.20129483354260283 0.812079054961058 0.18317353519332694 0.23910085953633517
0 0.1892139679764189 0.23679974228563347 0.2056094283876685 0.8235846412145664 0.2599733234354961 0.8143801722117596 0.24444078199325964 0.23910085953633517
0 0.2504812147763516 0.24025141816168605 0.2616991613735224 0.8143801722117596 0.3108855426072712 0.8051757032089528 0.29794175807207407 0.24370309403773857
0 0.30743386673121864 0.24600421128844027 0.3117484615762843 0.8097779377103563 0.3704269514691776 0.8086273790850054 0.36956403250016445 0.24830532853914197
0 0.3747415463142433 0.2517570044151945 0.3721527894072039 0.818982406713163 0.4204762516719395 0.8132296135864088 0.42737960342404463 0.24830532853914197
0 0.42996836033108404 0.25290756304054535 0.42133917064095266 0.8097779377103563 0.4722513898127278 0.8097779377103563 0.48174349847187226 0.2540581216658962
0 0.48692101228595114 0.2540581216658962 0.5369703124887131 0.25750979754194875 0.5231636089845029 0.812079054961058 0.47570306568878035 0.8143801722117596
0 0.543010745271805 0.2540581216658962 0.5930600454745669 0.2586603561672996 0.5723499902182516 0.8201329653385139 0.5240265279535159 0.818982406713163
0 0.6025521541337114 0.2586603561672996 0.6517385353674603 0.25981091479265045 0.6241251283590399 0.818982406713163 0.5766645850633173 0.8178318480878122
0 0.6577789681505521 0.2586603561672996 0.7104170252603536 0.26441314929405385 0.6741744285618018 0.818982406713163 0.6284397232041056 0.8235846412145664
0 0.7155945390744323 0.26441314929405385 0.7690955151532468 0.26441314929405385 0.7276754046406162 0.8258857584652681 0.6828036182519331 0.827036317090619
0 0.7820392996884439 0.263262590668703 0.8294998429841663 0.26901538379545725 0.7846280565954833 0.8304879929666716 0.7380304322687739 0.8327891102173732
0 0.8364031947362714 0.26211203204335215 0.8830008190629809 0.26671426654475555 0.8364031947362714 0.8281868757159698 0.7932572462856147 0.8316385515920224
0 0.8855895759700203 0.25981091479265045 0.9244209295756114 0.2655637079194047 0.8812749811249546 0.818982406713163 0.8415807085503503 0.8224340825892156
0 0.9356388761727822 0.26671426654475555 0.972744391840347 0.2701659424208081 0.9658410400882419 0.8396924619694784 0.9140659019474537 0.8396924619694784
