0 0.00666667 0.15444444 0.04083333 0.15222222 0.05750000 0.99888889 0.02750000 0.99555556
0 0.04333333 0.14666667 0.07500000 0.15000000 0.08500000 0.99555556 0.05750000 0.99444444
0 0.07500000 0.13888889 0.11750000 0.14222222 0.12416667 0.99777778 0.08583333 0.99777778
0 0.11916667 0.14444444 0.16416667 0.14666667 0.16583333 0.99777778 0.12500000 0.99666667
0 0.16916667 0.13777778 0.21166667 0.14333333 0.20500000 0.99666667 0.16583333 0.99666667
0 0.21666667 0.14777778 0.25500000 0.15000000 0.24000000 0.99666667 0.20500000 0.99555556
0 0.25250000 0.14000000 0.29833333 0.14333333 0.28333333 0.99444444 0.24083333 0.99444444
0 0.30416667 0.14555556 0.34750000 0.14777778 0.32333333 0.99666667 0.28500000 0.99555556
0 0.35250000 0.14111111 0.39750000 0.14444444 0.36416667 0.99888889 0.32333333 0.99888889
0 0.40650000 0.99966667 0.36700000 0.99966667 0.36662500 0.98833333 0.37137500 0.94000000 0.40187500 0.15766667 0.40425000 0.14650000 0.42925000 0.14583333 0.44400000 0.15050000 0.44512500 0.16433333
0 0.45025000 0.99966667 0.41000000 0.99966667 0.40962500 0.99033333 0.44987500 0.15766667 0.45425000 0.14916667 0.46450000 0.14816667 0.48900000 0.15050000 0.49387500 0.16600000
0 0.49325000 0.99966667 0.45350000 0.99966667 0.45312500 0.99366667 0.45862500 0.94333333 0.49537500 0.15300000 0.49825000 0.14350000 0.50675000 0.14283333 0.53500000 0.14650000 0.53787500 0.16100000
0 0.53350000 0.99966667 0.49537500 0.99733333 0.53937500 0.14866667 0.54100000 0.14250000 0.58025000 0.14283333 0.58312500 0.16233333 0.57762500 0.28666667
0 0.56975000 0.99966667 0.53500000 0.99966667 0.53512500 0.98766667 0.58712500 0.15066667 0.61475000 0.14983333 0.62662500 0.15766667 0.62512500 0.20533333 0.61012500 0.38166667 0.59312500 0.69000000
0 0.61175000 0.99966667 0.57287500 0.99833333 0.60812500 0.51400000 0.61087500 0.41966667 0.61987500 0.32633333 0.62862500 0.16100000 0.63500000 0.14650000 0.66325000 0.14616667 0.67187500 0.15400000 0.67162500 0.17100000
0 0.65550000 0.99966667 0.61262500 0.99766667 0.61912500 0.93200000 0.62262500 0.92800000 0.64312500 0.62300000 0.65437500 0.51166667 0.65837500 0.41233333 0.67087500 0.28333333 0.67512500 0.16166667 0.68200000 0.15016667 0.70525000 0.14650000 0.71812500 0.15433333 0.71462500 0.24333333
0 0.69425000 0.99966667 0.65625000 0.99966667 0.65612500 0.99333333 0.68462500 0.66833333 0.71887500 0.15900000 0.72325000 0.14950000 0.74100000 0.14583333 0.75637500 0.15066667 0.75762500 0.17666667
0 0.77250000 0.14888889 0.80000000 0.15222222 0.73166667 0.99666667 0.70333333 0.99888889
0 0.80916667 0.15111111 0.84448819 0.15485564 0.76916667 0.99444444 0.73666667 0.99555556
0 0.85000000 0.15333333 0.88333333 0.15555556 0.81583333 0.99666667 0.77666667 0.99666667
0 0.89666667 0.15555556 0.93208661 0.15459318 0.86083333 0.99966667 0.82166667 0.99777778
