0 0.02333333 0.04111111 0.09833333 0.04555556 0.08416667 0.76333333 0.00916667 0.76111111
0 0.15875000 0.77150000 0.09625000 0.76816667 0.08937500 0.76133333 0.10212500 0.15433333 0.10537500 0.06066667 0.11000000 0.05383333 0.17325000 0.05683333 0.18412500 0.06466667 0.16712500 0.74766667 0.16587500 0.76533333
0 0.23650000 0.77550000 0.17375000 0.77283333 0.16812500 0.76833333 0.18662500 0.20500000 0.18762500 0.06466667 0.19350000 0.06216667 0.25550000 0.06650000 0.26812500 0.07600000 0.24812500 0.75200000 0.24587500 0.77133333
0 0.31875000 0.77816667 0.25600000 0.77650000 0.25012500 0.77166667 0.27037500 0.08366667 0.27175000 0.07616667 0.27950000 0.07316667 0.33800000 0.07816667 0.34212500 0.08033333 0.34312500 0.08800000 0.32612500 0.75266667 0.32512500 0.77200000
0 0.39850000 0.78083333 0.33400000 0.77716667 0.32912500 0.77166667 0.34462500 0.09733333 0.34562500 0.08100000 0.35250000 0.07216667 0.41450000 0.08016667 0.42375000 0.08283333 0.42637500 0.08800000 0.41187500 0.76900000 0.40850000 0.77950000
0 0.45500000 0.78550000 0.41925000 0.78350000 0.41487500 0.77933333 0.41412500 0.76433333 0.43037500 0.10666667 0.43362500 0.08800000 0.44275000 0.08283333 0.50175000 0.09183333 0.50612500 0.09566667 0.50862500 0.10733333 0.49312500 0.76433333 0.49087500 0.77933333 0.48700000 0.78350000
0 0.56075000 0.79216667 0.50950000 0.79083333 0.49950000 0.78750000 0.49587500 0.77966667 0.51212500 0.10266667 0.51450000 0.09283333 0.52475000 0.08916667 0.57125000 0.09483333 0.58600000 0.09950000 0.59312500 0.10833333 0.58287500 0.57800000 0.58137500 0.78766667
0 0.64375000 0.79616667 0.60075000 0.79516667 0.58600000 0.79150000 0.58362500 0.78666667 0.58787500 0.52500000 0.59612500 0.11466667 0.59887500 0.09600000 0.60750000 0.09150000 0.64300000 0.09583333 0.67462500 0.10700000 0.66312500 0.78866667 0.66225000 0.79283333
0 0.70975000 0.79983333 0.68525000 0.79883333 0.66912500 0.79100000 0.67337500 0.68300000 0.67387500 0.43933333 0.67912500 0.34266667 0.67987500 0.12300000 0.68325000 0.11150000 0.70025000 0.10716667 0.74100000 0.11116667 0.75600000 0.11583333 0.75812500 0.12233333 0.74937500 0.78966667 0.74450000 0.79750000
0 0.79650000 0.80183333 0.75900000 0.79916667 0.75162500 0.78766667 0.76012500 0.12033333 0.76350000 0.10983333 0.77400000 0.10716667 0.83400000 0.11850000 0.83637500 0.13033333 0.82962500 0.79633333 0.82650000 0.80050000
0 0.88050000 0.80683333 0.84600000 0.80583333 0.83375000 0.80050000 0.83187500 0.79366667 0.83962500 0.13733333 0.84112500 0.12333333 0.85175000 0.11816667 0.90200000 0.12683333 0.90987500 0.13433333 0.90887500 0.79966667 0.90500000 0.80516667
0 0.93600000 0.80650000 0.91600000 0.80483333 0.91187500 0.79700000 0.91462500 0.51633333 0.91137500 0.15833333 0.91212500 0.13366667 0.91925000 0.12850000 0.95925000 0.13483333 0.97050000 0.13883333 0.97212500 0.14533333 0.97737500 0.80266667
