0 0.05850000 0.99966667 0.00012500 0.99966667 0.00025000 0.00016667 0.04150000 0.00016667 0.04262500 0.01366667 0.03987500 0.05900000 0.04512500 0.43666667
0 0.13475000 0.99966667 0.06237500 0.99966667 0.04737500 0.46733333 0.04400000 0.00016667 0.12100000 0.00016667 0.12212500 0.00833333 0.13412500 0.70100000
0 0.21875000 0.99966667 0.14512500 0.99966667 0.13362500 0.54533333 0.13050000 0.00016667 0.21712500 0.00033333
0 0.28700000 0.99966667 0.22150000 0.99966667 0.22062500 0.99266667 0.21737500 0.35933333 0.22100000 0.00016667 0.29575000 0.00016667 0.29787500 0.01733333
0 0.36275000 0.99966667 0.29350000 0.99966667 0.29237500 0.99466667 0.29887500 0.27866667 0.30600000 0.00016667 0.38250000 0.00016667 0.38412500 0.01300000
0 0.39166667 0.00222222 0.47250000 0.00333333 0.43750000 0.99777778 0.36583333 0.99333333
0 0.50775000 0.99966667 0.44575000 0.99966667 0.44512500 0.99433333 0.44712500 0.82233333 0.46262500 0.40833333 0.46700000 0.38983333 0.48650000 0.40016667 0.48812500 0.39300000 0.46762500 0.35400000 0.46687500 0.34033333 0.47562500 0.03700000 0.47875000 0.00016667 0.55075000 0.00016667 0.54937500 0.20233333 0.54112500 0.27400000 0.53537500 0.43100000 0.53787500 0.46133333 0.52862500 0.56866667 0.53187500 0.59333333 0.52437500 0.68166667 0.51912500 0.90666667
0 0.57725000 0.99966667 0.51775000 0.99966667 0.51737500 0.99166667 0.56012500 0.00600000 0.56250000 0.00016667 0.62950000 0.00016667 0.63687500 0.01700000 0.63737500 0.04366667 0.63162500 0.17300000 0.60587500 0.57466667 0.59612500 0.82666667
0 0.66500000 0.99966667 0.59525000 0.99966667 0.59512500 0.97866667 0.60587500 0.77533333 0.61287500 0.72333333 0.61537500 0.57266667 0.62887500 0.39300000 0.63062500 0.27566667 0.64512500 0.01700000 0.64950000 0.00016667 0.68700000 0.00016667 0.72137500 0.01766667 0.72312500 0.05900000
0 0.73125000 0.99966667 0.67187500 0.99966667 0.67387500 0.89133333 0.68937500 0.65000000 0.69712500 0.51766667 0.70362500 0.49066667 0.70287500 0.41633333 0.72712500 0.08033333 0.72712500 0.01366667 0.74025000 0.00283333 0.78375000 0.00283333 0.79650000 0.00783333 0.80012500 0.01733333 0.79937500 0.07666667 0.74462500 0.86566667
0 0.81000000 0.00000000 0.88500000 0.01111111 0.80666667 0.99111111 0.74250000 0.99111111
0 0.89500000 0.00666667 0.96166667 0.02555556 0.88500000 0.98222222 0.81416667 0.99666667
0 0.97500000 0.00000000 0.99975000 0.00097059 0.99833333 0.56222222 0.96416667 0.99444444 0.90250000 0.99666667
