0 0.06100000 0.77683333 0.03325000 0.77316667 0.03037500 0.76466667 0.00412500 0.27433333 0.00212500 0.25166667 0.00012500 0.25133333 0.00012500 0.18333333 0.00600000 0.18216667 0.03300000 0.18516667 0.03862500 0.19300000 0.04687500 0.42566667 0.06212500 0.73200000
0 0.09350000 0.78416667 0.06850000 0.78083333 0.06412500 0.77133333 0.03987500 0.20966667 0.03987500 0.19166667 0.04500000 0.18750000 0.07300000 0.18816667 0.07662500 0.19466667 0.09287500 0.63700000 0.09762500 0.77700000 0.09662500 0.78333333
0 0.12700000 0.78916667 0.10700000 0.78750000 0.09837500 0.78166667 0.07862500 0.22500000 0.07912500 0.19666667 0.08150000 0.19283333 0.11350000 0.19716667 0.11612500 0.20400000 0.12812500 0.71100000 0.13212500 0.77700000 0.13162500 0.78733333
0 0.16425000 0.79316667 0.14000000 0.79150000 0.13387500 0.78366667 0.11762500 0.20933333 0.11812500 0.20066667 0.12250000 0.19683333 0.15300000 0.19683333 0.15862500 0.20366667 0.16937500 0.77533333 0.16887500 0.79033333
0 0.20125000 0.79816667 0.17375000 0.79583333 0.17112500 0.78800000 0.16200000 0.20283333 0.19350000 0.20383333 0.20012500 0.20900000 0.20037500 0.51300000 0.20312500 0.65333333 0.20062500 0.72500000 0.20362500 0.76166667 0.20362500 0.79533333
0 0.23675000 0.80450000 0.21150000 0.80316667 0.20462500 0.79566667 0.20062500 0.21966667 0.20250000 0.20983333 0.21650000 0.20550000 0.23650000 0.20783333 0.23937500 0.21666667 0.23887500 0.79900000
0 0.27225000 0.81150000 0.24475000 0.80883333 0.24062500 0.79933333 0.23987500 0.22233333 0.24062500 0.21333333 0.24425000 0.21050000 0.27550000 0.21216667 0.27862500 0.21900000 0.27637500 0.80366667
0 0.30450000 0.81583333 0.28050000 0.81350000 0.27712500 0.80700000 0.27912500 0.25533333 0.27962500 0.22033333 0.28325000 0.21483333 0.31575000 0.21483333 0.32087500 0.22033333 0.31237500 0.81133333
0 0.34600000 0.82050000 0.31850000 0.81883333 0.31412500 0.81233333 0.32212500 0.23000000 0.32575000 0.21883333 0.35750000 0.22050000 0.36137500 0.23633333 0.35412500 0.64300000 0.34987500 0.81066667
0 0.38525000 0.82616667 0.35350000 0.82316667 0.35012500 0.81200000 0.36312500 0.22466667 0.36475000 0.22016667 0.37175000 0.21850000 0.40350000 0.22183333 0.40762500 0.22800000 0.38962500 0.80833333 0.38862500 0.82133333
0 0.42450000 0.83450000 0.39275000 0.82983333 0.38987500 0.82633333 0.38987500 0.81833333 0.40937500 0.23333333 0.41350000 0.22450000 0.42825000 0.22250000 0.45175000 0.22850000 0.45362500 0.23866667 0.42912500 0.82766667
0 0.46700000 0.84116667 0.43875000 0.83816667 0.43125000 0.83516667 0.43012500 0.83033333 0.45337500 0.25566667 0.45462500 0.23233333 0.45875000 0.22750000 0.49300000 0.23016667 0.50087500 0.23600000 0.47612500 0.73333333 0.46987500 0.83533333
0 0.50725000 0.84650000 0.47475000 0.84350000 0.47162500 0.83866667 0.50062500 0.27433333 0.50287500 0.23966667 0.50550000 0.23450000 0.54812500 0.24033333 0.51137500 0.84200000
0 0.54925000 0.85150000 0.51775000 0.84883333 0.51287500 0.84566667 0.51237500 0.83900000 0.54987500 0.24033333 0.56975000 0.23783333 0.59225000 0.24283333 0.59562500 0.24866667 0.55762500 0.77266667 0.55162500 0.84700000
0 0.58800000 0.85850000 0.55537500 0.85300000 0.55487500 0.81333333 0.59737500 0.24833333 0.60325000 0.24283333 0.62725000 0.24383333 0.64337500 0.24833333 0.60137500 0.75100000 0.59262500 0.85400000
0 0.62775000 0.86183333 0.59500000 0.85850000 0.59362500 0.83833333 0.64487500 0.25066667 0.65500000 0.24750000 0.68950000 0.25116667 0.69212500 0.25600000 0.68612500 0.33133333 0.65137500 0.67866667 0.63287500 0.85733333
0 0.66925000 0.86616667 0.63875000 0.86250000 0.63487500 0.85400000 0.69262500 0.26466667 0.69362500 0.25600000 0.69700000 0.25416667 0.73675000 0.25850000 0.73937500 0.26400000 0.73387500 0.32933333 0.68662500 0.76066667 0.67437500 0.86400000
0 0.71125000 0.87283333 0.67750000 0.86583333 0.67687500 0.84566667 0.68287500 0.80966667 0.74087500 0.26133333 0.74425000 0.25716667 0.77450000 0.25983333 0.78587500 0.26733333 0.78087500 0.33200000 0.72962500 0.75833333 0.71787500 0.85000000 0.71512500 0.86933333
0 0.75200000 0.87850000 0.72075000 0.87450000 0.71612500 0.86533333 0.78712500 0.27866667 0.79100000 0.26583333 0.83075000 0.26983333 0.83387500 0.27166667 0.83412500 0.27666667 0.82787500 0.33866667 0.78112500 0.69433333 0.76537500 0.80666667 0.75662500 0.87000000
0 0.79150000 0.88283333 0.75850000 0.87750000 0.75662500 0.87066667 0.79537500 0.59166667 0.83537500 0.27300000 0.84575000 0.26883333 0.87325000 0.27350000 0.87950000 0.27550000 0.88137500 0.28033333 0.87437500 0.34533333 0.81212500 0.78266667 0.79637500 0.88033333
0 0.83550000 0.89216667 0.81000000 0.88916667 0.80075000 0.88516667 0.79787500 0.87933333 0.83987500 0.60400000 0.88337500 0.28100000 0.88475000 0.27550000 0.89275000 0.27416667 0.93225000 0.27950000 0.93512500 0.28333333 0.93387500 0.29833333 0.88962500 0.59633333 0.85912500 0.78233333 0.84262500 0.87733333 0.83987500 0.88966667
0 0.87700000 0.89483333 0.84425000 0.89250000 0.84162500 0.88900000 0.84362500 0.86933333 0.88662500 0.62100000 0.93762500 0.28100000 0.95900000 0.28016667 0.98312500 0.29100000 0.98337500 0.31466667 0.92162500 0.67366667 0.88112500 0.88533333
0 0.91850000 0.89850000 0.88500000 0.89416667 0.88212500 0.88933333 0.88312500 0.87700000 0.93462500 0.60766667 0.98762500 0.29100000 0.99075000 0.28616667 0.99975000 0.28583333 0.99975000 0.50633333 0.99787500 0.50766667 0.98637500 0.56500000 0.94337500 0.79900000 0.92412500 0.89233333
0 0.95625000 0.89916667 0.92775000 0.89450000 0.92637500 0.89300000 0.92637500 0.88466667 0.93337500 0.84400000 0.94487500 0.79933333 0.94687500 0.77633333 0.98587500 0.57666667 0.99537500 0.54166667 0.99975000 0.53850000 0.99975000 0.70000000 0.99812500 0.70033333 0.99337500 0.72133333 0.97762500 0.80600000 0.97462500 0.83033333 0.96062500 0.89666667
