0 0.00101351 0.20900901 0.01587838 0.20630631 0.16114865 0.90720721 0.12195946 0.92252252 0.00033784 0.36756757
0 0.01925676 0.21441441 0.06790541 0.20270270 0.20641892 0.91351351 0.16655405 0.92072072
0 0.07128378 0.22162162 0.12195946 0.21261261 0.25101351 0.91711712 0.20641892 0.92882883
0 0.12533784 0.22522523 0.17804054 0.21621622 0.29560811 0.91531532 0.25304054 0.92342342
0 0.31825000 0.92116667 0.29900000 0.92050000 0.29637500 0.91533333 0.18037500 0.23266667 0.18037500 0.22466667 0.18625000 0.22083333 0.22475000 0.21716667 0.23062500 0.22666667 0.33512500 0.90200000 0.33425000 0.91783333
0 0.34575000 0.92050000 0.34075000 0.92016667 0.33637500 0.91200000 0.27712500 0.51000000 0.24237500 0.30300000 0.23337500 0.22566667 0.24400000 0.21783333 0.27750000 0.21250000 0.28537500 0.22466667 0.29012500 0.27633333 0.37837500 0.90433333 0.37600000 0.91516667
0 0.40150000 0.92316667 0.38412500 0.91900000 0.37887500 0.86133333 0.36512500 0.79100000 0.35862500 0.72166667 0.34937500 0.68300000 0.32712500 0.50233333 0.29787500 0.30366667 0.28962500 0.24066667 0.29175000 0.22916667 0.33400000 0.22450000 0.34087500 0.23633333 0.37187500 0.45133333 0.39662500 0.66466667 0.42062500 0.88866667 0.42062500 0.92066667
0 0.44250000 0.92650000 0.42262500 0.92400000 0.42037500 0.87566667 0.41587500 0.87333333 0.41312500 0.85300000 0.39012500 0.53233333 0.36387500 0.24233333 0.36525000 0.23783333 0.37300000 0.23483333 0.41125000 0.23216667 0.41712500 0.26800000 0.46012500 0.90300000 0.45975000 0.92216667
0 0.49800000 0.92950000 0.47075000 0.92783333 0.46437500 0.92033333 0.45087500 0.59666667 0.44787500 0.42300000 0.43937500 0.33933333 0.43762500 0.27000000 0.43887500 0.25200000 0.44850000 0.23783333 0.49025000 0.23783333 0.49437500 0.24566667 0.50237500 0.82566667 0.50287500 0.92433333
0 0.51775000 0.92950000 0.50550000 0.92883333 0.50312500 0.92433333 0.50512500 0.29200000 0.51125000 0.24383333 0.55125000 0.24216667 0.55787500 0.24433333 0.55937500 0.25333333 0.55012500 0.58266667 0.54662500 0.88533333 0.54137500 0.92800000
0 0.58025000 0.92483333 0.54487500 0.92000000 0.54612500 0.87633333 0.54387500 0.86933333 0.54737500 0.84733333 0.56037500 0.25200000 0.56400000 0.24650000 0.57550000 0.24483333 0.60300000 0.24616667 0.60837500 0.25166667 0.59462500 0.55033333 0.58812500 0.80333333
0 0.61925000 0.92983333 0.58825000 0.92716667 0.58487500 0.92333333 0.58437500 0.91400000 0.60987500 0.25533333 0.61150000 0.25016667 0.63375000 0.24750000 0.65587500 0.25200000 0.65712500 0.28500000 0.63537500 0.70766667 0.62487500 0.85600000 0.62362500 0.92333333
0 0.66375000 0.93350000 0.62775000 0.92816667 0.62462500 0.92100000 0.62487500 0.90400000 0.65937500 0.31466667 0.66037500 0.25900000 0.65437500 0.23666667 0.65850000 0.23016667 0.68575000 0.22850000 0.70275000 0.23216667 0.70537500 0.24833333 0.67937500 0.74833333 0.66812500 0.92666667
0 0.70425000 0.95416667 0.67350000 0.95150000 0.66937500 0.94733333 0.66787500 0.93500000 0.68262500 0.72166667 0.68912500 0.54766667 0.70662500 0.25200000 0.71925000 0.24583333 0.75600000 0.24683333 0.76087500 0.25166667 0.76212500 0.26366667 0.71787500 0.85366667 0.70962500 0.94166667
0 0.74875000 0.96550000 0.71925000 0.96350000 0.71187500 0.95900000 0.71037500 0.95033333 0.73012500 0.72233333 0.76287500 0.26966667 0.76487500 0.26000000 0.77125000 0.25716667 0.80625000 0.25850000 0.81687500 0.26433333 0.76437500 0.86033333 0.75387500 0.95766667
0 0.79325000 0.98050000 0.76600000 0.97883333 0.75962500 0.97433333 0.75587500 0.96000000 0.77362500 0.79566667 0.81737500 0.26966667 0.81950000 0.26350000 0.82575000 0.26050000 0.86875000 0.26083333 0.87462500 0.26700000 0.87212500 0.29933333 0.84087500 0.61200000 0.82862500 0.69800000 0.81262500 0.88666667 0.80637500 0.91166667 0.80137500 0.97466667
0 0.87533784 0.25855856 0.91925676 0.25855856 0.84560811 0.98288288 0.80709459 0.97927928
0 0.92398649 0.26306306 0.96385135 0.26306306 0.88277027 0.97747748 0.84898649 0.97747748
0 0.96858108 0.27387387 0.99966216 0.27387387 0.99763514 0.30900901 0.92736486 0.97477477 0.88479730 0.97207207
