0 0.08254488107302616 0.22258397878995106 0.128823985028966 0.22258397878995106 0.12411763547412465 0.6492930050955658 0.07940731470313193 0.6461554387256715
0 0.13117715980638667 0.2204922678766883 0.17431869739243225 0.22362983424658248 0.17431869739243225 0.6503388605521971 0.12725520184401887 0.6534764269220914
0 0.17745626376232648 0.21840055696342547 0.22451975931073984 0.22362983424658248 0.2237353677182663 0.65243057146546 0.17510308898490579 0.6534764269220914
0 0.22765732568063404 0.21421713513689983 0.27785838759894166 0.21630884605016265 0.2786427791914152 0.6566139932919857 0.22687293408816048 0.6534764269220914
0 0.28883986989357147 0.2257215451598453 0.3374721486269319 0.22781325607310812 0.33355019066456415 0.6534764269220914 0.28491791193120364 0.6545222823787228
0 0.34453167295919396 0.23095082244300236 0.393948343285028 0.2330425333562652 0.3908107769151337 0.6492930050955658 0.33904093181187905 0.65243057146546
0 0.3963015180624487 0.23095082244300236 0.44571818838828275 0.2361800997261594 0.4394430556484943 0.6534764269220914 0.39473273487750155 0.6545222823787228
0 0.44964014635065047 0.2382718106394222 0.4943504671216432 0.24245523246594786 0.4927816839366961 0.65243057146546 0.4441494052033356 0.6503388605521971
0 0.5006255998614316 0.23931766609605362 0.5453359206324243 0.24350108792257927 0.5437671374474773 0.6513847160088286 0.4974880334915374 0.6492930050955658
0 0.5500422701872657 0.24350108792257927 0.5947525909582584 0.2466386542924735 0.5916150245883641 0.6503388605521971 0.547689095409845 0.6482471496389344
0 0.5971057657356791 0.24350108792257927 0.6433848696916189 0.24036352155268503 0.6426004780991453 0.6534764269220914 0.5947525909582584 0.6492930050955658
0 0.6488756108389337 0.24140937700931644 0.6959391063873471 0.24350108792257927 0.6959391063873471 0.6555681378353543 0.6488756108389337 0.6534764269220914
0 0.7045674139045563 0.23931766609605362 0.7484933430830755 0.24350108792257927 0.7469245598981283 0.6534764269220914 0.7014298475346621 0.6534764269220914
0 0.749277734675549 0.24350108792257927 0.7955568386314887 0.24768450974910491 0.7971256218164359 0.6534764269220914 0.7555528674153373 0.6513847160088286
0 0.7994787965938566 0.2455927988358421 0.8418359425874288 0.24768450974910491 0.8488954669196908 0.6534764269220914 0.8034007545562245 0.6545222823787228
0 0.8449735089573229 0.2529137870322619 0.8849774801734743 0.25395964248889336 0.8896838297283157 0.6534764269220914 0.8504642501046379 0.6534764269220914
0 0.8928213960982098 0.2529137870322619 0.9461600243864117 0.24768450974910491 0.9508663739412531 0.6555681378353543 0.8998809204304719 0.6534764269220914
