0 0.0 0.11489768661186887 0.03131192374962409 0.11006787378299163 0.14601997843545875 0.9999999999999997 0.10134420976834418 0.9971434966867795 0.0 0.31452995020546176
0 0.03614173657850134 0.07947905920010238 0.07478023920951932 0.08430887202897963 0.17982866823759946 0.9971434966867795 0.1520572444715553 0.9999999999999997
0 0.08081750524561587 0.07947905920010238 0.11221128863331799 0.07947905920010238 0.21846717086861744 0.9971434966867795 0.18586593427369602 0.9999999999999997
0 0.13032308674160767 0.08269893441935389 0.15567960409321321 0.07947905920010238 0.2522758606707582 0.9999999999999997 0.22571189011193332 0.9971434966867795
0 0.16413177654374841 0.07464924637122514 0.1943181067242312 0.07142937115197365 0.28608455047289894 0.9971434966867795 0.2546907670851968 0.9999999999999997
0 0.20880754521086295 0.06820949593272214 0.2426162350130037 0.06820949593272214 0.31868578706782036 0.9987534342964052 0.29091436330177617 0.9999999999999997
0 0.2522758606707582 0.06981943354234789 0.28125473764402165 0.0665995583230964 0.35007957045552246 0.9999999999999997 0.32230814668947827 0.9971434966867795
0 0.2921218165089955 0.06981943354234789 0.3247230531039169 0.06498962071347064 0.38630316667210185 0.9987534342964052 0.35490938328439975 0.9987534342964052
0 0.32955286593279415 0.06498962071347064 0.36215410252771557 0.061769745494219146 0.42011185647424254 0.9999999999999997 0.38871807308654044 0.9999999999999997
0 0.37302118139268936 0.06981943354234789 0.40924477760926875 0.06981943354234789 0.4539205462763833 0.9999999999999997 0.42131930968146186 0.9971434966867795
0 0.41648949685258463 0.0633796831038449 0.44546837382584814 0.0633796831038449 0.4816919700424274 0.9999999999999997 0.4551279994836026 0.9999999999999997
0 0.4502981866547253 0.05693993266534189 0.48893668928574335 0.05532999505571615 0.5130857534301295 0.9999999999999997 0.48410687645686606 0.9987534342964052
0 0.49376650211462053 0.04406043178833591 0.5299900983312 0.04567036939796165 0.5481018964394896 0.9999999999999997 0.5167081130517874 0.9971434966867795
0 0.5372348175745157 0.03923061895945865 0.5710435073766565 0.0376206813498329 0.580703133034411 0.9987534342964052 0.5517242560611476 0.9971434966867795
0 0.5758733202055338 0.03923061895945865 0.6157192760437711 0.031180930911329903 0.6145118228365518 0.9999999999999997 0.5843254926560689 0.9971434966867795
0 0.6217565420798677 0.04567036939796165 0.6628099511253243 0.040840556569084405 0.6495279658459118 0.9999999999999997 0.6169267292509905 0.9971434966867795
0 0.6712621235758593 0.04889024461721315 0.7111080794140968 0.04245049417871015 0.6833366556480526 0.9971434966867795 0.6531503254675697 0.9999999999999997
0 0.7159378922429739 0.03923061895945865 0.7497465820451147 0.03923061895945865 0.7195602518646319 0.9987534342964052 0.6869590152697105 0.9971434966867795
0 0.7557838480812114 0.034400806130581406 0.79321489750501 0.032790868520955654 0.7521614884595533 0.9971434966867795 0.7231826114862898 0.9971434966867795
0 0.7980447103338872 0.034400806130581406 0.8342683065504666 0.034400806130581406 0.7871776314689134 0.9987534342964052 0.7521614884595533 0.9939236214675279
0 0.8415130257937824 0.031180930911329903 0.8813589816320198 0.031180930911329903 0.8197788680638348 0.9971434966867795 0.7883850846761327 0.9999999999999997
0 0.8861887944608969 0.027961055692078407 0.9224123906774763 0.027961055692078407 0.8523801046587561 0.9999999999999997 0.8221937744782735 0.9955335590771536
0 0.9248272970919149 0.02635111808245266 0.9670881593445908 0.024741180472826908 0.8813589816320198 0.9999999999999997 0.8523801046587561 0.9999999999999997
0 0.9682956125518102 0.02957099330170416 1.0 0.02313124286320116 0.9139602182269412 0.9987534342964052 0.8849813412536777 0.9999999999999997 0.0 0.48518333682579123
