0 0.06850629968441752 0.0010313404223223366 0.23284797922095685 0.0 0.23189250433993047 0.9488624224005027 0.08666032242391895 0.9246570587478341
0 0.24144725315019439 0.0 0.2863545725584348 0.0 0.27871077351022366 0.9679719200210305 0.2433582029122472 0.9590541544647841
0 0.2901764720825403 0.0 0.3293509422046224 0.0010313404223223366 0.3169297687512793 0.9768896855772768 0.2825326730343292 0.9692458865290656
0 0.3341283166097544 0.0 0.3780801611369684 0.0 0.36183708815951976 0.9870814176415583 0.3217071431564113 0.9807115851013825
0 0.3857239601851795 0.0 0.43158675447444633 0.0 0.40483345780570734 0.9998210827219103 0.3656589876836253 0.9921772836736991
0 0.43923055352265744 0.0 0.48604882269295063 0.0 0.4545181516190797 1.0 0.41056630709186565 1.0
0 0.49273714686013537 0.0 0.5433773155545341 0.0 0.5003809459083465 1.0 0.45929552602421164 1.0
0 0.5529320643647979 0.0 0.6054831828212496 0.0 0.5529320643647979 1.0 0.5061137951945048 1.0
0 0.6150379316315134 0.0 0.6733218993741233 0.0 0.601661283297144 1.0 0.5567539638889035 1.0
0 0.680010223541308 0.0 0.7316058671167331 0.0 0.658034301277701 1.0 0.6131269818694607 0.9959991831978047
0 0.7382941912839179 0.0 0.7965781590265278 0.0 0.7182292187823638 1.0 0.6685445249689914 1.0
