0 0.10462060585333784 0.151964083120547 0.16462060585333782 0.146964083120547 0.26962060585333786 0.9802974164538804 0.22587060585333782 0.986964083120547
0 0.18962060585333781 0.14029741645388033 0.25962060585333785 0.13863074978721368 0.32962060585333786 0.9702974164538803 0.28337060585333784 0.9736307497872136
0 0.26212060585333785 0.141964083120547 0.3283706058533378 0.14363074978721366 0.38212060585333785 0.996964083120547 0.33212060585333786 0.9886307497872137
0 0.33962060585333786 0.14363074978721366 0.41087060585333784 0.14029741645388033 0.44212060585333784 0.9936307497872137 0.38962060585333785 0.9952974164538804
0 0.42337060585333786 0.131964083120547 0.49587060585333786 0.13363074978721368 0.49712060585333784 0.996964083120547 0.4458706058533379 1.0
0 0.5021206058533378 0.141964083120547 0.5708706058533378 0.14363074978721366 0.5483706058533377 0.996964083120547 0.49837060585333787 1.0
0 0.5871206058533378 0.13863074978721368 0.6583706058533378 0.136964083120547 0.6108706058533377 0.9986307497872137 0.5546206058533378 0.9986307497872137
0 0.6696206058533378 0.13363074978721368 0.7396206058533378 0.13363074978721368 0.6621206058533378 0.9952974164538804 0.6133706058533378 0.996964083120547
0 0.7521206058533378 0.13863074978721368 0.8246206058533377 0.14029741645388033 0.7196206058533378 1.0 0.6621206058533378 0.9936307497872137
0 0.8371206058533378 0.14363074978721366 0.9033706058533378 0.136964083120547 0.7696206058533378 0.986964083120547 0.7233706058533378 0.986964083120547
