0 0.6020741440654505 0.2550599937931208 0.6410040447098383 0.2550599937931208 0.6410040447098383 0.9947281060364881 0.6020741440654505 0.9947281060364881
0 0.6479558126820504 0.252279286604236 0.6854953597319957 0.252279286604236 0.6854953597319957 0.9956550084327831 0.6479558126820504 0.9956550084327831
0 0.054274827855137105 0.30511272319304794 0.10502273405228542 0.29398989443750856 0.17315006017996398 0.8862805256699794 0.11336485561893994 0.8862805256699794
0 0.11545038601060355 0.3014051136078682 0.16828382259941552 0.304185820796753 0.23015455755210318 0.8964764520292238 0.18010182815217607 0.9066723783884681
0 0.17315006017996398 0.2967706016263934 0.22945938075488198 0.29491679683380356 0.28229281734369394 0.9038916711995834 0.2384966791187577 0.908526183181058
0 0.23432561833543045 0.29769750402268835 0.2802072869520303 0.29213608964491866 0.32469860197418776 0.9150144999551227 0.2913301157075696 0.9150144999551227
0 0.2843783477353576 0.30511272319304794 0.34902978987693006 0.3004782112115732 0.388654867318539 0.9279911335032519 0.328869662757515 0.9252104263143671
0 0.35528638105192095 0.31994316153376706 0.38517898333243294 0.3153086495522923 0.4199378231934935 0.927064231106957 0.40394875685740567 0.9298449382958418 0.39004522091298144 0.9279911335032519
0 0.38935004411576024 0.31067413757081763 0.4254992375712632 0.31067413757081763 0.4533063094601115 0.944675376636561 0.42202335358515713 0.9418946694476761
0 0.4296702983545904 0.33662740466707614 0.46025807743232366 0.33477359987448624 0.4859796189295084 0.9585789125809852 0.45608701664899637 0.9548713029958054
0 0.4644291382156509 0.29584369923009846 0.5381178787210992 0.29398989443750856 0.5561924754488505 0.9928743012438981 0.48667479572672967 0.9910204964513083
0 0.5457648234905325 0.3004782112115732 0.5687056577988323 0.29306299204121367 0.5798284865543718 0.996581910829078 0.5596683594349566 0.9910204964513083
0 0.5735718953793809 0.29584369923009846 0.5958175528904597 0.29769750402268835 0.5999886136737869 0.996581910829078 0.583999547337699 0.9938012036401932
0 0.6936511584514751 0.25418411637494753 0.7327976559277861 0.25319929882837366 0.7172867795692478 0.9996909991313613 0.687742253172032 1.0
0 0.7409224006870205 0.24039667072291346 0.7763758323636796 0.23842703562976575 0.7586491165253499 0.9996909991313613 0.7239342980086213 1.0
0 0.7830233508030531 0.25024484618865206 0.8110906508804081 0.24926002864207822 0.7881936429225659 0.979994648199884 0.7638194086448629 0.9770401955601624
0 0.8177381693197817 0.2916071831447543 0.8827361273936567 0.2896375480516066 0.85171437467658 0.9996909991313613 0.7933639350420787 0.9977213640382134
0 0.8975083905922646 0.2896375480516066 0.9588132828664875 0.28668309541188497 0.9240984643497588 1.0 0.8672252510351183 0.9987061815847874
