0 0.02075703463955434 0.2649613518209008 0.10918877354863514 0.2635576734255186 0.09971394437980506 0.7787076445307987 0.004965652691504201 0.7759002877400343
0 0.11234704993824517 0.2635576734255186 0.1913039596784959 0.26917238700704754 0.18709292449234918 0.7801113229261809 0.09866118558326838 0.7815150013215632
0 0.20077878884732595 0.2916312413331633 0.24920569348801305 0.2916312413331633 0.25236396987762305 0.7857260365077098 0.19025120088195918 0.7885333932984744
0 0.2607860402499165 0.29584227651931 0.317635015262897 0.29724595491469225 0.30921294489060364 0.7857260365077098 0.24710017589493968 0.7815150013215632
0 0.3228988092455804 0.2874202061470166 0.3797477842585609 0.2916312413331633 0.3734312314793409 0.7885333932984744 0.3050019097044569 0.7899370716938565
0 0.37764226666548756 0.2916312413331633 0.4397550356611514 0.2930349197285455 0.43133296528885806 0.7913407500892389 0.37764226666548756 0.7913407500892389
0 0.43659675927154146 0.2874202061470166 0.4955512518775953 0.2874202061470166 0.499762287063742 0.7969554636707677 0.43659675927154146 0.792744428484621
0 0.499762287063742 0.2888238845423988 0.5576640208732593 0.28461284935625214 0.5587167796697958 0.7969554636707677 0.5018678046568154 0.7983591420661499
0 0.5576640208732593 0.2888238845423988 0.613460237089703 0.2916312413331633 0.6218823074619965 0.7997628204615322 0.5597695384663325 0.7969554636707677
0 0.6176712722758497 0.2986496333100745 0.6713619708992202 0.29724595491469225 0.6808368000680503 0.7941481068800033 0.619776789868923 0.792744428484621
0 0.6734674884922935 0.2888238845423988 0.7355802574879575 0.2916312413331633 0.7440023278602508 0.8011664988569145 0.6861005940507336 0.7997628204615322
0 0.7345274986914208 0.27478710058857647 0.7576881922152277 0.271979743797812 0.7713740565702044 0.7997628204615322 0.7440023278602508 0.7997628204615322
0 0.7566354334186909 0.27759445737934096 0.7924292325009379 0.2761907789839587 0.8071678556524514 0.7997628204615322 0.7713740565702044 0.792744428484621
0 0.7987457852801579 0.26917238700704754 0.8366451019554784 0.2705760654024298 0.8545420014966019 0.7997628204615322 0.8145371672282082 0.7983591420661499
0 0.8387506195485518 0.32531952282233695 0.8608585542758219 0.3239158444269547 0.8808609714100188 0.8025701772522966 0.8555947602931385 0.803973855647679
