0 0.040525739320920046 0.09255202628696603 0.10624315443592552 0.08378970427163199 0.25958378970427165 0.8008397225264695 0.208105147864184 0.8183643665571376
0 0.1303395399780942 0.08378970427163199 0.19277108433734938 0.07356699525374225 0.3143483023001095 0.8008397225264695 0.27163198247535597 0.8066812705366923
0 0.20591456736035046 0.07648776925885359 0.26944140197152244 0.06772544724351953 0.36801752464403065 0.789156626506024 0.3187294633077765 0.7949981745162468
0 0.29244249726177435 0.13198247535596933 0.3428258488499452 0.12906170135085798 0.4282584884994523 0.7833150784958014 0.3866374589266155 0.7949981745162468
0 0.3559693318729463 0.11737860533041256 0.41511500547645125 0.11591821832785687 0.47754654983570644 0.7774735304855787 0.4315443592552026 0.7920774005111354
0 0.42059145673603504 0.10569550930996714 0.49069003285870755 0.09839357429718874 0.5345016429353778 0.7745527564804673 0.4874041621029573 0.78039430449069
0 0.4939759036144578 0.0823293172690763 0.5465498357064622 0.07210660825118656 0.583789704271632 0.7643300474625776 0.5399780941949616 0.7701715954728003
0 0.5509309967141293 0.07794815626140927 0.6067907995618839 0.06626506024096385 0.6385542168674699 0.7584884994523549 0.5859802847754655 0.7657904344651332
0 0.6232201533406352 0.07356699525374225 0.6736035049288062 0.07210660825118656 0.6867469879518072 0.7453450164293537 0.6385542168674699 0.7541073384446878
0 0.7842278203723987 0.04874041621029573 0.8192771084337349 0.04581964220518437 0.7984665936473164 0.739503468419131 0.7667031763417306 0.7468054034319095
0 0.8258488499452354 0.038517707192405985 0.8587075575027382 0.035596933187294635 0.8280394304490689 0.7424242424242423 0.8028477546549835 0.7497261774370209
0 0.8652792990142387 0.03267615918218328 0.9058050383351588 0.0312157721796276 0.864184008762322 0.7365826944140198 0.8346111719605696 0.739503468419131
0 0.9123767798466593 0.016611902154070827 0.9846659364731654 0.020993063161737862 0.927710843373494 0.7468054034319095 0.8718510405257394 0.7482657904344651
