0 0.0400604198671382 0.09284815010343 0.09263767275974165 0.09178598337832691 0.13087567486345328 0.7779456877949298 0.10936679868011548 0.7853808548706516 0.06475579622578528 0.4773525045907524
0 0.10219717328566956 0.2319919910919362 0.13724867521407189 0.23411632454214237 0.1404351753893812 0.2468623252433796 0.1348588000825899 0.251110992143792 0.16911367696716487 0.7853808548706516 0.1348588000825899 0.7917538552212702
0 0.13645205017024456 0.2532353255939982 0.17150355209864687 0.2521731588688951 0.2009786787202579 0.8066241893727136 0.1754866773177835 0.8087485228229198
0 0.16991030201099222 0.21499732349028655 0.2511660564813794 0.2213703238409052 0.26470868222644395 0.8087485228229198 0.20496180393939453 0.8161836898986415
0 0.257539056831998 0.2213703238409052 0.32604881060114804 0.22349465729111137 0.3300319358202846 0.8076863560978166 0.2989635591110189 0.8108728562731259 0.2702850575332353 0.8066241893727136
0 0.3292353107764573 0.22349465729111137 0.4001349396770893 0.23092982436683307 0.389778814107334 0.8129971897233322 0.3539306871351044 0.8204323567990538 0.333218435995594 0.8151215231735384
0 0.4049146899400532 0.22880549091662689 0.43757631673697356 0.22880549091662689 0.42562694107956367 0.8204323567990538 0.40172818976474395 0.8204323567990538
0 0.4447459421314195 0.22668115746642067 0.4718311936215486 0.22561899074131758 0.4566953177888294 0.8193701900739508 0.43120331638635495 0.8204323567990538
0 0.4782041939721672 0.24580015851827647 0.5483071978289717 0.24898665869358577 0.5180354461635334 0.8310540240500849 0.46227169309562066 0.8374270244007034
0 0.5538835731357631 0.2521731588688951 0.6255798270802223 0.2521731588688951 0.5857485748888561 0.832116190775188 0.5275949466894614 0.8331783575002911
0 0.631952827430841 0.2542974923191013 0.7076322065944368 0.2564218257693075 0.6526650785703514 0.8416756913011159 0.5913249501956473 0.842737858026219
0 0.7148018319888828 0.2553596590442044 0.793667711327788 0.2542974923191013 0.7195815822518468 0.8597325256278685 0.6606313290086246 0.8607946923529717
0 0.8040238368975432 0.26067049266971987 0.8860762164117576 0.25960832594461675 0.7960575864592699 0.8756650265044151 0.7355140831283933 0.8820380268550337
0 0.8964323419815129 0.2585461592195137 0.9665353458383176 0.2542974923191013 0.8629740901407653 0.8767271932295181 0.8040238368975432 0.8873488604805492
0 0.9745015962765909 0.2564218257693075 0.9999999999999999 0.2564218257693075 0.9999999999999999 0.5283365073957011 0.93307709399757 0.8777893599546213 0.8677538404037294 0.8809758601299306
