0 0.03943044906900329 0.20062066447608615 0.13691128148959472 0.7015334063526835 0.07119386637458926 0.7015334063526835 0.001095290251916758 0.36564439576487767 0.0 0.21376414749908723
0 0.04709748083242059 0.22544724351953266 0.13581599123767799 0.21522453450164294 0.2135815991237678 0.6986126323475721 0.14348302300109528 0.7073749543629062
0 0.1511500547645126 0.21522453450164294 0.17305585980284774 0.21230376049653155 0.24315443592552027 0.6913106973347937 0.22782037239868563 0.6986126323475721
0 0.1741511500547645 0.2298284045271997 0.18729463307776562 0.22836801752464403 0.2606790799561884 0.7146768893756845 0.24205914567360348 0.7175976633807959
0 0.19386637458926614 0.23713033953997809 0.21029572836801752 0.23128879152975537 0.28039430449069 0.7248995983935742 0.25958378970427165 0.7248995983935742
0 0.2157721796276013 0.23420956553486674 0.23001095290251916 0.22836801752464403 0.3012048192771084 0.7219788243884628 0.2792990142387733 0.7248995983935742
0 0.23767798466593645 0.22836801752464403 0.25629791894852133 0.22544724351953266 0.32092004381161005 0.7205184373859073 0.2990142387732749 0.7234392113910186
0 0.25958378970427165 0.22836801752464403 0.27710843373493976 0.22252646951442132 0.33406352683461116 0.7190580503833515 0.3176341730558598 0.7205184373859073
0 0.2792990142387733 0.22836801752464403 0.2946330777656079 0.22544724351953266 0.3537787513691128 0.7146768893756845 0.3362541073384447 0.7248995983935742
0 0.30339539978094193 0.22544724351953266 0.3187294633077765 0.22398685651697697 0.3723986856516977 0.7175976633807959 0.3570646221248631 0.7190580503833515
0 0.32311062431544363 0.22836801752464403 0.3362541073384447 0.22690763052208834 0.3428258488499452 0.22252646951442132 0.3910186199342826 0.7234392113910186 0.3713033953997809 0.7248995983935742
0 0.3559693318729463 0.22544724351953266 0.39320920043811614 0.2298284045271997 0.43044906900328583 0.7161372763782403 0.3943044906900328 0.7219788243884628
0 0.4008762322015334 0.22544724351953266 0.4414019715224534 0.22252646951442132 0.4654983570646221 0.7146768893756845 0.4348302300109529 0.7219788243884628
0 0.4501642935377875 0.22544724351953266 0.4939759036144578 0.21960569550930994 0.511500547645126 0.7234392113910186 0.4709748083242059 0.730741146403797
0 0.5027382256297919 0.22252646951442132 0.5432639649507119 0.21814530850675426 0.5553121577217962 0.7278203723986856 0.5136911281489595 0.730741146403797
0 0.5487404162102958 0.21814530850675426 0.5969331872946331 0.21522453450164294 0.6002190580503833 0.730741146403797 0.5575027382256298 0.7336619204089083
0 0.6035049288061336 0.21668492150419863 0.6527929901423877 0.21084337349397592 0.6407447973713033 0.7248995983935742 0.5991237677984665 0.7336619204089083
0 0.6582694414019714 0.20792259948886455 0.7031763417305585 0.20792259948886455 0.6834611171960568 0.72635998539613 0.6429353778751369 0.735122307411464
0 0.7174151150054764 0.1991602774735305 0.7634173055859802 0.20354143848119752 0.7294633077765608 0.7219788243884628 0.6900328587075575 0.7248995983935742
0 0.7743702081051479 0.19477911646586343 0.8116100766703177 0.1991602774735305 0.7677984665936473 0.7365826944140198 0.7393209200438116 0.7438846294267981
0 0.8214676889375684 0.20208105147864183 0.8619934282584885 0.20208105147864183 0.8138006571741511 0.7322015334063526 0.7699890470974808 0.7248995983935742
0 0.8707557502738225 0.1976998904709748 0.9299014238773274 0.1991602774735305 0.8543263964950712 0.7365826944140198 0.8083242059145673 0.730741146403797
0 0.9474260679079957 0.19623950346841912 0.9956188389923329 0.1976998904709748 0.9934282584884994 0.2634173055859803 0.9079956188389923 0.7526469514421321 0.8587075575027382 0.7511865644395764
