0 0.0 0.1825922309027778 0.04826385498046875 0.17925889756944446 0.17826385498046876 0.9525922309027778 0.13451385498046875 0.9575922309027778
0 0.05826385498046875 0.22592556423611113 0.11701385498046875 0.2225922309027778 0.23076385498046875 0.9625922309027778 0.17701385498046876 0.9692588975694445
0 0.12201385498046875 0.21925889756944444 0.19326385498046875 0.21592556423611112 0.27826385498046874 0.9592588975694445 0.23201385498046875 0.9592588975694445
0 0.19826385498046875 0.2225922309027778 0.26451385498046875 0.21592556423611112 0.32951385498046876 0.9475922309027778 0.28076385498046874 0.9525922309027778
0 0.27201385498046876 0.1875922309027778 0.38701385498046875 0.1925922309027778 0.4145138549804688 0.9525922309027778 0.33201385498046876 0.9559255642361112
0 0.39201385498046876 0.27592556423611114 0.42076385498046875 0.26925889756944443 0.44076385498046877 0.9559255642361112 0.4170138549804687 0.9625922309027778
0 0.42326385498046876 0.20925889756944446 0.45201385498046875 0.20759223090277779 0.46451385498046877 0.9625922309027778 0.44201385498046875 0.9659255642361112
0 0.45701385498046876 0.20925889756944446 0.48951385498046873 0.20925889756944446 0.49326385498046876 0.9609255642361112 0.47201385498046877 0.9625922309027778
0 0.49451385498046874 0.20925889756944446 0.5220138549804687 0.20759223090277779 0.5157638549804687 0.9659255642361112 0.49201385498046873 0.9659255642361112
0 0.5270138549804687 0.19592556423611113 0.5532638549804687 0.19425889756944445 0.5445138549804688 0.9625922309027778 0.5195138549804688 0.9625922309027778
0 0.5557638549804688 0.19425889756944445 0.5995138549804687 0.19425889756944445 0.5720138549804688 0.9692588975694445 0.5457638549804688 0.9675922309027778
0 0.5995138549804687 0.19425889756944445 0.6420138549804687 0.1925922309027778 0.6045138549804687 0.9692588975694445 0.5745138549804687 0.9692588975694445
0 0.6445138549804688 0.1925922309027778 0.6845138549804688 0.1925922309027778 0.6345138549804688 0.9692588975694445 0.6070138549804688 0.9659255642361112
0 0.6857638549804688 0.18925889756944445 0.7295138549804687 0.1925922309027778 0.6670138549804687 0.9692588975694445 0.6357638549804687 0.9659255642361112
0 0.7270138549804688 0.18925889756944445 0.7745138549804688 0.18592556423611112 0.6995138549804687 0.9709255642361112 0.6695138549804688 0.9659255642361112
