0 0.08118052164713539 0.09925889756944438 0.14243052164713538 0.10592556423611105 0.10868052164713539 0.8892588975694443 0.04243052164713539 0.8892588975694443
0 0.16868052164713537 0.13092556423611104 0.24243052164713538 0.12259223090277771 0.2461805216471354 0.8692588975694443 0.17118052164713538 0.875925564236111
0 0.2499305216471354 0.1292588975694444 0.3161805216471354 0.12759223090277771 0.3186805216471354 0.8775922309027777 0.2499305216471354 0.875925564236111
0 0.3261805216471354 0.13759223090277772 0.3949305216471354 0.13092556423611104 0.3936805216471354 0.8875922309027777 0.3211805216471354 0.8792588975694443
0 0.39868052164713536 0.12592556423611104 0.46368052164713536 0.12592556423611104 0.46868052164713536 0.8925922309027777 0.39618052164713535 0.890925564236111
0 0.47368052164713537 0.1292588975694444 0.5511805216471354 0.11592556423611104 0.5449305216471354 0.8942588975694443 0.46868052164713536 0.8875922309027777
0 0.5524305216471354 0.12592556423611104 0.6361805216471353 0.11425889756944438 0.6261805216471353 0.8992588975694443 0.5436805216471354 0.8925922309027777
0 0.6386805216471354 0.12092556423611105 0.7074305216471353 0.11592556423611104 0.7086805216471352 0.8925922309027777 0.6299305216471354 0.8892588975694443
0 0.7186805216471353 0.11092556423611105 0.7949305216471353 0.10425889756944438 0.7861805216471353 0.9075922309027776 0.7074305216471353 0.9025922309027776
0 0.7986805216471352 0.11259223090277772 0.8836805216471353 0.09925889756944438 0.8924305216471352 0.9175922309027776 0.8049305216471353 0.9125922309027776
0 0.9136805216471353 0.21592556423611106 0.9774305216471353 0.20925889756944438 1.0 0.915925564236111 0.9311805216471353 0.9175922309027776
