0 0.01050000 0.82516667 0.00012500 0.82500000 0.00025000 0.17283333 0.03325000 0.17550000 0.03837500 0.18200000 0.03112500 0.34533333 0.03187500 0.38700000 0.02512500 0.49433333 0.02312500 0.60933333 0.01912500 0.63833333 0.02012500 0.72500000 0.01612500 0.74800000 0.01437500 0.82233333
0 0.06600000 0.83183333 0.03300000 0.83050000 0.01737500 0.82300000 0.02237500 0.76400000 0.02437500 0.65866667 0.03012500 0.62400000 0.02912500 0.46500000 0.03262500 0.39766667 0.03737500 0.36966667 0.04062500 0.18500000 0.04275000 0.17950000 0.05175000 0.17750000 0.09662500 0.18266667 0.08812500 0.45366667 0.08162500 0.55633333 0.08312500 0.62433333 0.07662500 0.75633333 0.07662500 0.81866667 0.07550000 0.82683333
0 0.12775000 0.83916667 0.08525000 0.83516667 0.07787500 0.82733333 0.08237500 0.76400000 0.08362500 0.64933333 0.08737500 0.62333333 0.08637500 0.55733333 0.09787500 0.18766667 0.09975000 0.17950000 0.10625000 0.17783333 0.15100000 0.18016667 0.15537500 0.18566667 0.14387500 0.51333333 0.14387500 0.66300000 0.13437500 0.83400000
0 0.19000000 0.84916667 0.14625000 0.84650000 0.13825000 0.84316667 0.13562500 0.83500000 0.13812500 0.78233333 0.15462500 0.66233333 0.14762500 0.65066667 0.14837500 0.64266667 0.15537500 0.63933333 0.15562500 0.63166667 0.15462500 0.62533333 0.15012500 0.62300000 0.14862500 0.60800000 0.14637500 0.51733333 0.14962500 0.41766667 0.15337500 0.38866667 0.15637500 0.19166667 0.15825000 0.17950000 0.16950000 0.17683333 0.20800000 0.17850000 0.21775000 0.18083333 0.21962500 0.18500000 0.21387500 0.42766667 0.20712500 0.52566667 0.20662500 0.63933333 0.19937500 0.73966667 0.20162500 0.81066667 0.19937500 0.84433333
0 0.26050000 0.85383333 0.20625000 0.84983333 0.20112500 0.83966667 0.20287500 0.78300000 0.20737500 0.74933333 0.20462500 0.69600000 0.21412500 0.49133333 0.22037500 0.21400000 0.22162500 0.18533333 0.22475000 0.18083333 0.27125000 0.18183333 0.27975000 0.18316667 0.28212500 0.18733333 0.27612500 0.47100000 0.26412500 0.74000000 0.26487500 0.84300000
0 0.32250000 0.86116667 0.27875000 0.85850000 0.26537500 0.85200000 0.27712500 0.54800000 0.28312500 0.19333333 0.28725000 0.18083333 0.34712500 0.18600000 0.33512500 0.65233333 0.33062500 0.69800000 0.32937500 0.84033333 0.32862500 0.85766667
0 0.38950000 0.86750000 0.33800000 0.86550000 0.33012500 0.85766667 0.33687500 0.70766667 0.34637500 0.68966667 0.34212500 0.66566667 0.33762500 0.67066667 0.33687500 0.64300000 0.34012500 0.60766667 0.34812500 0.18966667 0.35475000 0.18383333 0.40500000 0.18483333 0.41012500 0.18933333 0.40562500 0.47133333 0.40087500 0.64333333 0.39650000 0.70050000 0.39275000 0.66450000 0.38987500 0.68933333 0.39137500 0.70533333 0.39275000 0.70783333 0.39625000 0.70150000 0.39712500 0.70466667 0.39837500 0.78566667 0.39587500 0.86166667
0 0.45700000 0.87116667 0.40925000 0.86950000 0.39925000 0.86583333 0.39837500 0.85966667 0.39937500 0.79866667 0.40312500 0.77966667 0.40437500 0.72100000 0.40787500 0.70533333 0.40337500 0.66500000 0.40412500 0.61066667 0.41187500 0.20333333 0.41262500 0.18966667 0.41650000 0.18550000 0.46500000 0.18550000 0.47450000 0.18783333 0.47637500 0.19233333 0.47087500 0.54800000 0.46337500 0.73233333 0.46637500 0.73633333 0.46712500 0.75200000 0.46712500 0.81633333 0.46537500 0.86566667
0 0.51925000 0.87483333 0.47325000 0.87083333 0.46812500 0.86566667 0.46937500 0.79400000 0.47362500 0.75666667 0.47212500 0.64966667 0.47987500 0.20366667 0.48250000 0.19150000 0.53500000 0.19316667 0.54212500 0.19766667 0.53537500 0.67200000 0.53087500 0.71300000 0.53362500 0.85866667 0.52975000 0.87350000
0 0.58950000 0.88050000 0.54425000 0.87583333 0.53862500 0.87266667 0.53662500 0.86533333 0.54412500 0.20366667 0.54500000 0.19716667 0.55250000 0.19383333 0.59825000 0.19550000 0.60312500 0.19800000 0.60512500 0.20533333 0.60037500 0.70866667 0.60437500 0.79100000 0.60362500 0.86933333 0.60100000 0.87850000
0 0.65050000 0.89016667 0.61950000 0.88516667 0.61025000 0.88116667 0.60712500 0.87433333 0.60912500 0.20033333 0.61062500 0.16200000 0.61850000 0.15716667 0.65750000 0.16050000 0.65987500 0.16833333 0.65587500 0.46066667 0.65837500 0.88533333
0 0.70725000 0.89916667 0.67225000 0.89316667 0.65937500 0.88100000 0.65962500 0.20300000 0.66350000 0.15050000 0.72000000 0.14416667 0.72925000 0.14650000 0.73462500 0.15633333 0.73137500 0.41533333 0.73187500 0.88533333 0.72625000 0.89683333
0 0.78300000 0.90616667 0.74250000 0.89683333 0.73437500 0.88933333 0.73287500 0.87200000 0.73587500 0.16133333 0.74000000 0.15150000 0.76375000 0.14716667 0.80275000 0.14983333 0.80512500 0.15800000 0.80612500 0.89466667 0.80275000 0.90216667
0 0.87800000 0.90983333 0.83125000 0.90450000 0.81150000 0.89683333 0.80812500 0.88666667 0.80662500 0.49833333 0.80912500 0.33300000 0.81362500 0.26000000 0.81212500 0.19033333 0.81725000 0.16216667 0.86150000 0.15416667 0.89625000 0.15716667 0.89812500 0.16600000 0.89112500 0.90100000 0.88875000 0.90650000
0 0.96725000 0.91450000 0.93675000 0.91250000 0.89775000 0.90050000 0.89487500 0.89433333 0.89387500 0.85800000 0.90087500 0.17766667 0.90462500 0.16233333 0.91375000 0.15816667 0.95425000 0.15416667 0.98650000 0.15750000 0.98962500 0.16600000 0.98437500 0.34400000 0.98187500 0.88900000 0.97887500 0.91200000
