0 0.96450000 0.83616667 0.92000000 0.83283333 0.90487500 0.82633333 0.90812500 0.74633333 0.91437500 0.67800000 0.91887500 0.55233333 0.92887500 0.42400000 0.93662500 0.24433333 0.95000000 0.23950000 0.99975000 0.23750000 0.99975000 0.47633333 0.99787500 0.47766667 0.99337500 0.52533333 0.97162500 0.82666667 0.97037500 0.83400000
0 0.88975000 0.83083333 0.87487500 0.82733333 0.87487500 0.80200000 0.89987500 0.27866667 0.90400000 0.25150000 0.92975000 0.25083333 0.93537500 0.25400000 0.93587500 0.26500000 0.93012500 0.33000000 0.92787500 0.40366667 0.91412500 0.57100000 0.90562500 0.77933333 0.90212500 0.82666667
0 0.84600000 0.84250000 0.82225000 0.84216667 0.81812500 0.83833333 0.83387500 0.25500000 0.83587500 0.23666667 0.84450000 0.22983333 0.89700000 0.22783333 0.90037500 0.23366667 0.90087500 0.24433333 0.87662500 0.72100000 0.87387500 0.82500000 0.86900000 0.83983333
0 0.77475000 0.85016667 0.76350000 0.84983333 0.75812500 0.84266667 0.76437500 0.57766667 0.76612500 0.23633333 0.77500000 0.23050000 0.82675000 0.23116667 0.83287500 0.23666667 0.83262500 0.26433333 0.81687500 0.83900000 0.81200000 0.84383333
0 0.72225000 0.85216667 0.70500000 0.85083333 0.69562500 0.83966667 0.69162500 0.64366667 0.69237500 0.25600000 0.69337500 0.24466667 0.69775000 0.24050000 0.71575000 0.23616667 0.75500000 0.23483333 0.76000000 0.23583333 0.76162500 0.24300000 0.75512500 0.84566667 0.74675000 0.85050000
0 0.67050000 0.84550000 0.63900000 0.84483333 0.63262500 0.83900000 0.62562500 0.55633333 0.61412500 0.25666667 0.61512500 0.24266667 0.61900000 0.23683333 0.67800000 0.23316667 0.68237500 0.23600000 0.68337500 0.24266667 0.69187500 0.84000000 0.68950000 0.84416667
0 0.60600000 0.84283333 0.58025000 0.84216667 0.57562500 0.83466667 0.54812500 0.27300000 0.54887500 0.25200000 0.55450000 0.24316667 0.60200000 0.23816667 0.60775000 0.23816667 0.61212500 0.24433333 0.63162500 0.82066667 0.63112500 0.83366667 0.62750000 0.83983333
0 0.47875000 0.83183333 0.46725000 0.83050000 0.46287500 0.82600000 0.45387500 0.74100000 0.41562500 0.28900000 0.41587500 0.25133333 0.42350000 0.24683333 0.47100000 0.24383333 0.47562500 0.27633333 0.51562500 0.81966667 0.51375000 0.82950000
0 0.54400000 0.83850000 0.52550000 0.83750000 0.51887500 0.83200000 0.51737500 0.82633333 0.47737500 0.25800000 0.47837500 0.24900000 0.48750000 0.24416667 0.53250000 0.23950000 0.54125000 0.24083333 0.54512500 0.25233333 0.55512500 0.48800000 0.57462500 0.82933333 0.57250000 0.83650000
0 0.44925000 0.82250000 0.44287500 0.81866667 0.43762500 0.76900000 0.43262500 0.70700000 0.43387500 0.69300000 0.42762500 0.65066667 0.40537500 0.38200000 0.39787500 0.31766667 0.39537500 0.28733333 0.40425000 0.28216667 0.41287500 0.28300000 0.41762500 0.32200000 0.43012500 0.48033333 0.43587500 0.52566667 0.44087500 0.63100000 0.45137500 0.71166667 0.45937500 0.80000000 0.45962500 0.81900000
0 0.43225000 0.82850000 0.42300000 0.82683333 0.41862500 0.81100000 0.41687500 0.76566667 0.41062500 0.72066667 0.39037500 0.47800000 0.37162500 0.29933333 0.37375000 0.29116667 0.38000000 0.28916667 0.39487500 0.29133333 0.40512500 0.38966667 0.40737500 0.43966667 0.42187500 0.57566667 0.42562500 0.64433333 0.44187500 0.81600000 0.43975000 0.82683333
0 0.40975000 0.82683333 0.40262500 0.82233333 0.39587500 0.78400000 0.35687500 0.36166667 0.34962500 0.31566667 0.35237500 0.30666667 0.35137500 0.29500000 0.35700000 0.29083333 0.36937500 0.29500000 0.37337500 0.31433333 0.41862500 0.79066667 0.41937500 0.81833333 0.41675000 0.82383333
0 0.38900000 0.82750000 0.37987500 0.82300000 0.37537500 0.79533333 0.37337500 0.75533333 0.36487500 0.69733333 0.36287500 0.65333333 0.34262500 0.44300000 0.32787500 0.31433333 0.32737500 0.29666667 0.33025000 0.28983333 0.34600000 0.28983333 0.34962500 0.29900000 0.34937500 0.31833333 0.35912500 0.39266667 0.39412500 0.77166667 0.39987500 0.81400000 0.39900000 0.82283333
0 0.36925000 0.82716667 0.36175000 0.82616667 0.35862500 0.81966667 0.35212500 0.76766667 0.34837500 0.70933333 0.34462500 0.69000000 0.34587500 0.68533333 0.34137500 0.67433333 0.34112500 0.63766667 0.33462500 0.57600000 0.33062500 0.54366667 0.32412500 0.52133333 0.32487500 0.48233333 0.32187500 0.47133333 0.32362500 0.46666667 0.30537500 0.29166667 0.31325000 0.28550000 0.32250000 0.28516667 0.32637500 0.29100000 0.34387500 0.47766667 0.35137500 0.53266667 0.36362500 0.68600000 0.37862500 0.81000000 0.38125000 0.81750000 0.39050000 0.81183333 0.39275000 0.80416667 0.39662500 0.80533333 0.39650000 0.82283333 0.39200000 0.82450000 0.38100000 0.81850000
0 0.00060976 0.27642276 0.02743902 0.27642276 0.08780488 0.81788618 0.05914634 0.82357724 0.00000000 0.36045752
0 0.00000000 0.37723577 0.05853659 0.82357724 0.02804878 0.82357724 0.00000000 0.61387921
0 0.02865854 0.29918699 0.04634146 0.29837398 0.10731707 0.81788618 0.08902439 0.82113821
0 0.04695122 0.29593496 0.07012195 0.29268293 0.12743902 0.81869919 0.10548780 0.82113821
0 0.06951220 0.28943089 0.08902439 0.28780488 0.15000000 0.81788618 0.13048780 0.82357724
0 0.09024390 0.29024390 0.11341463 0.28943089 0.17134146 0.82113821 0.15000000 0.82032520
0 0.12621951 0.29349593 0.14207317 0.29105691 0.20121951 0.82032520 0.18414634 0.82520325
0 0.14146341 0.29024390 0.15914634 0.28780488 0.22073171 0.82439024 0.20121951 0.82439024
0 0.15975610 0.29186992 0.17865854 0.29268293 0.24390244 0.82357724 0.22073171 0.82601626
0 0.17987805 0.28943089 0.19878049 0.28780488 0.26280488 0.82276423 0.24390244 0.82601626
0 0.19878049 0.28943089 0.22134146 0.28861789 0.27926829 0.82926829 0.26158537 0.82845528
0 0.21829268 0.28617886 0.24085366 0.28617886 0.29695122 0.82926829 0.27987805 0.83495935
0 0.24085366 0.28455285 0.25792683 0.28211382 0.31890244 0.82113821 0.29817073 0.82764228
0 0.26097561 0.28780488 0.28170732 0.28536585 0.34207317 0.83008130 0.32500000 0.83333333 0.31890244 0.83008130
0 0.28231707 0.29430894 0.30365854 0.29430894 0.35853659 0.82439024 0.34024390 0.82764228
