0 0.09150000 0.77250000 0.07975000 0.77183333 0.07462500 0.76766667 0.00762500 0.50200000 0.00212500 0.48500000 0.00012500 0.48466667 0.00025000 0.26616667 0.00262500 0.26766667 0.00387500 0.27933333 0.01062500 0.29833333 0.01562500 0.32666667 0.06862500 0.54133333 0.07887500 0.59133333 0.11687500 0.74000000 0.11862500 0.75266667 0.11575000 0.76050000 0.10750000 0.76816667
0 0.13575000 0.75950000 0.12300000 0.75716667 0.11837500 0.74833333 0.10912500 0.69933333 0.10337500 0.68566667 0.04762500 0.45266667 0.01187500 0.29133333 0.00012500 0.25633333 0.00025000 0.11916667 0.01650000 0.12083333 0.02112500 0.12766667 0.15962500 0.72933333 0.16137500 0.74500000 0.15825000 0.75150000 0.15450000 0.75616667
0 0.17675000 0.75150000 0.16387500 0.74800000 0.15587500 0.70466667 0.14912500 0.68566667 0.06712500 0.30833333 0.04887500 0.23700000 0.04412500 0.20533333 0.03187500 0.16233333 0.02937500 0.13666667 0.03012500 0.12733333 0.03400000 0.12550000 0.06050000 0.12416667 0.06712500 0.13066667 0.07462500 0.17400000 0.08037500 0.18566667 0.08012500 0.19500000 0.08562500 0.20900000 0.09487500 0.26400000 0.10262500 0.27566667 0.10337500 0.29400000 0.10762500 0.29900000 0.11012500 0.31400000 0.11112500 0.34266667 0.11912500 0.36533333 0.12337500 0.36900000 0.12612500 0.39966667 0.13587500 0.43533333 0.16362500 0.59966667 0.17162500 0.61966667 0.17487500 0.65133333 0.17787500 0.65700000 0.17687500 0.67800000 0.18212500 0.68300000 0.18175000 0.68916667 0.17800000 0.68650000 0.17487500 0.68966667 0.18150000 0.69483333 0.18587500 0.69166667 0.19562500 0.73633333 0.19600000 0.74850000
0 0.21675000 0.76083333 0.20525000 0.75950000 0.20112500 0.75533333 0.19212500 0.70533333 0.18462500 0.68300000 0.17137500 0.60266667 0.15712500 0.54966667 0.12337500 0.37100000 0.11137500 0.35166667 0.11112500 0.30733333 0.10362500 0.28433333 0.10462500 0.27533333 0.09562500 0.25333333 0.08987500 0.21333333 0.08012500 0.19433333 0.07087500 0.14666667 0.07212500 0.13166667 0.08875000 0.12250000 0.10050000 0.12216667 0.10487500 0.12633333 0.11262500 0.17400000 0.11662500 0.18200000 0.17912500 0.46266667 0.21162500 0.63666667 0.22487500 0.68966667 0.22762500 0.71700000 0.23237500 0.72100000 0.23437500 0.74866667
0 0.26100000 0.77716667 0.25175000 0.77716667 0.24762500 0.77233333 0.21812500 0.66166667 0.18262500 0.47533333 0.14637500 0.31566667 0.13962500 0.26900000 0.10937500 0.14733333 0.10762500 0.13066667 0.11100000 0.12616667 0.13850000 0.12450000 0.14300000 0.12616667 0.14712500 0.13466667 0.15862500 0.20533333 0.17237500 0.24833333 0.19587500 0.37266667 0.20912500 0.42066667 0.21412500 0.45933333 0.21712500 0.46366667 0.23312500 0.54533333 0.23512500 0.57633333 0.24062500 0.58800000 0.24037500 0.60366667 0.24337500 0.60733333 0.25887500 0.69366667 0.26362500 0.70133333 0.26212500 0.70866667 0.26637500 0.72033333 0.26662500 0.73233333 0.27787500 0.76000000 0.27550000 0.76983333
0 0.89775000 0.77783333 0.87212500 0.77533333 0.87362500 0.74400000 0.96912500 0.13266667 0.97475000 0.11150000 0.99975000 0.10950000 0.99975000 0.31033333 0.99387500 0.33000000 0.97712500 0.41966667 0.91412500 0.77200000
0 0.84975000 0.78550000 0.82875000 0.77983333 0.82187500 0.77166667 0.82087500 0.76466667 0.84012500 0.60766667 0.84512500 0.52566667 0.85637500 0.45133333 0.86037500 0.39266667 0.89462500 0.12433333 0.89900000 0.11450000 0.90425000 0.11250000 0.96275000 0.11316667 0.96937500 0.11900000 0.96812500 0.13400000 0.87712500 0.72100000 0.87187500 0.77133333 0.86550000 0.78183333
0 0.80725000 0.76850000 0.80100000 0.76816667 0.79962500 0.76466667 0.80612500 0.68533333 0.81562500 0.61566667 0.82912500 0.44600000 0.84787500 0.26700000 0.85837500 0.19433333 0.86087500 0.14800000 0.86575000 0.12150000 0.88550000 0.11816667 0.89037500 0.12300000 0.89012500 0.13933333 0.87162500 0.27900000 0.85162500 0.46700000 0.84162500 0.52900000 0.83087500 0.65066667 0.81587500 0.76366667
0 0.78725000 0.78750000 0.77125000 0.78383333 0.76787500 0.77066667 0.82537500 0.13233333 0.83025000 0.11883333 0.85900000 0.11850000 0.86387500 0.12300000 0.86312500 0.13233333 0.85362500 0.22500000 0.84562500 0.25966667 0.84187500 0.34200000 0.82062500 0.52500000 0.82137500 0.55100000 0.81537500 0.61533333 0.80962500 0.63466667 0.80162500 0.75233333 0.79537500 0.78433333
0 0.29125000 0.76416667 0.28087500 0.75966667 0.27312500 0.72833333 0.21337500 0.43200000 0.18737500 0.31833333 0.18362500 0.28366667 0.14962500 0.13966667 0.14912500 0.13100000 0.15300000 0.12683333 0.17550000 0.12450000 0.18087500 0.12733333 0.19662500 0.20533333 0.20512500 0.22866667 0.20487500 0.24033333 0.20862500 0.24800000 0.21937500 0.31900000 0.23787500 0.39033333 0.24337500 0.42800000 0.25662500 0.48233333 0.26437500 0.52933333 0.26237500 0.53366667 0.26512500 0.55266667 0.30362500 0.74433333 0.30462500 0.76000000
0 0.18041667 0.12333333 0.21875000 0.12000000 0.33625000 0.77000000 0.30791667 0.77222222
0 0.21958333 0.12555556 0.25208333 0.12111111 0.36458333 0.76888889 0.33791667 0.78111111
0 0.25458333 0.12777778 0.28958333 0.12000000 0.38958333 0.76777778 0.36875000 0.77555556
0 0.29375000 0.12555556 0.32791667 0.12444444 0.41791667 0.77666667 0.39291667 0.77666667
0 0.33041667 0.12555556 0.36625000 0.12000000 0.44458333 0.77555556 0.42041667 0.78000000
0 0.36958333 0.12222222 0.40541667 0.11666667 0.47375000 0.76888889 0.44291667 0.77222222
0 0.40541667 0.12555556 0.44041667 0.12333333 0.49875000 0.77111111 0.47458333 0.77333333
0 0.44375000 0.12444444 0.47791667 0.12444444 0.52541667 0.77111111 0.50041667 0.77333333
0 0.48041667 0.12333333 0.51875000 0.12333333 0.54875000 0.76333333 0.52541667 0.77111111
0 0.52041667 0.12555556 0.55541667 0.12222222 0.57708333 0.77111111 0.55125000 0.77111111 0.52125000 0.14222222
0 0.55875000 0.12333333 0.59291667 0.12333333 0.60375000 0.77555556 0.57791667 0.77555556
0 0.59625000 0.12222222 0.62708333 0.12111111 0.62958333 0.76666667 0.60625000 0.77222222
0 0.63125000 0.12222222 0.67041667 0.12444444 0.65625000 0.77333333 0.63041667 0.77555556
0 0.67291667 0.12222222 0.71625000 0.12111111 0.68458333 0.78111111 0.65791667 0.77666667
0 0.71041667 0.12333333 0.74458333 0.11888889 0.71208333 0.78555556 0.68458333 0.78444444
0 0.75041667 0.12222222 0.79041667 0.12000000 0.74291667 0.78333333 0.71458333 0.78555556
0 0.79541667 0.11888889 0.82958333 0.12222222 0.76875000 0.78333333 0.74625000 0.78555556
