0 0.96075000 0.72750000 0.93275000 0.72483333 0.92687500 0.71566667 0.92462500 0.12666667 0.92162500 0.08800000 0.92525000 0.07983333 0.93450000 0.07216667 0.96775000 0.06850000 0.97137500 0.07233333 0.96937500 0.32466667 0.97187500 0.72166667 0.96950000 0.72616667
0 0.92400000 0.72483333 0.86575000 0.71983333 0.86087500 0.71666667 0.85937500 0.71033333 0.85737500 0.14133333 0.85962500 0.10366667 0.86675000 0.09383333 0.91075000 0.09650000 0.92237500 0.10366667 0.92637500 0.71733333
0 0.84925000 0.72016667 0.79200000 0.71316667 0.78575000 0.70916667 0.78312500 0.70233333 0.78312500 0.65733333 0.78787500 0.65500000 0.78562500 0.62600000 0.78812500 0.58866667 0.78587500 0.56466667 0.78787500 0.55900000 0.78262500 0.52966667 0.78237500 0.47100000 0.77937500 0.45933333 0.78237500 0.40833333 0.77937500 0.31866667 0.77937500 0.15800000 0.78237500 0.15100000 0.78587500 0.08833333 0.79450000 0.08483333 0.84225000 0.08283333 0.84975000 0.08650000 0.85237500 0.09566667 0.85837500 0.71033333 0.85625000 0.71783333
0 0.75800000 0.70150000 0.70500000 0.70116667 0.68862500 0.69333333 0.63712500 0.08433333 0.63912500 0.07266667 0.65475000 0.06083333 0.69025000 0.05683333 0.72475000 0.05816667 0.73037500 0.06366667 0.73262500 0.07600000 0.77862500 0.67266667 0.77762500 0.69566667
0 0.66675000 0.69816667 0.65000000 0.69383333 0.64637500 0.67566667 0.60912500 0.22833333 0.59637500 0.14266667 0.59937500 0.08766667 0.60375000 0.08316667 0.61500000 0.08116667 0.63100000 0.08183333 0.63537500 0.09133333 0.66312500 0.43966667 0.68562500 0.66000000 0.68612500 0.69366667
0 0.62025000 0.69283333 0.61150000 0.69216667 0.60712500 0.68600000 0.57962500 0.42466667 0.55512500 0.13966667 0.55600000 0.13050000 0.56575000 0.12650000 0.58525000 0.12683333 0.59362500 0.13266667 0.62462500 0.44933333 0.64487500 0.68233333 0.64050000 0.69016667
0 0.51800000 0.68250000 0.49450000 0.68016667 0.49237500 0.66666667 0.52112500 0.12533333 0.52550000 0.12016667 0.53475000 0.11950000 0.54775000 0.12283333 0.55037500 0.13666667 0.54162500 0.27700000 0.53362500 0.50633333 0.52812500 0.55633333 0.52287500 0.67700000
0 0.47875000 0.68016667 0.43675000 0.67616667 0.43062500 0.67166667 0.42962500 0.66566667 0.43937500 0.40833333 0.45537500 0.12366667 0.46287500 0.05866667 0.47075000 0.05083333 0.48325000 0.04850000 0.51725000 0.05383333 0.52287500 0.05700000 0.52512500 0.06466667 0.51787500 0.13600000 0.50962500 0.27533333 0.49012500 0.67033333 0.48800000 0.67850000
0 0.42125000 0.67450000 0.38875000 0.67150000 0.38712500 0.65800000 0.40687500 0.37266667 0.42087500 0.09666667 0.42400000 0.09283333 0.45125000 0.09350000 0.45612500 0.09733333 0.43837500 0.36266667 0.42812500 0.63533333 0.42562500 0.66966667
0 0.37825000 0.67083333 0.33425000 0.66550000 0.33087500 0.66233333 0.33087500 0.65266667 0.34037500 0.52766667 0.36337500 0.12000000 0.36925000 0.11116667 0.39725000 0.10950000 0.41225000 0.11316667 0.41387500 0.12400000 0.38962500 0.59600000 0.38462500 0.66200000 0.38262500 0.66866667
0 0.32700000 0.66416667 0.31312500 0.66200000 0.31337500 0.63000000 0.34562500 0.12533333 0.34787500 0.10766667 0.35750000 0.10150000 0.36512500 0.10800000 0.35987500 0.14800000 0.33037500 0.66000000
0 0.30700000 0.66216667 0.28200000 0.66050000 0.27837500 0.65833333 0.27837500 0.65400000 0.29412500 0.46300000 0.31387500 0.15433333 0.32012500 0.12000000 0.32537500 0.05633333 0.32975000 0.05116667 0.34225000 0.05016667 0.35387500 0.05700000 0.35937500 0.08066667 0.35562500 0.09966667 0.34787500 0.10466667 0.34512500 0.11500000 0.34187500 0.17400000 0.33762500 0.19766667 0.33412500 0.28300000 0.32337500 0.38866667 0.32587500 0.40966667 0.32187500 0.43333333 0.32262500 0.47666667 0.31887500 0.54500000 0.31337500 0.59566667 0.31137500 0.65100000
0 0.26625000 0.66016667 0.24800000 0.65850000 0.24687500 0.64200000 0.26187500 0.51400000 0.26687500 0.36900000 0.27012500 0.35000000 0.27137500 0.31400000 0.27837500 0.27566667 0.28712500 0.12566667 0.29100000 0.11616667 0.29850000 0.11516667 0.31575000 0.11916667 0.31637500 0.13566667 0.31287500 0.15166667 0.30637500 0.22700000 0.30037500 0.35800000 0.27737500 0.65500000 0.27550000 0.65883333
0 0.24100000 0.65583333 0.21350000 0.65316667 0.20912500 0.65033333 0.20912500 0.63866667 0.22037500 0.50200000 0.22412500 0.46600000 0.22637500 0.46300000 0.22462500 0.45700000 0.24562500 0.22133333 0.25087500 0.12333333 0.25675000 0.11850000 0.28250000 0.11816667 0.28612500 0.12333333 0.28437500 0.16166667 0.27162500 0.29566667 0.26912500 0.29900000 0.26112500 0.41166667 0.26112500 0.44833333 0.25987500 0.45800000 0.25262500 0.46300000 0.25950000 0.46483333 0.26062500 0.46833333 0.25637500 0.53833333 0.24462500 0.63433333 0.24462500 0.65100000
