0 0.04129979141578981 0.12044935172152324 0.13090674663596844 0.12510425848620782 0.18792935450335482 0.8823024255415701 0.11926947972425692 0.8869573323062547
0 0.1343979267094819 0.12510425848620782 0.22167742854731823 0.12355262289797964 0.26706276950299307 0.8978187814238522 0.19025680788569713 0.8900606034827112
0 0.235642148841372 0.12975916525089243 0.3252491040615506 0.12820752966266422 0.34386873112028904 0.8993704170120803 0.2693902228853354 0.8993704170120803
0 0.335722644282091 0.13906897878026164 0.4183472393552427 0.13596570760380525 0.4276570528846119 0.8854056967180265 0.35550599803200056 0.8760958831886574
0 0.42649332619344077 0.14062061436848983 0.5172640081047905 0.13596570760380525 0.505626741193079 0.9102318661296778 0.4311482329581254 0.904025323776765
0 0.5323924550900154 0.13441407201557704 0.6068709633249691 0.14062061436848983 0.5777777960456904 0.9164384084825906 0.5114453746489348 0.9117835017179059
0 0.6161807768543384 0.14372388554494625 0.6976416452363189 0.14527552113317446 0.659238664427671 0.9009220526003086 0.5847601561927174 0.8978187814238522
0 0.7104426388392016 0.15303369907431544 0.8023770474417226 0.15458533466254365 0.7360446260449669 0.896267145835624 0.6627298445011844 0.8947155102473957
0 0.8081956808975783 0.15148206348608725 0.8978026361177569 0.15458533466254365 0.8256515812651455 0.9102318661296778 0.7441907128831651 0.904025323776765
0 0.9188795790856933 0.1114283998589412 0.9991767207765028 0.10522185750602837 0.9991767207765028 0.3783097210341918 0.924698212541549 0.9400018039728006 0.8362549840125416 0.9337952616198878
