0 0.08325000 0.84216667 0.04350000 0.83816667 0.03587500 0.83366667 0.03237500 0.82000000 0.00537500 0.38800000 0.00237500 0.34533333 0.00012500 0.34366667 0.00012500 0.24266667 0.00575000 0.24016667 0.02525000 0.24450000 0.08937500 0.24433333 0.11362500 0.83000000 0.10825000 0.83916667
0 0.13100000 0.84383333 0.12225000 0.84316667 0.11662500 0.83800000 0.11337500 0.81600000 0.09162500 0.28800000 0.09112500 0.24500000 0.09575000 0.23650000 0.11125000 0.24183333 0.11975000 0.23783333 0.14175000 0.24416667 0.14312500 0.24800000 0.12525000 0.24950000 0.12187500 0.25766667 0.14412500 0.83333333 0.14200000 0.83850000
0 0.17575000 0.84216667 0.15225000 0.83816667 0.14637500 0.83433333 0.14487500 0.82666667 0.12262500 0.26666667 0.12312500 0.25633333 0.13125000 0.25083333 0.15900000 0.25150000 0.16387500 0.25866667 0.17587500 0.71300000 0.18162500 0.83366667 0.18112500 0.83800000
0 0.19775000 0.84816667 0.18875000 0.84750000 0.18412500 0.84200000 0.18062500 0.78400000 0.16362500 0.24900000 0.16487500 0.23166667 0.17225000 0.22883333 0.18550000 0.22883333 0.21075000 0.23616667 0.21787500 0.24066667 0.22187500 0.25166667 0.22050000 0.25750000 0.20100000 0.25950000 0.19512500 0.26400000 0.21237500 0.82866667 0.21062500 0.84233333
0 0.25600000 0.84516667 0.21700000 0.84016667 0.21287500 0.83233333 0.21087500 0.75666667 0.21262500 0.69566667 0.20862500 0.67133333 0.20337500 0.43100000 0.19612500 0.27233333 0.19712500 0.26366667 0.20250000 0.26183333 0.24050000 0.26316667 0.24362500 0.28333333 0.24487500 0.40200000 0.24887500 0.44666667 0.25887500 0.73266667 0.25862500 0.84233333
0 0.28925000 0.86183333 0.26775000 0.85750000 0.26062500 0.84600000 0.25937500 0.83633333 0.25962500 0.72600000 0.24412500 0.31500000 0.24612500 0.28333333 0.24312500 0.27266667 0.24737500 0.25200000 0.25475000 0.25050000 0.29500000 0.25350000 0.29812500 0.25933333 0.30162500 0.46300000 0.30187500 0.84366667 0.30012500 0.85800000
0 0.32850000 0.86716667 0.31325000 0.86583333 0.30312500 0.85766667 0.30362500 0.45500000 0.29912500 0.24733333 0.29987500 0.23133333 0.30400000 0.22650000 0.33512500 0.22900000 0.33812500 0.27633333 0.33987500 0.84333333 0.33912500 0.86166667
0 0.39750000 0.87016667 0.35350000 0.86450000 0.34650000 0.86150000 0.34337500 0.85166667 0.34187500 0.28933333 0.34425000 0.28216667 0.35650000 0.27416667 0.40575000 0.27550000 0.41262500 0.28066667 0.41487500 0.29333333 0.41237500 0.58066667 0.40862500 0.66233333 0.40862500 0.82633333 0.40537500 0.86533333
0 0.43575000 0.88950000 0.41225000 0.88516667 0.40962500 0.86033333 0.41912500 0.23233333 0.42050000 0.22783333 0.44475000 0.22450000 0.46950000 0.22850000 0.47137500 0.23333333 0.46537500 0.25533333 0.45137500 0.85433333 0.44937500 0.88100000
0 0.49475000 0.89016667 0.45850000 0.88516667 0.45262500 0.88100000 0.45237500 0.87566667 0.46912500 0.24900000 0.47062500 0.24033333 0.47450000 0.23716667 0.51800000 0.23950000 0.52187500 0.24766667 0.49987500 0.88533333
0 0.57750000 0.89716667 0.50925000 0.88983333 0.50287500 0.88133333 0.52912500 0.16200000 0.53700000 0.15350000 0.61525000 0.15650000 0.62337500 0.16400000 0.61387500 0.27500000 0.59212500 0.69200000 0.58837500 0.71666667 0.58962500 0.76300000 0.58362500 0.88866667
0 0.60550000 0.90083333 0.58737500 0.89233333 0.58637500 0.86500000 0.58987500 0.83533333 0.59037500 0.78100000 0.60187500 0.56000000 0.60562500 0.53500000 0.61937500 0.29433333 0.62350000 0.28016667 0.65100000 0.28116667 0.65612500 0.28700000 0.65562500 0.31300000 0.64137500 0.49633333 0.62462500 0.78466667 0.61537500 0.89466667 0.61150000 0.90016667
0 0.63975000 0.91216667 0.61875000 0.90083333 0.61762500 0.88766667 0.65562500 0.34033333 0.66062500 0.25633333 0.65887500 0.23966667 0.66525000 0.23216667 0.70875000 0.22983333 0.71362500 0.23666667 0.71412500 0.24733333 0.70937500 0.26533333 0.69162500 0.46200000 0.65937500 0.90033333 0.65425000 0.90683333
0 0.67525000 0.90250000 0.66562500 0.89500000 0.66312500 0.88466667 0.68937500 0.51500000 0.70687500 0.33800000 0.70925000 0.32683333 0.72075000 0.32416667 0.74850000 0.32583333 0.75262500 0.33033333 0.75212500 0.34366667 0.74937500 0.34866667 0.74512500 0.42666667 0.73537500 0.51500000 0.70462500 0.87800000 0.70125000 0.89116667 0.69725000 0.89416667 0.69350000 0.89050000 0.68150000 0.89083333 0.67937500 0.89400000 0.68187500 0.90000000
0 0.73150000 0.90083333 0.70975000 0.89650000 0.70712500 0.88433333 0.72462500 0.65466667 0.75587500 0.33066667 0.75087500 0.31400000 0.74587500 0.31066667 0.75012500 0.30666667 0.74787500 0.27900000 0.75212500 0.25800000 0.76025000 0.24216667 0.79425000 0.24850000 0.81075000 0.24383333 0.80087500 0.31700000 0.79537500 0.39166667 0.78237500 0.49433333 0.74887500 0.83133333 0.74062500 0.89033333 0.73625000 0.90050000
0 0.78850000 0.91016667 0.75175000 0.90183333 0.74537500 0.89633333 0.74337500 0.88766667 0.80237500 0.34566667 0.80675000 0.33783333 0.81775000 0.33550000 0.87650000 0.34183333 0.88137500 0.34600000 0.88162500 0.35800000 0.87362500 0.43233333 0.81487500 0.88233333 0.81075000 0.90483333
0 0.85750000 0.92950000 0.82250000 0.92083333 0.81487500 0.89966667 0.88487500 0.35000000 0.88100000 0.33783333 0.86487500 0.32866667 0.86437500 0.31800000 0.88100000 0.25950000 0.90325000 0.24816667 0.94400000 0.24816667 0.95562500 0.25200000 0.95537500 0.26566667 0.91162500 0.57300000 0.86737500 0.92000000
