0 0.0 0.23086124401913874 0.09730053949245734 0.8504406432546376 0.07718874831962101 0.8485912831467907 0.0 0.35111341413594194
0 0.00367668403270188 0.22720628691019146 0.0272560254077514 0.2198088464788034 0.12087988086750687 0.8559887235781788 0.10146159973511312 0.8578380836860258
0 0.0314170856504072 0.22535692680234445 0.05568993706589936 0.22258288664057393 0.14931379252565483 0.8615368039017198 0.1236539210292774 0.8624614839556436
0 0.06054450734899779 0.22628160685626797 0.08828490896670312 0.22350756669449742 0.17844121422424541 0.8596874437938732 0.1548618728491959 0.8643108440634906
0 0.09244596920935888 0.22535692680234445 0.11394478046308051 0.22073352653272688 0.19994002547796702 0.8633861640095668 0.1826022744669012 0.8633861640095668
0 0.1174123306652937 0.21611012626310935 0.14376571220211376 0.21703480631703284 0.2297609572170003 0.8735576446027254 0.2027140656397376 0.8781810448723432
0 0.14931379252565483 0.2198088464788034 0.17705419414336016 0.21426076615526232 0.254727318672935 0.8809550850341136 0.23253499737877076 0.8846538052498076
0 0.17982823430513067 0.21426076615526232 0.207568635922836 0.2105620459395683 0.28662878053329616 0.8874278454115784 0.2581948688751482 0.8883525254655018
0 0.21727777648903288 0.2133360861013388 0.24640519818762346 0.2133360861013388 0.31644971227232943 0.8874278454115784 0.2894028206950667 0.8920512456811958
0 0.24917923834939398 0.2133360861013388 0.27969368012886986 0.20871268583172128 0.3483511741326905 0.890201885573349 0.32130428255542787 0.8948252858429664
0 0.28593527049285355 0.2133360861013388 0.31644971227232943 0.20778800577779774 0.37609157575039587 0.8911265656272721 0.35112521429446103 0.8966746459508133
0 0.32061077251498515 0.20871268583172128 0.35112521429446103 0.2040892855621037 0.4059125074894291 0.8985240060586602 0.3788656159121664 0.899448686112584
0 0.3545927644966742 0.20778800577779774 0.3892682665188058 0.2031646055081802 0.4371204593093476 0.9086954866518189 0.41007356773208486 0.9105448467596662
0 0.39342932676146164 0.20593864566995074 0.4225567484600522 0.2031646055081802 0.4724894713719218 0.9105448467596662 0.43989449947111803 0.9123942068675132
0 0.42879833882403595 0.19946588529248613 0.4634738408461676 0.1939178049689451 0.5064714633536108 0.9197916472989011 0.4731829814123645 0.9197916472989011
0 0.4676349010888234 0.19854120523856264 0.5078584834344961 0.19114376480717454 0.5446145155779557 0.933661848107754 0.5057779533131681 0.9299631278920598
0 0.5113260336367094 0.1874450445914805 0.551549615982382 0.186520364537557 0.5876121380853989 0.9484567289705299 0.5508561059419395 0.9419839685930654
0 0.5582160663554024 0.18639404777247118 0.5987423906594178 0.18344667873217915 0.6274792388022651 0.9536924545951622 0.5928476525788338 0.9536924545951622
0 0.6061108132601479 0.18344667873217915 0.6488476643443822 0.17656948430483108 0.6731634589267914 0.9635170180628021 0.6348476614029951 0.9644994744095661
0 0.6576897714652583 0.18148176603865113 0.7026371493297118 0.17558702795806705 0.7195845213113908 0.9733415815304423 0.6797950392674484 0.9753064942239704
0 0.7107424141905148 0.1785343969983591 0.754952949794895 0.1785343969983591 0.7667424259560632 0.9772714069174983 0.7247424171319019 0.9772714069174983
0 0.7586371610952601 0.18442913507894318 0.7976898008791296 0.18541159142570715 0.8072687502600786 0.9694117561433864 0.7689529527362822 0.9654819307563303
0 0.8651554160974095 0.010152671437685442 0.9323448915284858 0.006080582017620219 0.9058763102980618 1.0 0.8447949689970834 1.0
