0 0.09175000 0.85850000 0.05350000 0.85616667 0.04887500 0.84400000 0.04312500 0.65966667 0.04762500 0.65033333 0.04387500 0.64666667 0.04112500 0.61533333 0.03562500 0.47366667 0.03737500 0.36933333 0.03262500 0.34266667 0.02462500 0.12400000 0.02387500 0.08000000 0.03125000 0.07183333 0.08400000 0.07216667 0.09337500 0.12700000 0.10487500 0.52966667 0.10512500 0.64700000 0.10837500 0.65733333 0.11312500 0.84600000 0.10725000 0.85583333
0 0.13950000 0.85516667 0.11900000 0.85283333 0.11412500 0.84200000 0.09612500 0.15066667 0.08712500 0.07666667 0.08762500 0.05233333 0.10150000 0.04816667 0.13825000 0.05283333 0.14787500 0.07266667 0.15412500 0.10300000 0.16412500 0.32900000 0.17137500 0.70533333 0.19600000 0.70483333 0.19762500 0.73200000 0.19687500 0.82633333 0.17375000 0.85016667
0 0.22750000 0.85650000 0.20950000 0.85516667 0.20387500 0.84633333 0.20362500 0.71300000 0.20012500 0.68600000 0.18687500 0.11600000 0.18687500 0.06066667 0.18975000 0.05516667 0.24050000 0.06050000 0.25212500 0.10066667 0.25262500 0.12366667 0.24812500 0.12900000 0.25212500 0.13033333 0.24862500 0.14266667 0.25187500 0.14666667 0.25187500 0.31566667 0.25687500 0.32633333 0.25437500 0.43200000 0.25862500 0.70533333 0.26400000 0.70883333 0.27725000 0.70283333 0.28050000 0.71883333 0.27962500 0.70533333 0.28162500 0.69733333 0.28487500 0.69733333 0.28437500 0.71700000 0.27912500 0.72666667 0.27537500 0.75966667 0.27912500 0.81433333 0.27612500 0.83033333 0.26400000 0.85016667 0.25200000 0.85550000
0 0.33075000 0.85950000 0.30675000 0.85516667 0.30187500 0.85000000 0.30137500 0.84200000 0.28012500 0.09933333 0.28062500 0.08833333 0.29000000 0.08316667 0.38500000 0.09150000 0.39012500 0.13033333 0.38762500 0.15333333 0.39137500 0.17300000 0.39337500 0.25133333 0.40362500 0.83733333 0.40262500 0.84600000 0.39675000 0.85183333
0 0.44600000 0.86483333 0.41250000 0.86116667 0.40737500 0.84866667 0.39487500 0.17033333 0.39662500 0.13566667 0.41362500 0.10633333 0.41562500 0.08433333 0.44175000 0.07183333 0.49825000 0.08716667 0.50262500 0.09700000 0.50637500 0.62033333 0.51162500 0.82566667 0.51112500 0.84566667 0.49575000 0.85783333
0 0.53025000 0.85783333 0.52150000 0.85750000 0.51512500 0.84566667 0.50912500 0.45200000 0.50712500 0.09566667 0.50987500 0.07666667 0.52100000 0.07250000 0.55300000 0.07616667 0.55537500 0.08800000 0.56112500 0.84966667 0.55700000 0.85516667
0 0.57650000 0.85816667 0.56675000 0.85450000 0.56337500 0.84266667 0.56162500 0.59700000 0.56487500 0.38500000 0.56087500 0.31766667 0.56312500 0.26000000 0.55962500 0.07966667 0.57175000 0.07150000 0.63075000 0.07983333 0.63462500 0.12233333 0.63537500 0.83800000 0.63162500 0.84933333 0.62575000 0.85250000
0 0.66800000 0.83483333 0.65550000 0.83250000 0.65062500 0.82600000 0.64587500 0.78900000 0.64312500 0.70433333 0.64812500 0.69366667 0.64812500 0.68033333 0.63612500 0.21000000 0.63875000 0.12650000 0.65850000 0.13016667 0.67437500 0.14233333 0.67962500 0.20500000 0.70337500 0.82300000 0.69350000 0.83250000
0 0.74450000 0.85116667 0.72450000 0.84816667 0.72112500 0.84266667 0.72287500 0.77266667 0.71287500 0.51400000 0.70787500 0.16600000 0.70012500 0.08466667 0.70100000 0.08016667 0.71275000 0.07616667 0.73625000 0.07950000 0.74137500 0.09200000 0.74987500 0.33833333 0.75137500 0.58466667 0.75412500 0.60333333 0.75187500 0.61566667 0.75612500 0.63333333 0.76162500 0.77233333 0.76912500 0.83800000 0.76800000 0.84616667
0 0.80825000 0.85150000 0.77312500 0.84566667 0.76637500 0.78800000 0.74462500 0.12200000 0.74787500 0.07500000 0.75600000 0.06483333 0.77125000 0.05850000 0.78675000 0.06083333 0.79912500 0.06900000 0.80337500 0.11200000 0.82412500 0.83800000 0.82250000 0.84783333
0 0.88625000 0.85416667 0.83550000 0.84983333 0.82937500 0.84100000 0.82712500 0.81466667 0.80512500 0.08733333 0.81050000 0.07216667 0.82650000 0.06750000 0.88100000 0.06516667 0.88900000 0.06583333 0.89137500 0.07100000 0.89812500 0.45866667 0.91012500 0.83866667 0.90825000 0.85016667
0 0.96100000 0.86316667 0.93550000 0.86050000 0.92937500 0.84800000 0.92037500 0.38466667 0.91637500 0.35366667 0.91687500 0.31433333 0.91187500 0.30700000 0.91637500 0.29900000 0.91187500 0.30066667 0.90662500 0.27166667 0.90037500 0.26400000 0.89662500 0.19400000 0.89462500 0.06933333 0.91200000 0.05283333 0.93175000 0.04750000 0.96350000 0.04850000 0.96862500 0.06400000 0.97337500 0.37100000 0.99112500 0.85366667 0.98625000 0.86150000
