0 0.056211177558550166 0.10510477116577668 0.09159651074926642 0.11044595353418671 0.028837617920448907 0.76385059660301 0.0007964104862964118 0.76385059660301 0.0 0.6961956199364834
0 0.10027593209793263 0.10510477116577668 0.12898478732813642 0.10510477116577668 0.06689354229537016 0.7674113848486168 0.03217585690070515 0.7647407936644117
0 0.15377577306260576 0.19647621890743647 0.21182785424647688 0.20050761343409415 0.20396663491949432 0.7528086635862011 0.14833339045161784 0.7592588948288533
0 0.21908436439446075 0.20050761343409415 0.24569156827040167 0.2029264501500888 0.23783034894341912 0.7536149424915326 0.20940901753048224 0.7520023846808696
0 0.25113395088138957 0.21340807591939884 0.2862070832633117 0.2142143548247304 0.2747176088623372 0.7503898268702064 0.2408538948384124 0.7528086635862011
0 0.28923062915830494 0.20534528686608342 0.32853672579321774 0.2085704024874096 0.31341899631825126 0.7560337792075273 0.27955528229432647 0.7568400581128588
0 0.3327696900462083 0.20615156577141497 0.373889914218117 0.2093766813927411 0.36058631228014654 0.7536149424915326 0.3176519605712419 0.7544212213968642
0 0.37812287847110765 0.21018296029807265 0.4113818833160338 0.21340807591939884 0.39747357219906465 0.7495835479648749 0.36542398571213586 0.7487772690595434
0 0.416219556748023 0.2126017970140673 0.4573397809199317 0.21502063373006194 0.4416173422659666 0.7471647112488803 0.4011018272730566 0.7528086635862011
0 0.46157274517292235 0.19566994000210491 0.5317190099367667 0.20615156577141497 0.5153918621038028 0.7439395956275541 0.4482691432349519 0.7471647112488803
0 0.5480461577697302 0.10859181822629826 0.5885616727626404 0.11342949165828752 0.5595356321707048 0.7471647112488803 0.522043663072788 0.7455521534382172
0 0.5933993461946296 0.16341878378884317 0.6466137539465114 0.169062736126164 0.6181924225335745 0.7447458745328858 0.5686062698556846 0.7487772690595434
0 0.6593126467054832 0.15696855254619083 0.7107129269203691 0.15777483145152238 0.6798727587914376 0.7495835479648749 0.629681896934549 0.7463584323435487
0 0.7179694370683529 0.15938738926218546 0.7693697172832389 0.16422506269417472 0.7330871665433194 0.7455521534382172 0.6889433964764174 0.7399082011008964
0 0.7802544825052147 0.19808877671809952 0.8213747066771234 0.2085704024874096 0.7923486660851878 0.7455521534382172 0.7494143143762831 0.7431333167222225
0 0.8328641810780979 0.2013138923394257 0.8733796960710078 0.2109892392034042 0.8419348187630777 0.7391019221955648 0.799000467054173 0.7374893643849019
0 0.8776126603239985 0.19486366109677336 0.9132905018849193 0.20453900796075186 0.8836597521139851 0.7358768065742386 0.8461677830160682 0.7326516909529125
0 0.9211517212119018 0.2198583071620512 0.95803898113082 0.2238897016887089 0.9362694506868683 0.7374893643849019 0.9030104458419421 0.7334579698582441
