0 0.9036144578313251 0.06626506024096376 0.9627601314348301 0.06772544724351945 0.8258488499452353 0.8636363636363636 0.7853231106243154 0.8577948156261409
0 0.7831325301204819 0.15242789339174873 0.877327491785323 0.15242789339174873 0.773274917853231 0.8548740416210295 0.7185104052573932 0.8461117196056954
0 0.6987951807228916 0.11153705732018976 0.7842278203723987 0.1159182183278568 0.7108433734939759 0.8461117196056954 0.6451259583789704 0.8461117196056954
0 0.6232201533406352 0.08232931726907622 0.6933187294633077 0.08525009127418758 0.6407447973713033 0.843190945600584 0.5815991237677984 0.8417305585980285
0 0.5432639649507122 0.08525009127418758 0.6166484118291348 0.08525009127418758 0.5815991237677984 0.8388097845929171 0.527929901423877 0.8402701715954728
0 0.5136911281489595 0.08817086527929902 0.5377875136911279 0.08817086527929902 0.5235487404162105 0.8417305585980285 0.5038335158817087 0.8402701715954728
0 0.38006571741511497 0.10715589631252273 0.5071193866374589 0.1086162833150784 0.4994523548740416 0.83442862358525 0.4019715224534502 0.8300474625775831
0 0.32311062431544363 0.15826944140197144 0.37897042716319823 0.15242789339174873 0.4019715224534502 0.8402701715954728 0.3614457831325301 0.8329682365826944
0 0.23001095290251916 0.08817086527929902 0.3154435925520263 0.08817086527929902 0.3603504928806133 0.8373493975903614 0.3012048192771084 0.8402701715954728
0 0.1588170865279299 0.03997809419496158 0.2267250821467689 0.035596933187294545 0.2979189485213582 0.821285140562249 0.23767798466593645 0.8271266885724717
0 0.042382830884083185 0.10446274325521786 0.14753069506809194 0.10738351726032921 0.23981985169459796 0.8402154510561184 0.1653401145642584 0.8548193210816751
