0 0.07275000 0.71850000 0.06100000 0.71683333 0.05187500 0.70833333 0.03087500 0.60866667 0.00937500 0.52166667 0.00687500 0.50333333 0.00237500 0.48400000 0.00012500 0.48300000 0.00025000 0.26416667 0.00687500 0.26766667 0.00487500 0.27600000 0.00937500 0.29900000 0.02237500 0.34300000 0.02537500 0.37000000 0.02962500 0.37733333 0.03512500 0.39666667 0.04087500 0.43933333 0.05012500 0.47533333 0.04912500 0.48666667 0.05762500 0.51333333 0.07537500 0.61066667 0.09362500 0.68233333 0.09662500 0.71300000
0 0.12850000 0.73083333 0.10800000 0.72883333 0.10312500 0.72466667 0.09862500 0.71433333 0.09262500 0.67233333 0.06387500 0.54733333 0.05637500 0.50300000 0.05737500 0.49033333 0.05262500 0.47333333 0.04837500 0.46766667 0.02362500 0.34600000 0.01462500 0.30733333 0.00587500 0.28400000 0.00637500 0.26766667 0.00212500 0.25366667 0.00012500 0.25333333 0.00025000 0.22750000 0.02550000 0.22216667 0.06025000 0.22116667 0.07625000 0.21850000 0.08000000 0.21450000 0.08462500 0.23100000 0.15662500 0.70766667 0.15637500 0.71966667 0.15175000 0.72483333
0 0.17225000 0.72983333 0.16450000 0.72916667 0.16062500 0.72500000 0.15287500 0.65866667 0.14237500 0.59966667 0.13862500 0.56066667 0.13987500 0.54966667 0.13875000 0.54550000 0.13462500 0.54666667 0.12962500 0.50033333 0.12687500 0.49333333 0.12312500 0.46333333 0.12537500 0.45533333 0.12437500 0.44233333 0.12325000 0.43650000 0.11912500 0.43900000 0.11512500 0.41900000 0.10737500 0.35933333 0.10937500 0.34600000 0.10337500 0.33633333 0.09962500 0.31966667 0.09137500 0.25700000 0.09337500 0.23633333 0.09175000 0.23183333 0.08787500 0.23300000 0.09012500 0.22833333 0.08412500 0.21666667 0.08400000 0.20450000 0.08775000 0.20683333 0.09550000 0.20316667 0.11525000 0.20483333 0.11937500 0.22566667 0.12937500 0.31066667 0.13887500 0.36233333 0.19037500 0.72166667 0.18850000 0.72883333
0 0.20950000 0.73116667 0.19575000 0.72916667 0.19287500 0.71433333 0.17187500 0.56000000 0.11837500 0.20900000 0.11925000 0.20450000 0.12350000 0.20283333 0.14950000 0.20150000 0.15437500 0.20533333 0.22287500 0.72333333 0.22100000 0.72916667
0 0.24075000 0.73650000 0.22775000 0.73550000 0.22287500 0.72966667 0.16087500 0.25433333 0.15612500 0.22866667 0.15425000 0.22483333 0.15037500 0.22466667 0.15287500 0.22133333 0.15062500 0.21733333 0.15262500 0.20533333 0.15700000 0.20250000 0.17400000 0.20150000 0.17862500 0.20566667 0.24587500 0.72866667 0.24612500 0.73266667
0 0.25800000 0.73683333 0.24875000 0.73616667 0.24387500 0.73100000 0.21137500 0.45533333 0.18012500 0.22500000 0.17862500 0.20500000 0.18175000 0.20183333 0.20125000 0.20283333 0.20412500 0.20700000 0.26662500 0.72566667 0.26575000 0.73483333
0 0.79050000 0.77683333 0.77500000 0.77650000 0.76375000 0.77316667 0.75650000 0.76816667 0.75337500 0.76266667 0.75787500 0.66466667 0.77112500 0.47833333 0.78212500 0.34566667 0.78350000 0.34116667 0.78700000 0.33950000 0.81350000 0.35283333 0.82600000 0.36616667 0.83400000 0.36716667 0.83687500 0.36533333 0.83800000 0.35883333 0.84175000 0.35916667 0.84400000 0.36550000 0.85375000 0.36883333 0.85737500 0.37966667 0.84662500 0.51600000 0.84262500 0.53700000 0.83887500 0.60766667 0.83187500 0.65666667 0.82787500 0.71266667 0.82787500 0.75666667 0.82587500 0.76366667 0.81900000 0.76950000
0 0.73325000 0.77616667 0.70850000 0.77016667 0.70612500 0.76633333 0.70562500 0.75366667 0.71287500 0.51233333 0.72462500 0.26866667 0.72837500 0.24200000 0.73150000 0.23616667 0.73900000 0.23550000 0.78325000 0.24783333 0.78712500 0.25300000 0.78737500 0.26133333 0.76662500 0.51966667 0.75087500 0.75900000 0.74650000 0.77183333
0 0.69075000 0.77116667 0.67350000 0.76750000 0.67012500 0.75600000 0.67912500 0.27066667 0.68287500 0.23666667 0.68800000 0.23250000 0.72025000 0.24316667 0.72337500 0.24966667 0.71187500 0.49733333 0.70412500 0.76266667 0.70075000 0.76816667
0 0.65475000 0.76716667 0.64650000 0.76483333 0.64412500 0.75633333 0.65262500 0.29900000 0.65187500 0.27866667 0.64562500 0.26733333 0.65400000 0.25450000 0.65787500 0.25600000 0.65800000 0.26050000 0.65975000 0.25583333 0.66250000 0.25583333 0.67650000 0.26316667 0.67862500 0.27133333 0.66912500 0.75833333 0.66625000 0.76450000
0 0.63275000 0.76250000 0.62825000 0.76083333 0.62562500 0.75300000 0.62537500 0.72833333 0.62987500 0.36500000 0.63237500 0.27533333 0.63525000 0.26750000 0.65137500 0.28000000 0.65262500 0.30433333 0.64387500 0.75566667 0.64075000 0.76183333
0 0.31750000 0.74183333 0.30912500 0.74033333 0.30362500 0.70533333 0.29262500 0.57566667 0.26262500 0.30100000 0.26087500 0.27500000 0.26525000 0.26983333 0.27550000 0.26850000 0.27737500 0.27133333 0.28437500 0.32566667 0.30437500 0.56033333 0.32287500 0.73566667 0.32300000 0.74050000
0 0.33600000 0.74216667 0.32562500 0.74033333 0.32212500 0.73233333 0.32037500 0.71700000 0.31937500 0.68533333 0.30262500 0.52500000 0.29312500 0.38700000 0.28312500 0.31266667 0.27512500 0.22533333 0.27562500 0.20966667 0.27950000 0.20550000 0.30275000 0.20450000 0.30762500 0.21633333 0.32037500 0.37366667 0.33062500 0.46166667 0.33162500 0.50633333 0.34187500 0.59566667 0.34837500 0.70300000 0.35237500 0.72833333 0.35237500 0.73600000 0.34975000 0.73983333
0 0.20543478 0.20362319 0.22663043 0.20362319 0.28750000 0.73913043 0.26684783 0.73768116
0 0.22663043 0.20217391 0.25434783 0.20144928 0.30815217 0.74275362 0.28695652 0.73913043
0 0.30923913 0.20652174 0.33478261 0.20362319 0.37663043 0.73913043 0.35271739 0.74202899
0 0.33478261 0.20652174 0.36630435 0.20144928 0.40000000 0.75869565 0.37554348 0.75797101
0 0.36956522 0.20072464 0.42065217 0.19710145 0.44456522 0.73043478 0.40543478 0.73188406
0 0.42065217 0.19565217 0.44076087 0.19565217 0.46032609 0.74782609 0.44619565 0.74855072
0 0.43913043 0.19492754 0.45597826 0.19492754 0.47554348 0.74347826 0.46141304 0.74565217
0 0.45760870 0.23550725 0.48804348 0.23550725 0.50163043 0.76014493 0.47554348 0.75652174
0 0.48967391 0.23913043 0.51630435 0.23550725 0.52500000 0.75434783 0.50326087 0.75507246
0 0.51684783 0.23768116 0.54184783 0.23405797 0.54347826 0.75507246 0.52445652 0.75652174
0 0.54021739 0.23478261 0.56250000 0.23478261 0.56304348 0.75652174 0.54402174 0.75797101
0 0.56304348 0.28550725 0.58206522 0.28550725 0.57989130 0.76231884 0.56358696 0.76376812
0 0.58097826 0.28115942 0.59673913 0.27971014 0.59293478 0.74782609 0.57826087 0.74855072
0 0.59728261 0.28043478 0.61413043 0.28115942 0.61032609 0.74927536 0.59239130 0.75072464
0 0.61630435 0.28478261 0.63315217 0.28115942 0.62717391 0.75434783 0.61032609 0.75434783
