0 0.06100000 0.67583333 0.04687500 0.67333333 0.03712500 0.63700000 0.01962500 0.52900000 0.01362500 0.50366667 0.01312500 0.48633333 0.00962500 0.48266667 0.00412500 0.43933333 0.00212500 0.42933333 0.00012500 0.42900000 0.00025000 0.21783333 0.00262500 0.21866667 0.00612500 0.22700000 0.01037500 0.24833333 0.06637500 0.59900000 0.07762500 0.65800000 0.07750000 0.67283333
0 0.09675000 0.67450000 0.08375000 0.67383333 0.07812500 0.66233333 0.02537500 0.33433333 0.02412500 0.31433333 0.02137500 0.30800000 0.00937500 0.23900000 0.00812500 0.22400000 0.01275000 0.21683333 0.04800000 0.21516667 0.05300000 0.21650000 0.05437500 0.22066667 0.11537500 0.66533333 0.11487500 0.67000000 0.11200000 0.67250000
0 0.13525000 0.67050000 0.12025000 0.67016667 0.11662500 0.66633333 0.05662500 0.22733333 0.05662500 0.21833333 0.05900000 0.21683333 0.10887500 0.21700000 0.10112500 0.22200000 0.09962500 0.22833333 0.10112500 0.24833333 0.10612500 0.26666667 0.10612500 0.28600000 0.11112500 0.33400000 0.11762500 0.36133333 0.11912500 0.38500000 0.12287500 0.39800000 0.12912500 0.40466667 0.12762500 0.40833333 0.12912500 0.41233333 0.12687500 0.41666667 0.13037500 0.42000000 0.12587500 0.42366667 0.12587500 0.44400000 0.13962500 0.52933333 0.14087500 0.56400000 0.15187500 0.65800000 0.15075000 0.66683333
0 0.16475000 0.66750000 0.15475000 0.66583333 0.15337500 0.65866667 0.14437500 0.37666667 0.13862500 0.26866667 0.13850000 0.21650000 0.17850000 0.21850000 0.18237500 0.22066667 0.18337500 0.22833333 0.18337500 0.42800000 0.18837500 0.66266667 0.18575000 0.66616667
0 0.21675000 0.66650000 0.19325000 0.66483333 0.18937500 0.65966667 0.18462500 0.22633333 0.18487500 0.22066667 0.18875000 0.21783333 0.21675000 0.21983333 0.22487500 0.22433333 0.22487500 0.24800000 0.22087500 0.25166667 0.22237500 0.26366667 0.22712500 0.26766667 0.22362500 0.65966667 0.22100000 0.66550000
0 0.24150000 0.66250000 0.22850000 0.66183333 0.22562500 0.65566667 0.22812500 0.31500000 0.22937500 0.27633333 0.23325000 0.27083333 0.24850000 0.27250000 0.25362500 0.27600000 0.25137500 0.33433333 0.24912500 0.52633333 0.24687500 0.54400000 0.24787500 0.55733333 0.24437500 0.61933333 0.24462500 0.65633333
0 0.26375000 0.66883333 0.24875000 0.66816667 0.24462500 0.66033333 0.24662500 0.58033333 0.24912500 0.55933333 0.25137500 0.49200000 0.25387500 0.28300000 0.25562500 0.27533333 0.26100000 0.27350000 0.27525000 0.27483333 0.27937500 0.28166667 0.26887500 0.60766667 0.26612500 0.63500000 0.26637500 0.66366667
0 0.28475000 0.67183333 0.26925000 0.67016667 0.26712500 0.66633333 0.26712500 0.65866667 0.26862500 0.65066667 0.27137500 0.53700000 0.27387500 0.51233333 0.28037500 0.28366667 0.28325000 0.27616667 0.29225000 0.27483333 0.30300000 0.27683333 0.30587500 0.28000000 0.30662500 0.28766667 0.29637500 0.50533333 0.29112500 0.66066667 0.28887500 0.66966667
0 0.31125000 0.67250000 0.29475000 0.67083333 0.29212500 0.66633333 0.29212500 0.65933333 0.30862500 0.28266667 0.31050000 0.27850000 0.31850000 0.27850000 0.33725000 0.28183333 0.33762500 0.29233333 0.31687500 0.66666667 0.31475000 0.67183333
0 0.33450000 0.67150000 0.32175000 0.66983333 0.31812500 0.66700000 0.31787500 0.66133333 0.32787500 0.51000000 0.33987500 0.28300000 0.34200000 0.27750000 0.35125000 0.27516667 0.36337500 0.27966667 0.36312500 0.30000000 0.34262500 0.63566667 0.33962500 0.66666667 0.33800000 0.67050000
0 0.35825000 0.67450000 0.34200000 0.67216667 0.34012500 0.67000000 0.34012500 0.66300000 0.34312500 0.63933333 0.34912500 0.52833333 0.35587500 0.45366667 0.36487500 0.28933333 0.36825000 0.27816667 0.37825000 0.27516667 0.39350000 0.27883333 0.39412500 0.29300000 0.36762500 0.63900000 0.36437500 0.66633333 0.36162500 0.67333333
0 0.38500000 0.66816667 0.36825000 0.66716667 0.36612500 0.66166667 0.38062500 0.47000000 0.38662500 0.41866667 0.39562500 0.28333333 0.39925000 0.27850000 0.40550000 0.27783333 0.41975000 0.28116667 0.42062500 0.28800000 0.39137500 0.62866667 0.39012500 0.65833333
0 0.40850000 0.67083333 0.39162500 0.66866667 0.39037500 0.66633333 0.39137500 0.64333333 0.42087500 0.28633333 0.42400000 0.27983333 0.44025000 0.28016667 0.44825000 0.28316667 0.44837500 0.29100000 0.44312500 0.32266667 0.43987500 0.38000000 0.43537500 0.41500000 0.43387500 0.45133333 0.42162500 0.59700000 0.41262500 0.66566667
0 0.47600000 0.67316667 0.46200000 0.67083333 0.45887500 0.66633333 0.45812500 0.65566667 0.45612500 0.45933333 0.45712500 0.30566667 0.45437500 0.28333333 0.45387500 0.23733333 0.45487500 0.23066667 0.45850000 0.22816667 0.48650000 0.22783333 0.49062500 0.23500000 0.48787500 0.27800000 0.48887500 0.66233333 0.48625000 0.67083333
0 0.51425000 0.66916667 0.49300000 0.66716667 0.49062500 0.65066667 0.49012500 0.32166667 0.49162500 0.25833333 0.49262500 0.24366667 0.49500000 0.23916667 0.52975000 0.23650000 0.53462500 0.24066667 0.53512500 0.25700000 0.52737500 0.65700000 0.52525000 0.66616667
0 0.55425000 0.67150000 0.53500000 0.67050000 0.52950000 0.66683333 0.52837500 0.66300000 0.53562500 0.23633333 0.53725000 0.23116667 0.57650000 0.22983333 0.58037500 0.23466667 0.58062500 0.24400000 0.57137500 0.44966667 0.56512500 0.65500000 0.56287500 0.66633333
0 0.58525000 0.67183333 0.57250000 0.67083333 0.56612500 0.66333333 0.57187500 0.46900000 0.58237500 0.23733333 0.58037500 0.22200000 0.58237500 0.17333333 0.58425000 0.16816667 0.58800000 0.16650000 0.61750000 0.16783333 0.62387500 0.17000000 0.62362500 0.19400000 0.60087500 0.55633333 0.59662500 0.66166667 0.59275000 0.66883333
0 0.62200000 0.67283333 0.60350000 0.67250000 0.59812500 0.66400000 0.60187500 0.57266667 0.62187500 0.24033333 0.62312500 0.22866667 0.62525000 0.22650000 0.65625000 0.22583333 0.67375000 0.23016667 0.67587500 0.23633333 0.67512500 0.24866667 0.65737500 0.45433333 0.64237500 0.66666667 0.63875000 0.67150000
0 0.66875000 0.67116667 0.64675000 0.66783333 0.64362500 0.65833333 0.65712500 0.46766667 0.67712500 0.24500000 0.67712500 0.22866667 0.68175000 0.22550000 0.72900000 0.22816667 0.73162500 0.23633333 0.72962500 0.26700000 0.72312500 0.31100000 0.71762500 0.37833333 0.69587500 0.56600000 0.68712500 0.66233333 0.68225000 0.66816667
0 0.70250000 0.67050000 0.68950000 0.66916667 0.68762500 0.66433333 0.72437500 0.31766667 0.73462500 0.24033333 0.73850000 0.23816667 0.75550000 0.23916667 0.76037500 0.24166667 0.76037500 0.25300000 0.75437500 0.29233333 0.74037500 0.43166667 0.72687500 0.52800000 0.72162500 0.58666667 0.71187500 0.64866667 0.71112500 0.66600000
0 0.72150000 0.66850000 0.71300000 0.66650000 0.71187500 0.65700000 0.73087500 0.51166667 0.73487500 0.46433333 0.74162500 0.42433333 0.74237500 0.40166667 0.75362500 0.32233333 0.75862500 0.27200000 0.76025000 0.26783333 0.76550000 0.26750000 0.77600000 0.27116667 0.77712500 0.27700000 0.76537500 0.35300000 0.75612500 0.43800000 0.74587500 0.50700000 0.72637500 0.66600000
0 0.74075000 0.67050000 0.72825000 0.66750000 0.72662500 0.66166667 0.75387500 0.45933333 0.76562500 0.35333333 0.77737500 0.27833333 0.77312500 0.26433333 0.77612500 0.23233333 0.77775000 0.22750000 0.78325000 0.22483333 0.81850000 0.22650000 0.82087500 0.22900000 0.81962500 0.24400000 0.81437500 0.26900000 0.79137500 0.43966667 0.77462500 0.54500000 0.76112500 0.65500000 0.75650000 0.66683333
0 0.78525000 0.66850000 0.76675000 0.66750000 0.76300000 0.66616667 0.76087500 0.66200000 0.77087500 0.57900000 0.82212500 0.22866667 0.86750000 0.22850000 0.87087500 0.23233333 0.87112500 0.23733333 0.86412500 0.28333333 0.85612500 0.32266667 0.84287500 0.41700000 0.82912500 0.48766667 0.80162500 0.65800000 0.79825000 0.66616667
0 0.83425000 0.67250000 0.81075000 0.67083333 0.80525000 0.66650000 0.80387500 0.66200000 0.80987500 0.63900000 0.81387500 0.59233333 0.84337500 0.42233333 0.85637500 0.33033333 0.86987500 0.27600000 0.87562500 0.23233333 0.92100000 0.23416667 0.92462500 0.23666667 0.92462500 0.24033333 0.92137500 0.25200000 0.90562500 0.36200000 0.88662500 0.46333333 0.87662500 0.50533333 0.87337500 0.53333333 0.85837500 0.61133333 0.85762500 0.63000000 0.84987500 0.66566667 0.84575000 0.67116667
0 0.88275000 0.67150000 0.86050000 0.67083333 0.85375000 0.66683333 0.85337500 0.66433333 0.88062500 0.49600000 0.89037500 0.45800000 0.89237500 0.43566667 0.92137500 0.27566667 0.93375000 0.23250000 0.97200000 0.23216667 0.97637500 0.23666667 0.97587500 0.24633333 0.96837500 0.29166667 0.96087500 0.31800000 0.94387500 0.42300000 0.91387500 0.58100000 0.90312500 0.65866667 0.90075000 0.66416667 0.89275000 0.67083333
0 0.92450000 0.66916667 0.90850000 0.66816667 0.90362500 0.66366667 0.91537500 0.57300000 0.93662500 0.46700000 0.96237500 0.31800000 0.96887500 0.29700000 0.97662500 0.25633333 0.97912500 0.23266667 0.98200000 0.23016667 0.99975000 0.23216667 0.99975000 0.33066667 0.99787500 0.33166667 0.98712500 0.37800000 0.98287500 0.40933333 0.97212500 0.45566667 0.96737500 0.49033333 0.93337500 0.66066667 0.93075000 0.66650000
0 0.95950000 0.66450000 0.94050000 0.66250000 0.93662500 0.65900000 0.93637500 0.65200000 0.94187500 0.63133333 0.94712500 0.59533333 0.95687500 0.55100000 0.96287500 0.51566667 0.96962500 0.49000000 0.97337500 0.46233333 0.99012500 0.37600000 0.99412500 0.36200000 0.99975000 0.36216667 0.99975000 0.49500000 0.99787500 0.49600000 0.98962500 0.54900000 0.98562500 0.56166667 0.98337500 0.58733333 0.97837500 0.60366667 0.97037500 0.64700000 0.96712500 0.65833333
0 0.70400000 0.99966667 0.66637500 0.99966667 0.68037500 0.77800000 0.68037500 0.76366667 0.67562500 0.74033333 0.68075000 0.73650000 0.70075000 0.73516667 0.70500000 0.73650000 0.72412500 0.77500000 0.71787500 0.85400000 0.71162500 0.90766667 0.70987500 0.94000000
0 0.66325000 0.99966667 0.64625000 0.99966667 0.64587500 0.99633333 0.64837500 0.94766667 0.64812500 0.91966667 0.65287500 0.84000000 0.65612500 0.81500000 0.65837500 0.81066667 0.65887500 0.79466667 0.65737500 0.77900000 0.64812500 0.75666667 0.64487500 0.74000000 0.64675000 0.73616667 0.65950000 0.73516667 0.66575000 0.73616667 0.66862500 0.74000000 0.67887500 0.77166667 0.67487500 0.85000000
0 0.03636364 0.76464646 0.08181818 0.75757576 0.11515152 0.99696970 0.07727273 0.99696970
0 0.09772727 0.78282828 0.13030303 0.78282828 0.15681818 0.99898990 0.12878788 0.99898990
0 0.13106061 0.78282828 0.15606061 0.78181818 0.18257576 0.99898990 0.15681818 0.99696970
0 0.15757576 0.78686869 0.18560606 0.78585859 0.18636364 0.79898990 0.17803030 0.81212121 0.20151515 0.99898990 0.18257576 0.99696970
0 0.43525000 0.99966667 0.39262500 0.99966667 0.38662500 0.83300000 0.38662500 0.79500000 0.38712500 0.79133333 0.38925000 0.78916667 0.41150000 0.78516667 0.42775000 0.78516667 0.42837500 0.78700000 0.42862500 0.80300000 0.43087500 0.82200000
0 0.39150000 0.99966667 0.34812500 0.99966667 0.34362500 0.90933333 0.34112500 0.88500000 0.34012500 0.84766667 0.34037500 0.79866667 0.34162500 0.79333333 0.34550000 0.78916667 0.35850000 0.78816667 0.37125000 0.78450000 0.38075000 0.78516667 0.38187500 0.78800000 0.38337500 0.81466667 0.38512500 0.82533333 0.38637500 0.88500000 0.39012500 0.94000000
0 0.48125000 0.99966667 0.43637500 0.99966667 0.43187500 0.80533333 0.43312500 0.78700000 0.43575000 0.77983333 0.43975000 0.78250000 0.44450000 0.78216667 0.45050000 0.78416667 0.47150000 0.78483333 0.47525000 0.78383333 0.47850000 0.78483333 0.47912500 0.78666667 0.48187500 0.81066667 0.48187500 0.81900000 0.48037500 0.82666667 0.48162500 0.89366667
0 0.50325000 0.99966667 0.48162500 0.99966667 0.48187500 0.82833333 0.48412500 0.81000000 0.48412500 0.80066667 0.48437500 0.79866667 0.48900000 0.79383333 0.49500000 0.79050000 0.50150000 0.78983333 0.50287500 0.79133333 0.50337500 0.79933333 0.50412500 0.85666667
0 0.53250000 0.99966667 0.50462500 0.99966667 0.50462500 0.82300000 0.50600000 0.79050000 0.50662500 0.79500000 0.50862500 0.79933333 0.51350000 0.80616667 0.52375000 0.80650000 0.53000000 0.80416667 0.53450000 0.80416667 0.53737500 0.80633333 0.53762500 0.83833333 0.53587500 0.84933333 0.53362500 0.96700000 0.53212500 0.98866667
0 0.56550000 0.99966667 0.53800000 0.99966667 0.53762500 0.99733333 0.53762500 0.95533333 0.53912500 0.93566667 0.53687500 0.92400000 0.53712500 0.91200000 0.53837500 0.90866667 0.53762500 0.90300000 0.53987500 0.84600000 0.53987500 0.82133333 0.54137500 0.81066667 0.54112500 0.80600000 0.54225000 0.80283333 0.54525000 0.80183333 0.54850000 0.79716667 0.55675000 0.79416667 0.56850000 0.79483333 0.56987500 0.79900000 0.56587500 0.91500000 0.56662500 0.94466667
0 0.59375000 0.99966667 0.56625000 0.99966667 0.56587500 0.99433333 0.56787500 0.93766667 0.56837500 0.86933333 0.57037500 0.84633333 0.56987500 0.83300000 0.57162500 0.79800000 0.57237500 0.79433333 0.57500000 0.79283333 0.59600000 0.78816667 0.59887500 0.79366667 0.59962500 0.79966667 0.59712500 0.86633333 0.59387500 0.91866667 0.59562500 0.95566667
0 0.62025000 0.99966667 0.59487500 0.99966667 0.59812500 0.93700000 0.59787500 0.93266667 0.59537500 0.92700000 0.59562500 0.90200000 0.59787500 0.87933333 0.59937500 0.81766667 0.60062500 0.80200000 0.60262500 0.79300000 0.60375000 0.79016667 0.60750000 0.79350000 0.60875000 0.79216667 0.61700000 0.79116667 0.62125000 0.78816667 0.62700000 0.78783333 0.62912500 0.79466667 0.62912500 0.80866667 0.62712500 0.82900000 0.62462500 0.89266667 0.62162500 0.91833333 0.62187500 0.95066667 0.61987500 0.98566667
0 0.64575000 0.99966667 0.62137500 0.99966667 0.62237500 0.93833333 0.62337500 0.93233333 0.62700000 0.93183333 0.62812500 0.92866667 0.62812500 0.91066667 0.62737500 0.90666667 0.62587500 0.90466667 0.62737500 0.89833333 0.62662500 0.89266667 0.62662500 0.85766667 0.63062500 0.82733333 0.63087500 0.80666667 0.63287500 0.79800000 0.63487500 0.79500000 0.63412500 0.79133333 0.64225000 0.78950000 0.64925000 0.79216667 0.65075000 0.79516667 0.65537500 0.79866667 0.65812500 0.80400000 0.65337500 0.84100000 0.65087500 0.89166667 0.64862500 0.91666667 0.64887500 0.93633333
0 0.34625000 0.99966667 0.28887500 0.99966667 0.28312500 0.95033333 0.28162500 0.91433333 0.27812500 0.88733333 0.27837500 0.86533333 0.27537500 0.86166667 0.27487500 0.83600000 0.27175000 0.83450000 0.27062500 0.83066667 0.27137500 0.82166667 0.27412500 0.81933333 0.27487500 0.81633333 0.27512500 0.80666667 0.27162500 0.79533333 0.27112500 0.78666667 0.27337500 0.78100000 0.27387500 0.77566667 0.27287500 0.77100000 0.27550000 0.76116667 0.29950000 0.76150000 0.31000000 0.75916667 0.32700000 0.76083333 0.32925000 0.76016667 0.33025000 0.75650000 0.33412500 0.75666667 0.33562500 0.82433333 0.33912500 0.88633333 0.34262500 0.91633333
0 0.27450000 0.99966667 0.25037500 0.99966667 0.24912500 0.96233333 0.24262500 0.88600000 0.23862500 0.86100000 0.23112500 0.75966667 0.23612500 0.73966667 0.24050000 0.73116667 0.24875000 0.73416667 0.25600000 0.73250000 0.26112500 0.72866667 0.25700000 0.72716667 0.25200000 0.72783333 0.24425000 0.72450000 0.26775000 0.72350000 0.26912500 0.72466667 0.26787500 0.73666667 0.26537500 0.74366667 0.26512500 0.75200000 0.26187500 0.76333333 0.26137500 0.77166667 0.26362500 0.78333333 0.26262500 0.79166667 0.26412500 0.79900000 0.26612500 0.88866667 0.26862500 0.90800000 0.27062500 0.95600000
0 0.25000000 0.99966667 0.23337500 0.99966667 0.22762500 0.90800000 0.22587500 0.89133333 0.22312500 0.87766667 0.21962500 0.83000000 0.22012500 0.81433333 0.22187500 0.80666667 0.22437500 0.80033333 0.22875000 0.79650000 0.23262500 0.79766667 0.23512500 0.81033333 0.23862500 0.86166667 0.24112500 0.87466667 0.24262500 0.89666667 0.24437500 0.90466667 0.24662500 0.93700000 0.24887500 0.95333333 0.25012500 0.97966667
0 0.23150000 0.99966667 0.20387500 0.99966667 0.20312500 0.98600000 0.19962500 0.96233333 0.19812500 0.94233333 0.18887500 0.86633333 0.18462500 0.81600000 0.18575000 0.80183333 0.18662500 0.80300000 0.18612500 0.80900000 0.18775000 0.81083333 0.20275000 0.80883333 0.21175000 0.80916667 0.21450000 0.81050000 0.21637500 0.81466667 0.21837500 0.82966667 0.21912500 0.85766667 0.22362500 0.89966667
