0 0.11850000 0.71816667 0.07275000 0.71350000 0.06325000 0.70950000 0.05662500 0.69766667 0.01462500 0.53100000 0.00012500 0.48633333 0.00012500 0.05033333 0.00475000 0.04183333 0.01350000 0.03716667 0.02525000 0.04283333 0.03325000 0.03916667 0.05312500 0.08633333 0.16637500 0.67433333 0.16650000 0.70150000 0.13075000 0.71683333
0 0.21400000 0.72516667 0.18175000 0.71816667 0.17187500 0.69866667 0.05437500 0.08033333 0.04012500 0.04866667 0.03637500 0.01700000 0.04175000 0.00750000 0.08275000 0.00016667 0.18650000 0.00016667 0.19400000 0.00550000 0.19862500 0.01533333 0.21437500 0.16966667 0.21362500 0.20766667 0.22037500 0.28733333 0.22687500 0.32300000 0.26962500 0.70133333 0.26862500 0.71300000 0.25975000 0.71916667
0 0.28575000 0.71483333 0.27387500 0.71100000 0.27112500 0.69433333 0.21962500 0.21766667 0.21812500 0.18200000 0.22075000 0.16916667 0.26000000 0.16716667 0.26375000 0.16816667 0.26637500 0.17366667 0.28012500 0.29100000 0.28212500 0.33433333 0.28837500 0.38066667 0.30787500 0.60400000 0.30687500 0.64500000 0.30037500 0.70800000 0.29575000 0.71350000
0 0.40050000 0.75416667 0.37600000 0.75050000 0.36962500 0.73966667 0.29350000 0.00016667 0.38325000 0.00016667 0.38537500 0.00966667 0.39112500 0.16233333 0.39862500 0.22866667 0.41212500 0.48933333 0.42937500 0.71900000 0.42050000 0.74883333
0 0.44350000 0.72350000 0.43450000 0.72183333 0.43062500 0.71233333 0.41587500 0.51233333 0.40212500 0.23800000 0.39462500 0.15900000 0.39037500 0.03333333 0.39325000 0.02550000 0.40325000 0.02316667 0.42000000 0.02350000 0.42237500 0.03200000 0.45137500 0.70066667 0.44987500 0.72066667
0 0.47100000 0.74450000 0.45725000 0.74016667 0.45262500 0.73000000 0.44237500 0.51133333 0.44087500 0.41900000 0.42287500 0.06166667 0.42462500 0.02566667 0.43850000 0.02150000 0.45350000 0.02150000 0.45687500 0.02566667 0.45762500 0.14666667 0.47787500 0.73200000 0.47737500 0.74033333
0 0.50200000 0.75516667 0.48187500 0.74900000 0.47712500 0.71766667 0.45787500 0.05366667 0.46212500 0.02566667 0.47450000 0.02083333 0.49425000 0.02283333 0.49812500 0.04466667 0.50837500 0.71200000 0.50762500 0.74833333
0 0.52200000 0.76016667 0.51025000 0.75616667 0.50837500 0.74900000 0.49937500 0.04800000 0.50200000 0.02283333 0.52600000 0.01683333 0.53262500 0.02166667 0.53512500 0.04866667 0.53162500 0.26900000 0.53212500 0.72300000 0.53137500 0.75266667
0 0.54550000 0.76150000 0.53625000 0.76016667 0.53162500 0.74833333 0.53262500 0.31000000 0.53537500 0.02933333 0.53925000 0.02150000 0.54975000 0.01750000 0.57137500 0.02566667 0.57312500 0.06100000 0.55737500 0.74666667 0.55425000 0.75783333
0 0.56850000 0.76350000 0.55987500 0.75600000 0.55912500 0.73033333 0.57412500 0.03200000 0.57650000 0.02450000 0.60225000 0.02283333 0.60937500 0.02566667 0.61037500 0.05000000 0.59162500 0.55533333 0.58862500 0.72533333 0.58537500 0.75600000
0 0.60375000 0.75683333 0.58875000 0.75250000 0.58737500 0.73900000 0.60987500 0.04100000 0.61425000 0.02150000 0.63875000 0.02050000 0.64362500 0.03266667 0.64062500 0.14433333 0.62887500 0.33266667 0.61162500 0.74633333 0.60912500 0.75433333
0 0.62725000 0.76983333 0.61550000 0.76616667 0.61187500 0.75500000 0.64587500 0.03566667 0.65075000 0.02450000 0.67575000 0.02150000 0.68387500 0.02566667 0.68362500 0.06633333 0.64362500 0.70300000 0.63962500 0.75266667 0.63537500 0.76566667
0 0.65900000 0.77316667 0.64150000 0.76816667 0.63987500 0.75800000 0.68637500 0.03233333 0.68925000 0.02450000 0.71775000 0.02316667 0.72587500 0.02933333 0.72612500 0.05733333 0.69237500 0.43133333 0.66987500 0.75233333 0.66687500 0.76800000
0 0.68575000 0.77716667 0.67375000 0.77516667 0.66862500 0.76200000 0.72837500 0.02566667 0.73525000 0.02150000 0.76050000 0.02050000 0.76412500 0.02166667 0.76612500 0.03300000 0.76387500 0.07666667 0.70587500 0.69433333 0.69662500 0.76733333
0 0.70950000 0.77616667 0.69712500 0.77166667 0.76787500 0.04333333 0.76612500 0.01833333 0.76112500 0.01366667 0.76700000 0.00916667 0.79900000 0.00883333 0.79287500 0.09833333 0.72837500 0.70500000 0.72012500 0.77166667
0 0.73675000 0.77316667 0.72337500 0.77033333 0.72287500 0.75366667 0.79612500 0.06966667 0.79850000 0.06416667 0.81850000 0.06450000 0.81637500 0.11200000 0.77412500 0.46600000 0.74987500 0.71300000 0.74237500 0.76933333
0 0.76425000 0.77316667 0.74750000 0.77183333 0.74262500 0.76333333 0.78162500 0.40066667 0.82062500 0.07233333 0.82250000 0.06450000 0.84275000 0.06416667 0.84962500 0.07233333 0.84987500 0.08066667 0.84112500 0.11533333 0.81187500 0.39200000 0.78362500 0.60766667 0.76862500 0.76000000
0 0.77925000 0.77483333 0.76975000 0.77250000 0.76937500 0.76366667 0.78287500 0.65433333 0.78712500 0.63633333 0.79212500 0.63533333 0.78712500 0.63033333 0.79187500 0.62733333 0.79062500 0.60666667 0.79487500 0.58733333 0.79962500 0.51333333 0.81087500 0.43533333 0.81812500 0.34133333 0.82987500 0.26900000 0.83312500 0.20866667 0.84162500 0.14300000 0.85312500 0.07100000 0.87350000 0.06783333 0.88062500 0.07600000 0.87837500 0.09966667 0.79787500 0.71266667 0.79537500 0.74933333 0.79162500 0.76733333
0 0.81825000 0.77550000 0.80650000 0.77183333 0.79637500 0.76033333 0.79812500 0.71600000 0.81062500 0.63900000 0.81812500 0.56400000 0.82587500 0.52966667 0.83562500 0.42400000 0.84287500 0.38800000 0.87487500 0.11466667 0.88312500 0.07233333 0.89350000 0.07183333 0.89887500 0.08000000 0.89987500 0.11333333 0.87962500 0.27900000 0.87387500 0.37800000 0.83762500 0.66966667 0.83137500 0.74333333 0.82712500 0.76600000
0 0.85050000 0.76916667 0.83050000 0.76616667 0.82912500 0.75533333 0.87362500 0.39033333 0.88062500 0.28433333 0.90162500 0.11933333 0.90237500 0.06833333 0.90812500 0.04866667 0.91225000 0.04516667 0.91625000 0.04850000 0.95900000 0.04750000 0.95937500 0.06866667 0.95562500 0.08000000 0.95162500 0.12766667 0.94437500 0.15366667 0.94362500 0.17733333 0.93887500 0.17366667 0.94062500 0.18800000 0.93637500 0.23700000 0.90987500 0.40800000 0.86562500 0.76000000 0.86150000 0.76683333
0 0.88458333 0.81888889 0.89958333 0.83888889 0.94791667 0.85111111 0.97375000 0.74222222 0.97041667 0.69444444 0.99975000 0.54254780 0.99975000 0.07888889
