0 0.10600000 0.68150000 0.07625000 0.68016667 0.07012500 0.67400000 0.03887500 0.48633333 0.00212500 0.28433333 0.00012500 0.28400000 0.00025000 0.16483333 0.03175000 0.16616667 0.03750000 0.16816667 0.04087500 0.17366667 0.04212500 0.19400000 0.11587500 0.65366667 0.11662500 0.67333333 0.11150000 0.68050000
0 0.05925000 0.67716667 0.03425000 0.67483333 0.02962500 0.67000000 0.01237500 0.58400000 0.00737500 0.54933333 0.00237500 0.52533333 0.00012500 0.52433333 0.00025000 0.30083333 0.00212500 0.30100000 0.00612500 0.31533333 0.01512500 0.36033333 0.05537500 0.59300000 0.06962500 0.66600000 0.06850000 0.67583333
0 0.14900000 0.67616667 0.12350000 0.67616667 0.11787500 0.66600000 0.04562500 0.19766667 0.04337500 0.17900000 0.04500000 0.16783333 0.08950000 0.16783333 0.10462500 0.17166667 0.11337500 0.25433333 0.12362500 0.31600000 0.16787500 0.65633333 0.16737500 0.66533333 0.16225000 0.67316667
0 0.20125000 0.66850000 0.17350000 0.66750000 0.16862500 0.66200000 0.10837500 0.19400000 0.10637500 0.17400000 0.11125000 0.16850000 0.15425000 0.16850000 0.15762500 0.17400000 0.21087500 0.65166667 0.20962500 0.66300000
0 0.23625000 0.66650000 0.21700000 0.66383333 0.21212500 0.65433333 0.16137500 0.19200000 0.15412500 0.11566667 0.15437500 0.10600000 0.15750000 0.10216667 0.19875000 0.10216667 0.20612500 0.10766667 0.25362500 0.65200000 0.25200000 0.66316667
0 0.27625000 0.66783333 0.26000000 0.66583333 0.25612500 0.66200000 0.25462500 0.65400000 0.21087500 0.15300000 0.20762500 0.10733333 0.21225000 0.10283333 0.25225000 0.10516667 0.26137500 0.11000000 0.29762500 0.65366667 0.29525000 0.66483333
0 0.32050000 0.66916667 0.30375000 0.66716667 0.29812500 0.66200000 0.26262500 0.11600000 0.26287500 0.10766667 0.26750000 0.10583333 0.31125000 0.10850000 0.31437500 0.11166667 0.33912500 0.66033333 0.33700000 0.66650000
0 0.36550000 0.67383333 0.34550000 0.67216667 0.34012500 0.66300000 0.31512500 0.11533333 0.31825000 0.10850000 0.35750000 0.10916667 0.36575000 0.11050000 0.36737500 0.11466667 0.38137500 0.66633333 0.37800000 0.67216667
0 0.40925000 0.67716667 0.39050000 0.67616667 0.38237500 0.67066667 0.36887500 0.13200000 0.36912500 0.11266667 0.37275000 0.10783333 0.41775000 0.11050000 0.42362500 0.11800000 0.42587500 0.17000000 0.42387500 0.20200000 0.42612500 0.65966667 0.42350000 0.67383333
0 0.45500000 0.67616667 0.43350000 0.67416667 0.43012500 0.66766667 0.42537500 0.19600000 0.42537500 0.18200000 0.42750000 0.17816667 0.47475000 0.17983333 0.47712500 0.18933333 0.47287500 0.66666667 0.46700000 0.67416667
0 0.49850000 0.67550000 0.48250000 0.67383333 0.47737500 0.66633333 0.47687500 0.65666667 0.47862500 0.17766667 0.48250000 0.16583333 0.51750000 0.16683333 0.51987500 0.17333333 0.51187500 0.65866667 0.51000000 0.67150000
0 0.54275000 0.67216667 0.52175000 0.67050000 0.51700000 0.66783333 0.51512500 0.66300000 0.52112500 0.19133333 0.52375000 0.18550000 0.56325000 0.18483333 0.56887500 0.18600000 0.56962500 0.19933333 0.56662500 0.24000000 0.56562500 0.36300000 0.55762500 0.66633333 0.55275000 0.67116667
0 0.58700000 0.67416667 0.56800000 0.67283333 0.56037500 0.66666667 0.56787500 0.36800000 0.57837500 0.12033333 0.59050000 0.11516667 0.62800000 0.11483333 0.63662500 0.11933333 0.63662500 0.16700000 0.60887500 0.65266667 0.60762500 0.66533333 0.60375000 0.67050000
0 0.62775000 0.68116667 0.61550000 0.67883333 0.61112500 0.67300000 0.61012500 0.65533333 0.63787500 0.17100000 0.64125000 0.16850000 0.67650000 0.16916667 0.68050000 0.17050000 0.68212500 0.17466667 0.64462500 0.67400000 0.64175000 0.67916667
0 0.67650000 0.68616667 0.65050000 0.68250000 0.64687500 0.67766667 0.64612500 0.66633333 0.68112500 0.19300000 0.68337500 0.17300000 0.68575000 0.16950000 0.73175000 0.16883333 0.73462500 0.17300000 0.73437500 0.18300000 0.69012500 0.65933333 0.68687500 0.68100000
0 0.71950000 0.68750000 0.70125000 0.68650000 0.69300000 0.68216667 0.69112500 0.66600000 0.73512500 0.18933333 0.73975000 0.18183333 0.78375000 0.18083333 0.78737500 0.18633333 0.78112500 0.25266667 0.73512500 0.67700000 0.72900000 0.68516667
0 0.78025000 0.68716667 0.74375000 0.68383333 0.73962500 0.68166667 0.73787500 0.67000000 0.79462500 0.15800000 0.80262500 0.12000000 0.80625000 0.11783333 0.88125000 0.12050000 0.89162500 0.12733333 0.89012500 0.16100000 0.84587500 0.44033333 0.81337500 0.67033333 0.81137500 0.67800000 0.80475000 0.68216667
0 0.83825000 0.68450000 0.82250000 0.68283333 0.81662500 0.67766667 0.81512500 0.67000000 0.81712500 0.65000000 0.88862500 0.18100000 0.89237500 0.16633333 0.89650000 0.16383333 0.93950000 0.16416667 0.94087500 0.17566667 0.93687500 0.20500000 0.89487500 0.44266667 0.85862500 0.67633333 0.85350000 0.68283333
0 0.88275000 0.69016667 0.86525000 0.68716667 0.86037500 0.68133333 0.85962500 0.67066667 0.94212500 0.17133333 0.94675000 0.16816667 0.99050000 0.16950000 0.99262500 0.17366667 0.99212500 0.18233333 0.90112500 0.67200000 0.89725000 0.68750000
0 0.92050000 0.69383333 0.90625000 0.69116667 0.89962500 0.68633333 0.89987500 0.68133333 0.93712500 0.49066667 0.94162500 0.45633333 0.98837500 0.20466667 0.99487500 0.17466667 0.99975000 0.16916667 0.99975000 0.34866667 0.99687500 0.35300000 0.97687500 0.44600000 0.93437500 0.66600000 0.93312500 0.68166667 0.92800000 0.69116667
0 0.96275000 0.68383333 0.93525000 0.68216667 0.93362500 0.67400000 0.96262500 0.52500000 0.96787500 0.50533333 0.97762500 0.44633333 0.98437500 0.42100000 0.99787500 0.35233333 0.99975000 0.35150000 0.99975000 0.58900000 0.99787500 0.59033333 0.98737500 0.64833333 0.98012500 0.67833333 0.97500000 0.68316667
