0 0.17500000 0.66416667 0.16125000 0.66250000 0.15537500 0.63866667 0.15312500 0.59933333 0.13087500 0.40000000 0.12137500 0.29133333 0.11512500 0.25033333 0.11387500 0.22466667 0.11800000 0.22083333 0.13900000 0.22083333 0.14312500 0.23500000 0.18362500 0.65233333 0.18262500 0.66200000
0 0.20525000 0.66416667 0.18900000 0.66383333 0.18612500 0.66200000 0.18487500 0.65666667 0.18287500 0.62266667 0.17987500 0.60800000 0.15737500 0.37766667 0.15212500 0.30666667 0.14562500 0.25666667 0.14287500 0.22466667 0.14675000 0.22116667 0.17000000 0.22250000 0.17362500 0.22866667 0.21037500 0.65300000 0.20987500 0.66233333
0 0.23325000 0.66750000 0.21775000 0.66616667 0.21037500 0.66233333 0.17462500 0.23400000 0.17487500 0.22533333 0.17800000 0.22283333 0.19675000 0.22283333 0.20100000 0.22483333 0.20312500 0.22933333 0.22962500 0.56933333 0.23162500 0.61800000 0.23412500 0.62866667 0.23587500 0.66366667
0 0.25575000 0.66950000 0.24025000 0.66816667 0.23612500 0.66200000 0.21062500 0.30700000 0.20337500 0.23600000 0.20312500 0.22833333 0.20700000 0.22450000 0.22675000 0.22483333 0.23250000 0.22750000 0.23387500 0.23100000 0.24237500 0.37833333 0.25687500 0.57500000 0.25787500 0.61300000 0.26137500 0.64300000 0.26162500 0.66533333 0.26000000 0.66916667
0 0.28500000 0.67116667 0.26775000 0.67083333 0.26312500 0.66233333 0.26162500 0.61366667 0.23512500 0.25400000 0.23387500 0.23233333 0.23675000 0.22650000 0.26025000 0.22650000 0.26487500 0.23266667 0.28412500 0.54466667 0.28587500 0.61566667 0.29012500 0.65433333 0.29037500 0.66633333
0 0.31350000 0.67216667 0.29425000 0.67083333 0.29037500 0.64766667 0.26662500 0.24833333 0.26637500 0.23200000 0.26825000 0.22850000 0.29225000 0.22850000 0.29662500 0.23466667 0.30212500 0.38266667 0.31212500 0.54833333 0.31287500 0.61900000 0.31637500 0.66133333 0.31612500 0.67000000
0 0.33800000 0.67550000 0.32200000 0.67416667 0.31687500 0.67000000 0.29712500 0.24966667 0.29787500 0.23300000 0.30625000 0.22983333 0.32175000 0.23016667 0.32587500 0.23500000 0.34012500 0.57833333 0.34012500 0.62333333 0.34337500 0.65800000 0.34312500 0.67233333
0 0.36650000 0.67883333 0.34600000 0.67783333 0.34337500 0.67166667 0.32687500 0.24300000 0.32687500 0.23600000 0.33000000 0.23183333 0.35025000 0.23116667 0.35537500 0.23566667 0.37062500 0.67233333 0.36962500 0.67733333
0 0.39275000 0.68016667 0.37375000 0.67950000 0.37087500 0.67433333 0.35937500 0.30333333 0.35612500 0.25733333 0.35587500 0.23700000 0.36075000 0.23250000 0.38125000 0.23183333 0.38500000 0.23416667 0.38662500 0.23900000 0.39787500 0.65400000 0.39762500 0.67800000
0 0.42150000 0.68250000 0.40425000 0.68216667 0.39787500 0.67800000 0.39037500 0.31033333 0.38737500 0.24766667 0.38737500 0.23633333 0.39200000 0.23316667 0.41300000 0.23350000 0.41637500 0.23500000 0.41762500 0.24166667 0.42387500 0.59133333 0.42287500 0.63200000 0.42512500 0.66666667 0.42487500 0.67866667
0 0.45125000 0.68450000 0.42825000 0.68316667 0.42562500 0.67833333 0.41812500 0.23666667 0.42000000 0.23350000 0.42600000 0.23216667 0.44775000 0.23216667 0.45137500 0.23500000 0.45237500 0.24033333 0.45437500 0.62600000 0.45412500 0.67900000
0 0.48075000 0.68850000 0.45900000 0.68750000 0.45512500 0.67933333 0.45312500 0.23933333 0.45525000 0.23416667 0.46625000 0.23250000 0.48300000 0.23383333 0.48612500 0.24033333 0.48437500 0.68600000
0 0.51100000 0.69183333 0.48975000 0.69050000 0.48462500 0.68566667 0.48612500 0.27066667 0.48687500 0.24033333 0.49025000 0.23416667 0.51400000 0.23483333 0.52237500 0.24033333 0.51587500 0.65466667 0.51462500 0.68933333
0 0.54125000 0.69516667 0.51925000 0.69350000 0.51537500 0.68766667 0.52287500 0.24300000 0.52400000 0.23883333 0.52825000 0.23683333 0.55325000 0.23716667 0.55787500 0.24400000 0.54637500 0.68766667 0.54537500 0.69333333
0 0.57250000 0.69683333 0.54900000 0.69516667 0.54662500 0.68733333 0.55837500 0.24300000 0.56050000 0.23650000 0.56400000 0.23583333 0.58875000 0.23816667 0.59312500 0.24400000 0.57712500 0.68633333 0.57637500 0.69366667
0 0.60175000 0.69916667 0.58125000 0.69816667 0.57762500 0.69400000 0.59387500 0.24733333 0.59512500 0.24033333 0.59900000 0.23850000 0.62700000 0.23916667 0.62937500 0.24333333 0.62862500 0.26833333 0.60887500 0.65866667 0.60637500 0.69500000
0 0.63375000 0.70150000 0.61125000 0.70016667 0.60762500 0.69733333 0.60737500 0.69133333 0.62987500 0.24933333 0.63137500 0.24200000 0.63500000 0.23850000 0.64925000 0.23850000 0.66375000 0.24083333 0.66587500 0.24400000 0.66612500 0.25200000 0.64012500 0.66066667 0.63737500 0.69733333
0 0.66625000 0.70283333 0.64250000 0.70250000 0.63912500 0.69800000 0.66112500 0.33400000 0.66837500 0.24366667 0.67600000 0.24116667 0.69800000 0.24183333 0.70287500 0.24533333 0.70237500 0.26466667 0.68887500 0.42333333 0.67212500 0.66233333 0.66912500 0.69433333
0 0.69600000 0.70683333 0.67325000 0.70416667 0.67012500 0.70133333 0.66987500 0.69733333 0.70337500 0.24800000 0.70425000 0.24416667 0.70825000 0.24183333 0.73650000 0.24250000 0.73912500 0.24766667 0.73712500 0.27700000 0.71787500 0.50300000 0.70037500 0.68100000 0.69987500 0.70266667
0 0.72850000 0.70983333 0.70500000 0.70750000 0.70162500 0.70500000 0.70087500 0.69866667 0.73562500 0.29800000 0.74137500 0.24700000 0.74425000 0.24383333 0.77225000 0.24383333 0.77587500 0.24800000 0.77612500 0.25333333 0.76662500 0.34033333 0.76462500 0.37766667 0.75487500 0.45866667 0.73362500 0.68500000 0.73137500 0.70566667
0 0.76025000 0.71216667 0.73575000 0.70983333 0.73262500 0.70033333 0.77062500 0.31100000 0.77787500 0.24766667 0.78275000 0.24383333 0.81075000 0.24483333 0.81362500 0.24900000 0.81187500 0.27600000 0.76612500 0.67433333 0.76487500 0.69866667 0.76337500 0.70866667
0 0.79275000 0.71816667 0.76800000 0.71516667 0.76487500 0.71266667 0.76437500 0.70833333 0.81337500 0.26300000 0.81587500 0.24833333 0.81850000 0.24583333 0.85000000 0.24583333 0.85375000 0.24716667 0.85512500 0.25233333 0.84237500 0.36166667 0.80437500 0.65566667 0.80137500 0.66600000 0.79712500 0.71333333
0 0.82500000 0.71916667 0.80250000 0.71883333 0.79875000 0.71716667 0.79762500 0.71266667 0.85637500 0.25300000 0.85875000 0.24750000 0.86400000 0.24550000 0.89300000 0.24883333 0.89512500 0.25966667 0.88562500 0.33133333 0.82887500 0.71333333
0 0.85475000 0.72150000 0.83150000 0.71716667 0.83162500 0.70033333 0.89687500 0.25600000 0.89837500 0.25000000 0.90325000 0.24750000 0.93200000 0.25016667 0.93462500 0.25233333 0.93462500 0.26100000 0.89037500 0.54133333 0.88362500 0.57333333 0.87487500 0.64266667 0.86762500 0.67633333 0.86237500 0.71633333
0 0.88900000 0.72016667 0.86550000 0.71816667 0.86362500 0.71166667 0.93012500 0.28266667 0.93312500 0.27566667 0.93725000 0.24950000 0.96675000 0.24950000 0.96812500 0.25633333 0.95987500 0.29200000 0.95262500 0.35066667 0.91037500 0.59966667 0.90362500 0.65066667 0.89337500 0.70933333
0 0.92800000 0.73450000 0.90025000 0.72983333 0.89437500 0.72066667 0.89387500 0.71266667 0.90162500 0.67766667 0.91137500 0.60300000 0.96962500 0.25233333 0.97350000 0.24950000 0.99975000 0.25083333 0.99975000 0.38133333 0.99812500 0.38166667 0.99162500 0.41433333 0.93762500 0.71700000 0.93337500 0.73200000
0 0.96750000 0.73550000 0.94125000 0.73383333 0.93737500 0.73000000 0.93687500 0.72433333 0.97637500 0.50566667 0.98362500 0.47433333 0.99012500 0.43266667 0.99812500 0.39733333 0.99975000 0.39716667 0.99975000 0.59033333 0.99812500 0.59066667 0.99362500 0.61266667 0.97237500 0.72833333 0.97087500 0.73300000
0 0.86700000 0.99966667 0.82412500 0.99966667 0.81362500 0.92800000 0.81187500 0.90333333 0.81362500 0.88600000 0.81562500 0.87766667 0.81687500 0.85766667 0.81850000 0.85550000 0.82200000 0.85350000 0.82650000 0.85350000 0.83087500 0.85666667 0.83437500 0.86366667 0.83987500 0.87866667 0.84312500 0.88400000 0.84837500 0.89633333 0.85112500 0.90033333 0.85487500 0.92566667 0.85912500 0.94500000 0.86012500 0.95500000 0.86562500 0.98333333
0 0.81075000 0.99966667 0.78125000 0.99966667 0.78012500 0.98600000 0.77962500 0.95433333 0.78037500 0.95133333 0.77987500 0.94133333 0.78037500 0.93333333 0.77912500 0.92400000 0.78037500 0.92033333 0.77937500 0.90833333 0.78037500 0.90500000 0.78037500 0.90066667 0.77962500 0.88200000 0.77812500 0.87733333 0.77887500 0.87366667 0.77787500 0.86966667 0.77812500 0.86166667 0.77925000 0.86016667 0.78300000 0.85883333 0.79175000 0.85350000 0.80125000 0.85150000 0.80675000 0.84916667 0.81087500 0.85200000 0.81137500 0.86166667 0.81237500 0.86500000 0.81212500 0.87333333 0.81075000 0.87550000 0.80900000 0.87483333 0.80675000 0.87183333 0.80587500 0.87300000 0.80675000 0.87716667 0.81075000 0.87783333 0.81237500 0.88066667 0.81112500 0.89666667
0 0.77325000 0.99966667 0.74450000 0.99966667 0.74437500 0.99800000 0.74350000 0.99683333 0.74012500 0.99500000 0.74050000 0.99316667 0.74200000 0.99283333 0.74312500 0.99133333 0.74287500 0.98933333 0.74037500 0.98733333 0.73987500 0.98433333 0.73987500 0.97800000 0.74087500 0.97466667 0.73987500 0.97066667 0.74012500 0.95800000 0.73962500 0.95433333 0.74012500 0.94633333 0.74112500 0.94400000 0.74012500 0.93966667 0.74012500 0.93066667 0.74087500 0.92800000 0.74012500 0.92400000 0.74137500 0.92066667 0.74062500 0.91633333 0.74162500 0.91233333 0.74112500 0.90766667 0.74187500 0.90500000 0.74112500 0.90100000 0.74162500 0.89533333 0.74037500 0.87733333 0.74112500 0.87433333 0.74112500 0.86933333 0.74375000 0.86116667 0.74925000 0.85683333 0.75975000 0.85250000 0.77150000 0.85250000 0.77287500 0.85366667 0.77412500 0.86166667
0 0.17791667 0.99555556 0.20708333 0.99444444 0.17791667 0.76555556 0.14875000 0.76555556
0 0.18780488 0.80487805 0.25182927 0.79837398 0.26524390 0.99837398 0.21036585 0.99918699
0 0.25060976 0.78292683 0.27987805 0.78699187 0.29268293 0.99837398 0.26768293 0.99918699
0 0.28414634 0.79349593 0.32682927 0.78699187 0.32500000 0.79512195 0.35304878 0.99674797 0.31829268 0.99918699
0 0.32560976 0.79756098 0.33536585 0.79756098 0.36341463 0.99918699 0.35243902 0.99756098
0 0.33536585 0.77804878 0.37256098 0.77398374 0.40182927 0.99837398 0.36585366 0.99918699
0 0.37317073 0.75609756 0.41280488 0.75121951 0.43536585 0.99918699 0.40426829 0.99756098
0 0.41341463 0.78943089 0.44268293 0.78861789 0.46463415 0.99593496 0.43658537 0.99837398
0 0.43902439 0.76585366 0.46646341 0.76341463 0.48841463 0.99837398 0.46646341 0.99593496
0 0.46829268 0.76178862 0.49451220 0.76341463 0.51280488 0.99674797 0.49329268 0.99674797
0 0.53925000 0.99966667 0.51425000 0.99966667 0.51337500 0.99533333 0.51187500 0.96666667 0.50087500 0.84433333 0.49837500 0.79666667 0.50187500 0.78300000 0.50387500 0.77966667 0.50512500 0.77166667 0.50937500 0.76400000 0.50987500 0.75400000 0.51300000 0.75316667 0.51800000 0.74883333 0.52150000 0.74850000 0.52475000 0.75183333 0.52637500 0.75966667 0.52487500 0.77433333 0.52612500 0.78266667 0.52562500 0.79966667 0.53087500 0.85266667 0.53562500 0.95933333
0 0.56275000 0.99966667 0.53937500 0.99966667 0.53812500 0.96866667 0.53562500 0.94133333 0.53437500 0.90233333 0.52737500 0.81166667 0.52737500 0.80533333 0.52950000 0.79950000 0.53350000 0.80250000 0.54425000 0.80216667 0.54900000 0.80016667 0.55137500 0.80633333 0.55187500 0.82666667 0.55387500 0.84733333 0.55962500 0.95800000
0 0.59900000 0.99966667 0.56387500 0.99966667 0.55912500 0.91066667 0.55487500 0.85700000 0.55412500 0.84200000 0.55462500 0.81466667 0.55675000 0.81050000 0.56037500 0.80966667 0.56187500 0.79900000 0.56450000 0.79650000 0.57350000 0.79716667 0.57950000 0.79883333 0.58025000 0.80116667 0.58175000 0.79883333 0.58550000 0.79750000 0.58737500 0.79500000 0.58800000 0.79183333 0.58987500 0.79900000 0.58987500 0.80566667 0.59162500 0.81366667 0.59412500 0.84100000 0.59512500 0.89733333
0 0.62800000 0.99966667 0.59962500 0.99966667 0.59662500 0.90000000 0.59312500 0.82900000 0.59387500 0.81466667 0.59575000 0.81150000 0.60175000 0.81416667 0.61000000 0.81416667 0.61950000 0.81216667 0.62187500 0.81466667 0.62487500 0.85300000 0.62562500 0.92466667
0 0.66075000 0.99966667 0.62887500 0.99966667 0.62787500 0.95233333 0.62612500 0.91233333 0.62562500 0.85700000 0.62700000 0.85316667 0.63000000 0.85150000 0.64175000 0.84916667 0.65125000 0.84883333 0.65600000 0.84983333 0.65750000 0.85083333 0.65887500 0.85333333 0.65987500 0.88500000 0.65987500 0.94500000
0 0.69600000 0.99966667 0.66412500 0.99966667 0.66312500 0.97966667 0.66362500 0.97500000 0.66312500 0.95433333 0.66362500 0.95133333 0.66212500 0.94000000 0.66162500 0.86866667 0.66237500 0.86166667 0.66362500 0.85866667 0.66525000 0.85683333 0.67050000 0.85483333 0.67625000 0.85383333 0.68725000 0.85483333 0.69325000 0.85750000 0.69512500 0.86100000 0.69587500 0.86466667 0.69637500 0.88200000 0.69562500 0.95233333 0.69612500 0.99166667 0.69662500 0.99366667
0 0.73650000 0.99966667 0.70250000 0.99966667 0.70112500 0.99500000 0.70162500 0.97233333 0.70037500 0.91066667 0.70037500 0.87533333 0.70112500 0.86166667 0.70700000 0.85750000 0.71350000 0.85516667 0.73125000 0.85183333 0.73350000 0.85216667 0.73512500 0.85400000 0.73637500 0.86066667 0.73587500 0.96700000
