0 0.92400000 0.86350000 0.91462500 0.86133333 0.91462500 0.84133333 0.92587500 0.72266667 0.95962500 0.25600000 0.96300000 0.25183333 0.99975000 0.25116667 0.99975000 0.29733333 0.99787500 0.29833333 0.99112500 0.34666667 0.97487500 0.57766667 0.95162500 0.84033333 0.94725000 0.85683333
0 0.07275000 0.89783333 0.06075000 0.89650000 0.05112500 0.87700000 0.03587500 0.81500000 0.02637500 0.75566667 0.00562500 0.69800000 0.00237500 0.67433333 0.00012500 0.67333333 0.00025000 0.40483333 0.00975000 0.40516667 0.01437500 0.41333333 0.06262500 0.63800000 0.08437500 0.72233333 0.09737500 0.78633333 0.11962500 0.87633333 0.12087500 0.89066667 0.11925000 0.89450000 0.10425000 0.89250000 0.10812500 0.89633333
0 0.14300000 0.91483333 0.13100000 0.91383333 0.12662500 0.90800000 0.09312500 0.74633333 0.07962500 0.69633333 0.05462500 0.58100000 0.04787500 0.56066667 0.01962500 0.41733333 0.01362500 0.40733333 0.00912500 0.38966667 0.00937500 0.38466667 0.01575000 0.37983333 0.06800000 0.37050000 0.09400000 0.36983333 0.09762500 0.37300000 0.10262500 0.39233333 0.11112500 0.44133333 0.12012500 0.47100000 0.12612500 0.51533333 0.13262500 0.53366667 0.13712500 0.56833333 0.14887500 0.61166667 0.15337500 0.64733333 0.16237500 0.68566667 0.16612500 0.69033333 0.17062500 0.72366667 0.18587500 0.78866667 0.18637500 0.80266667 0.19287500 0.82633333 0.19287500 0.84166667 0.20537500 0.90000000 0.20125000 0.90516667 0.19300000 0.90783333
0 0.22900000 0.90150000 0.21275000 0.90083333 0.20887500 0.89666667 0.11462500 0.41933333 0.10812500 0.37566667 0.11550000 0.36950000 0.13400000 0.36516667 0.15000000 0.36683333 0.15462500 0.37900000 0.21487500 0.71300000 0.21437500 0.73066667 0.22037500 0.77166667 0.22762500 0.79900000 0.22837500 0.81866667 0.23287500 0.82566667 0.23162500 0.83400000 0.24562500 0.88466667 0.24425000 0.89583333
0 0.26675000 0.89350000 0.25050000 0.89150000 0.24662500 0.88666667 0.15387500 0.37300000 0.15437500 0.36733333 0.15750000 0.36483333 0.18975000 0.36050000 0.19512500 0.36533333 0.28062500 0.87733333 0.28050000 0.89050000
0 0.88500000 0.87416667 0.87487500 0.87166667 0.87412500 0.85733333 0.90737500 0.26866667 0.91200000 0.26083333 0.92525000 0.25583333 0.95450000 0.25516667 0.95787500 0.26000000 0.95637500 0.29200000 0.91312500 0.86166667 0.90850000 0.86850000
0 0.85025000 0.87750000 0.82975000 0.87516667 0.82812500 0.85800000 0.85462500 0.37633333 0.85837500 0.27900000 0.85387500 0.26766667 0.86175000 0.26183333 0.89950000 0.25816667 0.90450000 0.25950000 0.90612500 0.26400000 0.90587500 0.28500000 0.87612500 0.78166667 0.87412500 0.85200000 0.87125000 0.87416667
0 0.80425000 0.88250000 0.78750000 0.88150000 0.78437500 0.87366667 0.80262500 0.27933333 0.84225000 0.27383333 0.85550000 0.27850000 0.85787500 0.28766667 0.84412500 0.51266667 0.82737500 0.86966667 0.82275000 0.87883333
0 0.77650000 0.87983333 0.74475000 0.87750000 0.73962500 0.86200000 0.74737500 0.29500000 0.75200000 0.28016667 0.78725000 0.27350000 0.79912500 0.27666667 0.80112500 0.29233333 0.78462500 0.78333333 0.78437500 0.87333333 0.78300000 0.87816667
0 0.71450000 0.87416667 0.70125000 0.87116667 0.69837500 0.85966667 0.69662500 0.30266667 0.69837500 0.29333333 0.70225000 0.28983333 0.73650000 0.28550000 0.74400000 0.28783333 0.74637500 0.29800000 0.73862500 0.86366667 0.73525000 0.86983333
0 0.67175000 0.87283333 0.65987500 0.86933333 0.65687500 0.85066667 0.64762500 0.30966667 0.65050000 0.29816667 0.69350000 0.29483333 0.69637500 0.31400000 0.69837500 0.86566667 0.69400000 0.87050000
0 0.62800000 0.86716667 0.62025000 0.86550000 0.61737500 0.85766667 0.60537500 0.30900000 0.60650000 0.29883333 0.64275000 0.29550000 0.64612500 0.30366667 0.65637500 0.85766667 0.65175000 0.86183333
0 0.59200000 0.87450000 0.58375000 0.87450000 0.57862500 0.86566667 0.55787500 0.31833333 0.56150000 0.31016667 0.60000000 0.30416667 0.60437500 0.31100000 0.60537500 0.32466667 0.61662500 0.86266667 0.61050000 0.86950000
0 0.55175000 0.87716667 0.54475000 0.87716667 0.54137500 0.87300000 0.53937500 0.85566667 0.51187500 0.32600000 0.51400000 0.31483333 0.55300000 0.31216667 0.55687500 0.33033333 0.56637500 0.63100000 0.57762500 0.86633333 0.57675000 0.86983333 0.56800000 0.87383333
0 0.50675000 0.87750000 0.50387500 0.87366667 0.50037500 0.85100000 0.46462500 0.33433333 0.46850000 0.32216667 0.49625000 0.31783333 0.50675000 0.31816667 0.51037500 0.32200000 0.52012500 0.53600000 0.53962500 0.86933333 0.53700000 0.87416667
0 0.47600000 0.88316667 0.46437500 0.88066667 0.46137500 0.85866667 0.42337500 0.40566667 0.42237500 0.35333333 0.41837500 0.33966667 0.42025000 0.33016667 0.45625000 0.32516667 0.46075000 0.32616667 0.46312500 0.33166667 0.46762500 0.38033333 0.48837500 0.70666667 0.50212500 0.87100000 0.49825000 0.88050000
0 0.44050000 0.88816667 0.42787500 0.88566667 0.42287500 0.85700000 0.40562500 0.66833333 0.37087500 0.35033333 0.37037500 0.34200000 0.37325000 0.33583333 0.39575000 0.33016667 0.41225000 0.33083333 0.42062500 0.35266667 0.42187500 0.40333333 0.46037500 0.84200000 0.46212500 0.88100000
0 0.40900000 0.89983333 0.38850000 0.89750000 0.38337500 0.87366667 0.35512500 0.61966667 0.34537500 0.55566667 0.33037500 0.42033333 0.32787500 0.37700000 0.32262500 0.35466667 0.33012500 0.34566667 0.33000000 0.34183333 0.34200000 0.34216667 0.34550000 0.33750000 0.36662500 0.33866667 0.37462500 0.38433333 0.40487500 0.67200000 0.41537500 0.81700000 0.42662500 0.88866667 0.42400000 0.89783333
0 0.37050000 0.89750000 0.35650000 0.89683333 0.35087500 0.89100000 0.28137500 0.38133333 0.28012500 0.35600000 0.28800000 0.34583333 0.31450000 0.34350000 0.31937500 0.35333333 0.32312500 0.37766667 0.33962500 0.53733333 0.34987500 0.60166667 0.36237500 0.71700000 0.36562500 0.72633333 0.37787500 0.84233333 0.38587500 0.88933333 0.38450000 0.89483333
0 0.19541667 0.36000000 0.23708333 0.35555556 0.31541667 0.89555556 0.28041667 0.89777778
0 0.23791667 0.35666667 0.28208333 0.35333333 0.35208333 0.89555556 0.31625000 0.90000000
