0 0.03300000 0.83050000 0.02200000 0.82883333 0.01887500 0.82266667 0.00237500 0.70633333 0.00012500 0.70500000 0.00012500 0.28733333 0.00450000 0.28650000 0.02525000 0.28650000 0.02962500 0.29433333 0.03362500 0.33400000 0.03362500 0.34266667 0.03062500 0.34600000 0.03762500 0.35700000 0.04387500 0.42400000 0.06087500 0.54566667 0.07062500 0.63800000 0.07712500 0.66733333 0.09337500 0.80633333 0.09262500 0.81233333 0.08425000 0.81983333
0 0.10725000 0.81516667 0.09862500 0.81233333 0.09487500 0.79800000 0.05812500 0.50233333 0.04487500 0.41633333 0.04462500 0.39566667 0.03612500 0.33533333 0.03562500 0.31066667 0.03837500 0.29900000 0.04500000 0.29483333 0.08500000 0.29116667 0.09737500 0.29533333 0.10137500 0.35800000 0.10462500 0.37166667 0.12887500 0.60000000 0.13562500 0.64166667 0.15337500 0.79900000 0.15075000 0.80783333
0 0.18100000 0.82850000 0.15900000 0.82683333 0.15662500 0.81966667 0.14137500 0.68966667 0.13687500 0.62933333 0.10737500 0.38900000 0.10712500 0.36133333 0.10362500 0.35033333 0.09937500 0.30566667 0.09987500 0.29966667 0.10350000 0.29750000 0.16275000 0.29450000 0.16787500 0.29900000 0.17137500 0.35900000 0.18587500 0.49233333 0.19087500 0.56733333 0.19787500 0.61133333 0.20337500 0.67366667 0.21087500 0.80266667 0.21462500 0.81866667 0.21225000 0.82316667
0 0.24750000 0.83616667 0.22075000 0.83483333 0.21512500 0.81066667 0.20187500 0.62300000 0.17237500 0.34166667 0.17012500 0.30300000 0.17400000 0.29783333 0.23450000 0.29516667 0.24112500 0.29966667 0.25387500 0.50333333 0.27987500 0.82633333 0.27500000 0.83350000
0 0.30175000 0.83450000 0.28700000 0.83416667 0.28275000 0.83183333 0.28062500 0.82600000 0.24362500 0.32700000 0.24312500 0.30766667 0.24775000 0.30216667 0.30525000 0.30183333 0.31187500 0.30733333 0.32787500 0.53366667 0.33462500 0.66766667 0.33812500 0.69200000 0.34362500 0.82333333 0.33400000 0.83083333
0 0.36550000 0.83150000 0.34950000 0.83116667 0.34562500 0.81900000 0.33937500 0.69233333 0.34187500 0.68100000 0.33812500 0.67066667 0.31787500 0.35000000 0.31787500 0.31300000 0.32950000 0.30683333 0.37325000 0.30683333 0.37762500 0.31066667 0.37887500 0.31766667 0.37937500 0.36966667 0.38512500 0.44800000 0.40187500 0.81633333 0.40025000 0.82050000 0.38950000 0.82650000
0 0.44750000 0.83550000 0.41225000 0.83416667 0.40625000 0.83116667 0.40387500 0.82333333 0.38337500 0.38933333 0.38112500 0.31366667 0.38500000 0.30883333 0.44350000 0.30616667 0.44837500 0.31366667 0.46562500 0.82766667 0.46325000 0.83416667
0 0.48575000 0.84350000 0.47100000 0.84283333 0.46862500 0.83133333 0.45362500 0.37333333 0.45312500 0.29566667 0.45525000 0.29083333 0.49875000 0.29016667 0.50250000 0.29083333 0.50387500 0.29533333 0.51287500 0.83466667 0.50925000 0.83983333
0 0.52975000 0.84483333 0.51775000 0.84350000 0.51537500 0.83500000 0.50962500 0.43966667 0.50487500 0.30266667 0.50800000 0.29483333 0.53775000 0.29350000 0.54112500 0.29866667 0.54062500 0.43200000 0.54637500 0.83800000 0.54250000 0.84316667
0 0.58500000 0.83850000 0.55250000 0.83816667 0.54787500 0.83400000 0.54737500 0.82800000 0.54237500 0.31866667 0.54237500 0.30233333 0.54550000 0.29683333 0.59050000 0.29583333 0.59587500 0.29900000 0.59312500 0.42966667 0.59212500 0.83400000
0 0.65625000 0.85016667 0.61300000 0.84616667 0.59800000 0.83816667 0.59462500 0.83333333 0.59562500 0.52066667 0.59937500 0.33800000 0.60600000 0.33250000 0.70900000 0.33116667 0.71212500 0.33633333 0.71037500 0.40800000 0.70362500 0.58066667 0.69762500 0.64900000 0.69162500 0.82766667 0.68962500 0.83766667 0.67950000 0.84616667
0 0.73450000 0.85216667 0.70550000 0.84983333 0.70087500 0.84600000 0.69787500 0.83466667 0.70062500 0.72166667 0.71562500 0.42033333 0.71612500 0.34066667 0.71212500 0.30666667 0.71675000 0.29883333 0.72325000 0.29750000 0.77550000 0.30216667 0.78012500 0.30533333 0.78162500 0.31433333 0.76287500 0.58566667 0.75087500 0.83800000 0.74725000 0.84983333
0 0.99725000 0.32750000 0.96025000 0.32116667 0.79900000 0.30416667 0.76650000 0.29683333 0.74200000 0.29683333 0.63450000 0.28450000 0.63062500 0.27966667 0.63387500 0.23333333 0.63850000 0.22850000 0.64400000 0.22850000 0.99975000 0.27283333 0.99975000 0.32700000
0 0.78325000 0.84316667 0.76325000 0.84250000 0.75400000 0.83883333 0.75237500 0.83466667 0.76537500 0.56166667 0.78112500 0.33800000 0.78300000 0.33283333 0.79500000 0.33150000 0.85675000 0.33383333 0.86087500 0.34000000 0.85812500 0.39400000 0.81937500 0.82900000 0.81375000 0.83816667
0 0.84350000 0.83416667 0.82650000 0.83350000 0.82112500 0.82566667 0.85062500 0.50333333 0.86262500 0.33700000 0.86450000 0.33383333 0.86950000 0.33350000 0.92775000 0.33783333 0.93287500 0.34633333 0.92887500 0.41000000 0.92387500 0.44033333 0.91637500 0.53366667 0.90837500 0.57733333 0.88537500 0.80866667 0.87700000 0.83050000
0 0.95525000 0.82683333 0.93700000 0.82316667 0.93512500 0.81466667 0.93812500 0.77800000 0.94512500 0.73766667 0.94812500 0.66366667 0.97287500 0.46166667 0.97837500 0.39000000 0.98212500 0.37733333 0.98625000 0.37650000 0.99350000 0.38283333 0.99975000 0.38466667 0.99975000 0.54166667 0.99812500 0.54200000 0.98837500 0.62333333 0.96837500 0.81000000 0.96425000 0.82283333
0 0.93458333 0.32333333 0.99041667 0.32333333 0.93708333 0.82888889 0.88125000 0.82666667
