0 0.8214676889375684 0.12468054034319094 0.9353778751369113 0.11591821832785687 0.8608981380065717 0.8008397225264695 0.7787513691128148 0.8037604965315809
0 0.71960569550931 0.14366557137641475 0.80065717415115 0.13782402336619204 0.7710843373493975 0.8008397225264695 0.7108433734939759 0.8096020445418035
0 0.651697699890471 0.1728733114275283 0.7130339539978093 0.17433369843008398 0.6976998904709748 0.7964585615188026 0.651697699890471 0.7993793355239137
0 0.5903614457831324 0.12906170135085798 0.6473165388828039 0.11737860533041256 0.6495071193866374 0.8037604965315809 0.6035049288061336 0.7935377875136912
0 0.5388828039430449 0.12029937933552391 0.583789704271632 0.11591821832785687 0.5991237677984665 0.8037604965315809 0.5662650602409639 0.8037604965315809
0 0.5005476451259584 0.1407447973713034 0.5399780941949616 0.1392844103687477 0.570646221248631 0.8096020445418035 0.5399780941949616 0.8110624315443592
0 0.4589266155531216 0.14366557137641475 0.4994523548740416 0.14220518437385907 0.5366922234392114 0.8081416575392478 0.5049288061336255 0.8125228185469149
0 0.4129244249726177 0.14804673238408178 0.45235487404162106 0.14366557137641475 0.5049288061336255 0.8096020445418035 0.4753559693318729 0.8154435925520263
0 0.37349397590361444 0.14804673238408178 0.4129244249726177 0.14366557137641475 0.4731653888280394 0.8037604965315809 0.44359255202628695 0.8066812705366923
0 0.32858707557502737 0.15826944140197152 0.36363636363636365 0.1524278933917488 0.4392113910186199 0.8096020445418035 0.4085432639649507 0.8169039795545819
0 0.28806133625410735 0.14220518437385907 0.32092004381161005 0.1349032493610807 0.4063526834611172 0.8037604965315809 0.37568455640744797 0.8125228185469149
0 0.22015334063526834 0.13782402336619204 0.28148959474260676 0.12322015334063527 0.37349397590361444 0.8066812705366923 0.32858707557502737 0.8271266885724717
0 0.10952902519167579 0.14220518437385907 0.208105147864184 0.12322015334063527 0.32639649507119384 0.8183643665571376 0.25082146768893754 0.8329682365826944
0 0.048192771084337345 0.18601679445052938 0.10843373493975904 0.17579408543263966 0.24315443592552027 0.8125228185469149 0.18619934282584885 0.8169039795545819
