0 0.013173035014697092 0.33834699752977393 0.08692303501469709 0.34834699752977394 0.05942303501469709 0.9233469975297738 0.001923035014697092 0.9283469975297738
0 0.09192303501469709 0.34001366419644063 0.1644230350146971 0.33501366419644063 0.15442303501469712 0.9150136641964405 0.0581730350146971 0.9266803308631071
0 0.1681730350146971 0.3416803308631073 0.2519230350146971 0.34001366419644063 0.24192303501469709 0.9200136641964405 0.15192303501469706 0.9200136641964405
0 0.26192303501469705 0.34834699752977394 0.33442303501469706 0.3516803308631072 0.32942303501469705 0.9116803308631072 0.2406730350146971 0.9183469975297738
0 0.33942303501469706 0.3450136641964407 0.41442303501469707 0.34834699752977394 0.39692303501469706 0.9133469975297738 0.32442303501469705 0.9083469975297738
0 0.4917853231106243 0.2897042716319825 0.5377875136911281 0.2853231106243154 0.5684556407447974 0.9103687477181454 0.52026286966046 0.9176706827309237
0 0.5432639649507119 0.29554581964220517 0.5848849945235487 0.29554581964220517 0.6210295728368018 0.9089083607155896 0.5684556407447974 0.9147499087258123
0 0.5947426067907995 0.29554581964220517 0.637458926615553 0.2926250456370938 0.6692223439211391 0.9118291347207009 0.6232201533406352 0.9118291347207009
0 0.6451259583789704 0.3013873676524279 0.6823658269441402 0.3013873676524279 0.7185104052573932 0.907447973713034 0.6703176341730558 0.916210295728368
0 0.6889375684556408 0.3013873676524279 0.7261774370208105 0.3057685286600949 0.7677984665936473 0.9147499087258123 0.7250821467688937 0.9147499087258123
0 0.7349397590361445 0.3028477546549836 0.7743702081051479 0.3072289156626506 0.8181818181818181 0.9132895217232566 0.7765607886089814 0.920591456736035
0 0.7809419496166483 0.3072289156626506 0.8192771084337349 0.3116100766703176 0.864184008762322 0.9132895217232566 0.8203723986856517 0.9132895217232566
0 0.8247535596933188 0.3101496896677619 0.8674698795180723 0.31453085067542896 0.9211391018619933 0.9147499087258123 0.8740416210295727 0.9191310697334794
0 0.868565169769989 0.3072289156626506 0.9145673603504929 0.3116100766703176 0.9759036144578312 0.9147499087258123 0.9255202628696604 0.9147499087258123
