0 0.037430521647135465 0.10592556423611113 0.07368052164713547 0.10759223090277782 0.031180521647135463 1.0 0.007430521647135464 1.0
0 0.07243052164713547 0.08592556423611114 0.10618052164713547 0.0875922309027778 0.07243052164713547 0.9992588975694445 0.03368052164713546 1.0
0 0.14618052164713546 0.07592556423611115 0.18868052164713547 0.08259223090277781 0.15618052164713547 0.9975922309027778 0.10618052164713547 0.9959255642361111
0 0.2036805216471355 0.035925564236111145 0.25118052164713545 0.03425889756944449 0.2549305216471355 0.9992588975694445 0.21118052164713547 1.0
0 0.2786805216471354 0.0 0.37118052164713544 0.0 0.35743052164713546 0.9942588975694445 0.25868052164713545 0.9992588975694445
0 0.39743052164713544 0.0 0.4899305216471354 0.0 0.4761805216471354 0.9959255642361111 0.36868052164713544 1.0
0 0.5111805216471355 0.0 0.6086805216471354 0.0 0.5911805216471354 0.9959255642361111 0.48118052164713543 1.0
0 0.6188389923329682 0.0 0.7152245345016429 0.0 0.7119386637458927 1.0 0.5969331872946331 1.0
0 0.7163198247535597 0.010770354143848119 0.8083242059145673 0.015151515151515152 0.7951807228915663 0.9965315808689301 0.7108433734939759 0.9994523548740416
0 0.8335158817086528 0.10715589631252281 0.8696604600219058 0.11007667031763416 0.859802847754655 0.9979919678714859 0.8181818181818181 0.9994523548740416
0 0.8707557502738225 0.1261409273457466 0.8992332968236583 0.1261409273457466 0.8860898138006571 0.9936108068638188 0.8608981380065717 0.9979919678714859
0 0.8970427163198248 0.13198247535596933 0.9342825848849944 0.13052208835341364 0.932092004381161 0.9965315808689301 0.8937568455640744 1.0
0 0.9452354874041621 0.018072289156626505 0.9989047097480832 0.015151515151515152 0.9978094194961664 0.9936108068638188 0.9474260679079957 0.9965315808689301
