0 0.0 0.20178487023362698 0.015860419024538715 0.20023554998416637 0.11753456039539134 0.7781320030329747 0.08499883515671848 0.7820053036566261 0.0007545465922977066 0.3048146668227577
0 0.01818439939872955 0.18784098798848148 0.04549116879547289 0.18629166773902087 0.14135535923084822 0.7773573429082444 0.1210205309566777 0.7796813232824353
0 0.050139129543854716 0.19791156960997547 0.07860788912769343 0.19713690948524515 0.16924312372113925 0.7820053036566261 0.14484132979213468 0.786653264405008
0 0.07845895580497493 0.1431519769054281 0.13014709010487813 0.14056757019043295 0.22253963016595502 0.7875307178442211 0.17537420761729336 0.7815004355092322
0 0.13919251360736115 0.1371216945704394 0.21737081673596467 0.13367581895044586 0.28521149300458765 0.7952839379892066 0.22577013855969896 0.7892536556542177
0 0.2231857318447038 0.14659785252542165 0.28391928964709 0.14487491471542488 0.33689962730449075 0.8073445026591839 0.2903803064345779 0.8073445026591839
0 0.29813352657956343 0.19914745573032322 0.34142233905573227 0.20000892463532158 0.37889623642316206 0.8116518471841758 0.34529894912822506 0.8150977228041695
0 0.35175996591571296 0.20259333135031674 0.39634098174937943 0.20173186244531838 0.42476945561432616 0.8211280051391581 0.3872955582468963 0.8194050673291613
0 0.39892538846437464 0.14142903909543134 0.4447986076555386 0.14142903909543134 0.46805826809049506 0.8219894740441566 0.4325226757593115 0.8202665362341595
0 0.4596589462667608 0.17416485748537003 0.5610969098303208 0.16985751296037807 0.5565741980790793 0.8090674404691806 0.4783958949504757 0.809928909374179
0 0.5669118249390599 0.23360621193025866 0.6179538575602143 0.23016033631026508 0.6011552139127457 0.8202665362341595 0.5643274182240646 0.8168206606141661
0 0.63087589113519 0.23188327412026186 0.6761030086476053 0.23274474302526027 0.6450901280676634 0.829742694189142 0.6069701290214848 0.8271582874741467
0 0.683210127113842 0.19914745573032322 0.7316677530200012 0.20259333135031674 0.692255550616325 0.8288812252841435 0.6547816532488953 0.828019756379145
0 0.7441867576167988 0.10231040410687307 0.8081564634584156 0.09864189051022121 0.7469381428142877 0.8360131234372457 0.6932861314632541 0.8314274814414309
0 0.8177863116496268 0.10047614730854715 0.8872587878862214 0.10322753250603604 0.8026536930634379 0.8405987654330604 0.7531287595086377 0.8387645086347346
0 0.8872587878862214 0.15091820926251026 0.9250903343516937 0.14908395246418432 0.8356703154333046 0.8396816370338976 0.8226012357452324 0.8424330222313865 0.8047172319615545 0.8396816370338976
0 0.931968797345416 0.16008949325413993 0.9999999999999999 0.15642097965748805 0.9999999999999999 0.39946000543567395 0.9209632565554605 0.8415158938322235 0.8418609321276547 0.8332617382397568
