0 0.0 0.198892746067919 0.020348114656206378 0.198892746067919 0.06941200818940942 0.8559641045615992 0.017462003271900325 0.8540400303053951 0.0 0.6346955650981344
0 0.026120337424818483 0.17772792924967454 0.05065228419142003 0.1758038549934705 0.09683006634031702 0.8636604015864151 0.07374117526586851 0.8617363273302112
0 0.05353839557572608 0.1940825604274089 0.12785576372160723 0.19023441191500082 0.165375211717586 0.8713566986112316 0.10332381695500564 0.8723187357393335
0 0.13290645864414283 0.1767658921215725 0.1660967395636625 0.1767658921215725 0.20073007617533525 0.8780909585079456 0.1697043787940451 0.8838631812765578
0 0.16826132310189207 0.15367700104712403 0.22959119001839587 0.15463903817522603 0.2570092481693035 0.8925215154294759 0.20433771540571782 0.8896354040451698
0 0.23897105201739058 0.1661834837124503 0.27288286078298685 0.16906959509675637 0.2930856404731293 0.9040659609667001 0.26133841524576257 0.9002178124542922
0 0.2822627227819815 0.17868996637777657 0.329162032776955 0.17868996637777657 0.34936481246709744 0.9002178124542922 0.31761758723973077 0.9108002208634143 0.29885786324174135 0.9002178124542922
0 0.3320481441612611 0.2190955257580615 0.3522509238514035 0.22005756288616346 0.3695675921572399 0.9098381837353123 0.35441550738963307 0.9098381837353123
0 0.3522509238514035 0.17387978073726648 0.38688426046307633 0.17387978073726648 0.40347940092283613 0.9146483693758223 0.3731752313876225 0.9136863322477202
0 0.39482106676991796 0.2181334886299594 0.4561509336864218 0.22101960001426546 0.4633662121471869 0.9117622579915164 0.4114162072296778 0.9117622579915164
0 0.4655307956854165 0.22486774852667357 0.5232530233715377 0.22582978565477552 0.5239745512176143 0.9156104065039244 0.4684169070697225 0.9146483693758223
0 0.5340759410626855 0.23063997129528566 0.5881905295184241 0.2287158970390816 0.582418306749812 0.9069520723510064 0.5297467739862264 0.9117622579915164
0 0.5889120573645006 0.20947515447704124 0.6459127572045454 0.20755108022083718 0.6307606724369386 0.9117622579915164 0.585304418134118 0.9079141094791083
0 0.6524065078192339 0.20562700596463312 0.7101287355053554 0.2085131173489392 0.6884829001230597 0.9194585550163326 0.6386974787437801 0.9184965178882305
0 0.7130148468896611 0.20947515447704124 0.7649648518071703 0.2085131173489392 0.7389898493484157 0.9213826292725367 0.6920905393534424 0.9194585550163326
0 0.774344713806165 0.20466496883653115 0.8378391642608984 0.20466496883653115 0.8017627719570728 0.9454335574750872 0.7469266556552576 0.941585408962679
0 0.8486620819520462 0.1719557064810624 0.8890676413323311 0.17291774360916445 0.8406214413488109 0.9619030707901434 0.8097689322162264 0.9602240226740844
