0 0.03650000 0.79183333 0.02550000 0.78950000 0.02287500 0.77533333 0.02512500 0.74533333 0.02837500 0.73066667 0.03162500 0.67000000 0.03512500 0.65533333 0.03812500 0.62266667 0.04012500 0.50466667 0.04787500 0.37900000 0.04962500 0.36966667 0.05275000 0.36783333 0.08850000 0.36916667 0.09262500 0.37333333 0.08887500 0.37633333 0.08662500 0.38266667 0.07287500 0.60266667 0.06237500 0.72300000 0.06037500 0.78366667 0.05675000 0.79083333
0 0.08325000 0.79683333 0.06450000 0.79616667 0.06087500 0.79066667 0.08712500 0.38200000 0.08975000 0.37650000 0.09575000 0.37516667 0.11150000 0.37750000 0.11462500 0.38166667 0.09162500 0.76833333 0.08962500 0.79100000 0.08800000 0.79516667
0 0.11775000 0.79750000 0.09500000 0.79683333 0.09262500 0.79433333 0.09237500 0.78600000 0.09887500 0.66033333 0.10512500 0.58833333 0.11412500 0.39166667 0.11562500 0.38133333 0.12425000 0.37783333 0.14275000 0.37983333 0.14637500 0.38633333 0.14087500 0.46533333 0.13512500 0.60133333 0.12587500 0.72466667 0.12412500 0.78266667 0.12237500 0.79466667
0 0.14500000 0.79483333 0.12775000 0.79383333 0.12437500 0.79100000 0.12637500 0.74366667 0.13637500 0.60433333 0.14687500 0.38500000 0.15050000 0.38183333 0.16625000 0.38216667 0.17375000 0.38350000 0.17587500 0.38833333 0.17412500 0.43133333 0.17137500 0.45100000 0.17062500 0.51666667 0.16062500 0.66066667 0.15487500 0.78400000 0.15225000 0.79316667
0 0.17600000 0.79283333 0.15825000 0.79283333 0.15562500 0.79100000 0.15512500 0.78600000 0.16187500 0.65833333 0.16912500 0.57600000 0.17637500 0.40766667 0.17850000 0.38450000 0.20050000 0.38316667 0.20412500 0.38500000 0.20462500 0.38966667 0.19787500 0.53500000 0.18862500 0.65900000 0.18262500 0.78500000 0.18075000 0.79116667
0 0.20525000 0.79316667 0.18800000 0.79283333 0.18362500 0.79066667 0.18487500 0.74066667 0.19887500 0.54266667 0.20612500 0.39300000 0.20712500 0.38500000 0.20900000 0.38316667 0.22925000 0.38416667 0.23187500 0.38600000 0.23262500 0.39266667 0.21837500 0.66566667 0.21062500 0.78766667 0.20925000 0.79183333
0 0.22975000 0.79516667 0.21275000 0.79283333 0.21087500 0.78566667 0.22212500 0.60800000 0.23237500 0.40266667 0.23550000 0.38650000 0.25525000 0.38616667 0.26075000 0.38883333 0.26237500 0.39466667 0.24912500 0.65433333 0.24437500 0.70866667 0.24337500 0.76166667 0.24087500 0.79133333
0 0.28850000 0.79883333 0.25575000 0.79716667 0.25337500 0.79466667 0.25287500 0.78366667 0.26662500 0.36833333 0.27150000 0.36050000 0.30100000 0.35950000 0.30937500 0.36200000 0.31162500 0.37433333 0.31062500 0.40833333 0.30612500 0.42000000 0.30462500 0.47200000 0.30112500 0.49600000 0.29912500 0.65833333 0.29562500 0.74333333 0.29637500 0.78533333 0.29537500 0.79566667
0 0.33450000 0.80350000 0.31025000 0.80250000 0.30587500 0.79866667 0.30487500 0.79166667 0.31412500 0.36400000 0.31625000 0.35716667 0.32925000 0.35516667 0.35750000 0.35683333 0.36012500 0.36433333 0.34962500 0.76300000 0.35187500 0.79633333 0.34900000 0.80250000
0 0.39350000 0.80583333 0.35725000 0.80416667 0.35362500 0.79933333 0.36312500 0.36766667 0.36525000 0.36383333 0.37200000 0.36283333 0.40050000 0.36283333 0.40525000 0.36516667 0.40587500 0.36866667 0.39812500 0.73666667 0.39937500 0.80300000
0 0.43650000 0.80750000 0.40800000 0.80683333 0.40250000 0.80383333 0.40112500 0.79800000 0.40762500 0.37433333 0.40887500 0.36933333 0.41200000 0.36750000 0.44375000 0.36850000 0.44812500 0.37433333 0.44812500 0.47533333 0.44637500 0.49633333 0.44237500 0.79633333 0.44137500 0.80500000
0 0.47825000 0.81383333 0.44800000 0.81350000 0.44337500 0.80700000 0.44987500 0.46733333 0.44987500 0.37600000 0.45087500 0.36500000 0.45625000 0.36283333 0.48475000 0.36316667 0.49087500 0.36566667 0.48787500 0.80766667 0.48625000 0.81283333
0 0.53525000 0.81916667 0.50175000 0.81850000 0.49425000 0.81650000 0.48987500 0.81066667 0.49362500 0.36533333 0.49450000 0.36150000 0.49950000 0.36016667 0.53725000 0.36016667 0.54200000 0.36150000 0.54512500 0.36866667 0.54512500 0.81200000 0.54125000 0.81816667
0 0.56925000 0.82116667 0.55100000 0.81883333 0.54837500 0.81466667 0.54762500 0.80400000 0.54687500 0.37600000 0.54712500 0.36533333 0.55250000 0.36083333 0.58750000 0.36416667 0.59012500 0.36733333 0.59087500 0.37600000 0.59387500 0.64566667 0.59837500 0.81500000 0.59600000 0.81983333
0 0.63850000 0.82250000 0.60375000 0.82083333 0.60062500 0.81866667 0.59962500 0.81233333 0.59537500 0.50000000 0.59687500 0.46300000 0.59412500 0.37666667 0.59512500 0.36566667 0.60200000 0.36083333 0.63500000 0.36316667 0.63912500 0.36866667 0.64787500 0.81666667 0.64650000 0.82083333
0 0.68350000 0.82316667 0.65400000 0.82250000 0.64812500 0.81666667 0.64137500 0.37700000 0.64237500 0.36833333 0.64850000 0.36416667 0.67650000 0.36550000 0.68275000 0.36750000 0.68437500 0.37200000 0.69512500 0.81833333 0.69100000 0.82250000
0 0.74125000 0.82750000 0.70550000 0.82616667 0.69825000 0.82250000 0.69637500 0.81833333 0.69512500 0.69200000 0.68987500 0.51833333 0.69412500 0.46300000 0.68987500 0.38466667 0.69437500 0.36533333 0.70150000 0.36050000 0.72850000 0.36250000 0.73350000 0.36450000 0.73562500 0.36933333 0.74212500 0.69300000 0.74712500 0.80700000 0.74687500 0.82233333
0 0.79375000 0.83000000 0.83875000 0.81888889 0.77541667 0.36333333 0.73541667 0.37333333
0 0.85625000 0.83888889 0.90791667 0.82888889 0.84625000 0.35777778 0.80375000 0.35888889
0 0.91208333 0.83777778 0.95291667 0.83666667 0.90875000 0.35222222 0.86625000 0.35555556
0 0.96541667 0.84444444 0.99975000 0.84245411 0.99975000 0.69111111 0.96458333 0.35000000 0.92291667 0.35333333
