0 0.91300000 0.76850000 0.89700000 0.76650000 0.89387500 0.75966667 0.94512500 0.31533333 0.95487500 0.21000000 0.95950000 0.19316667 0.99425000 0.19316667 0.99975000 0.19633333 0.99975000 0.22400000 0.99737500 0.22733333 0.98287500 0.31566667 0.96862500 0.44400000 0.92887500 0.74800000 0.92425000 0.76583333
0 0.12400000 0.75116667 0.08975000 0.74850000 0.08462500 0.74000000 0.01537500 0.51166667 0.00237500 0.47000000 0.00012500 0.46900000 0.00025000 0.27850000 0.00637500 0.28266667 0.03587500 0.40033333 0.12337500 0.72233333 0.12862500 0.74633333 0.12700000 0.75083333
0 0.17175000 0.75750000 0.13475000 0.75350000 0.13062500 0.74733333 0.01637500 0.32266667 0.00862500 0.28966667 0.01000000 0.28150000 0.06675000 0.27250000 0.07187500 0.27533333 0.07087500 0.29100000 0.07887500 0.32933333 0.14762500 0.61866667 0.15987500 0.67800000 0.17137500 0.71966667 0.17712500 0.75133333 0.17600000 0.75616667
0 0.21375000 0.75850000 0.18300000 0.75716667 0.17937500 0.75366667 0.07862500 0.32500000 0.07037500 0.28733333 0.07250000 0.27483333 0.11800000 0.26983333 0.13512500 0.27466667 0.17812500 0.47833333 0.19362500 0.55633333 0.19562500 0.57700000 0.23062500 0.73666667 0.23137500 0.74800000 0.22875000 0.75283333 0.22225000 0.75750000
0 0.27175000 0.75583333 0.24450000 0.75316667 0.23362500 0.74800000 0.13687500 0.27933333 0.13612500 0.27133333 0.13875000 0.26683333 0.18925000 0.26250000 0.19537500 0.26433333 0.27687500 0.73700000 0.27887500 0.75200000
0 0.32625000 0.76283333 0.29200000 0.76016667 0.28037500 0.75533333 0.19662500 0.27233333 0.20000000 0.26383333 0.25275000 0.26016667 0.26412500 0.26533333 0.33137500 0.74500000 0.33137500 0.75633333
0 0.37975000 0.75783333 0.33775000 0.75483333 0.33312500 0.74933333 0.29287500 0.44866667 0.26587500 0.27166667 0.26637500 0.26000000 0.26925000 0.25816667 0.32025000 0.25416667 0.32700000 0.25550000 0.33187500 0.26033333 0.38187500 0.72400000 0.38362500 0.75433333
0 0.42925000 0.76283333 0.39100000 0.76016667 0.38587500 0.75566667 0.33562500 0.28800000 0.33362500 0.25633333 0.33800000 0.25016667 0.40075000 0.24750000 0.40462500 0.25133333 0.43987500 0.73133333 0.44062500 0.75600000 0.43600000 0.76250000
0 0.46775000 0.75816667 0.44550000 0.75783333 0.44162500 0.74800000 0.43387500 0.62000000 0.40637500 0.27166667 0.40587500 0.24800000 0.40725000 0.24416667 0.41175000 0.24250000 0.46325000 0.23883333 0.47475000 0.24116667 0.47637500 0.24500000 0.49712500 0.73966667 0.49537500 0.75066667 0.49150000 0.75616667
0 0.54975000 0.75083333 0.51450000 0.74916667 0.49887500 0.74366667 0.47737500 0.24133333 0.47837500 0.23400000 0.48375000 0.23116667 0.54550000 0.22950000 0.54937500 0.23433333 0.55087500 0.55400000 0.55487500 0.72800000 0.55362500 0.74800000
0 0.60825000 0.75450000 0.56550000 0.75283333 0.55662500 0.74833333 0.55137500 0.28733333 0.55162500 0.22866667 0.55625000 0.22383333 0.61950000 0.22183333 0.62325000 0.22250000 0.62562500 0.22800000 0.61687500 0.52433333 0.61362500 0.74800000
0 0.63875000 0.75450000 0.61900000 0.75350000 0.61637500 0.74900000 0.62662500 0.24033333 0.63050000 0.23050000 0.65825000 0.23083333 0.65562500 0.37833333 0.64787500 0.55266667 0.64262500 0.74666667 0.64187500 0.75200000
0 0.66650000 0.76216667 0.64675000 0.76050000 0.64387500 0.75233333 0.65437500 0.41466667 0.65812500 0.37200000 0.66062500 0.23933333 0.66250000 0.22816667 0.68950000 0.22616667 0.69187500 0.22866667 0.69262500 0.24000000 0.67162500 0.74900000 0.66962500 0.76000000
0 0.69375000 0.76516667 0.67700000 0.76450000 0.67262500 0.76033333 0.67237500 0.75333333 0.69387500 0.22766667 0.69725000 0.22383333 0.72200000 0.22250000 0.72687500 0.22533333 0.72837500 0.23966667 0.70712500 0.61366667 0.70287500 0.74533333 0.70137500 0.76000000
0 0.72100000 0.77150000 0.70712500 0.76766667 0.70387500 0.76100000 0.70362500 0.74700000 0.72987500 0.25200000 0.73087500 0.22800000 0.72837500 0.22066667 0.75600000 0.21783333 0.76200000 0.22050000 0.76562500 0.22833333 0.76487500 0.26400000 0.75462500 0.40233333 0.73462500 0.76000000 0.73250000 0.76850000
0 0.74100000 0.76783333 0.73512500 0.76400000 0.73537500 0.75566667 0.75562500 0.41600000 0.76237500 0.35800000 0.76662500 0.23700000 0.76412500 0.21700000 0.79500000 0.21483333 0.80187500 0.22433333 0.80087500 0.24633333 0.76462500 0.74833333 0.76075000 0.76583333
0 0.77850000 0.76116667 0.76575000 0.76050000 0.76412500 0.75566667 0.80412500 0.22100000 0.79912500 0.21333333 0.82650000 0.21016667 0.83475000 0.21283333 0.83812500 0.21800000 0.83862500 0.22566667 0.81237500 0.53500000 0.79137500 0.75600000 0.78725000 0.76016667
0 0.80400000 0.75950000 0.79400000 0.75783333 0.79262500 0.75066667 0.82987500 0.35066667 0.84062500 0.20933333 0.86450000 0.20616667 0.87100000 0.20916667 0.87337500 0.21700000 0.82537500 0.71633333 0.82012500 0.75600000
0 0.84725000 0.76283333 0.82625000 0.76050000 0.82237500 0.75600000 0.82237500 0.74833333 0.85587500 0.40066667 0.86262500 0.35133333 0.87412500 0.22300000 0.87487500 0.20900000 0.87287500 0.20533333 0.87700000 0.20216667 0.90450000 0.20016667 0.91300000 0.20483333 0.91587500 0.21300000 0.90487500 0.33166667 0.89437500 0.40333333 0.85837500 0.74733333 0.85562500 0.75966667
0 0.88275000 0.76316667 0.86325000 0.76050000 0.85962500 0.75600000 0.85912500 0.74533333 0.91712500 0.23066667 0.91837500 0.20500000 0.91237500 0.19733333 0.92650000 0.19216667 0.95150000 0.19216667 0.95487500 0.20166667 0.89337500 0.75633333 0.89000000 0.76183333
