0 0.06550000 0.82183333 0.04100000 0.82050000 0.03512500 0.81133333 0.00462500 0.54466667 0.00212500 0.53100000 0.00012500 0.53066667 0.00025000 0.29716667 0.03300000 0.29650000 0.03662500 0.29900000 0.03837500 0.30833333 0.04037500 0.35600000 0.05037500 0.46366667 0.08687500 0.80966667 0.08400000 0.81883333
0 0.11250000 0.81950000 0.09225000 0.81950000 0.08737500 0.81366667 0.04287500 0.36133333 0.04087500 0.35800000 0.03862500 0.32066667 0.04075000 0.31550000 0.07675000 0.31250000 0.08400000 0.31416667 0.08562500 0.31833333 0.12962500 0.80933333 0.12937500 0.81466667 0.12650000 0.81783333
0 0.14875000 0.82383333 0.13450000 0.82150000 0.13037500 0.80533333 0.12212500 0.68966667 0.11912500 0.67633333 0.08987500 0.33800000 0.08387500 0.29166667 0.08387500 0.28166667 0.08725000 0.27883333 0.11075000 0.27916667 0.11262500 0.28266667 0.12487500 0.45133333 0.13162500 0.50966667 0.13312500 0.55200000 0.14287500 0.65000000 0.14462500 0.68566667 0.14137500 0.69333333 0.14762500 0.70500000 0.15462500 0.79833333 0.15512500 0.82166667
0 0.17275000 0.82516667 0.15825000 0.82416667 0.15612500 0.82066667 0.11062500 0.25633333 0.10862500 0.21866667 0.11325000 0.21350000 0.14100000 0.21316667 0.14487500 0.21800000 0.18812500 0.80166667 0.18812500 0.82233333
0 0.21300000 0.82883333 0.19325000 0.82816667 0.18912500 0.81766667 0.14587500 0.24166667 0.14512500 0.22033333 0.15025000 0.21650000 0.19000000 0.21650000 0.19612500 0.22100000 0.19787500 0.22866667 0.19962500 0.28466667 0.20562500 0.34166667 0.20412500 0.40933333 0.23112500 0.81400000 0.22975000 0.82683333
0 0.24850000 0.83050000 0.23350000 0.82683333 0.23137500 0.81866667 0.20412500 0.39566667 0.20437500 0.38500000 0.20875000 0.37950000 0.23925000 0.38083333 0.24312500 0.38500000 0.24487500 0.39400000 0.26212500 0.68433333 0.26612500 0.78866667 0.26912500 0.81566667 0.26812500 0.82233333 0.26400000 0.82650000
0 0.27650000 0.82250000 0.27087500 0.81833333 0.26762500 0.78533333 0.26487500 0.69200000 0.24187500 0.32433333 0.24262500 0.31266667 0.24700000 0.30883333 0.29900000 0.30550000 0.30312500 0.35166667 0.31162500 0.53233333 0.32212500 0.81100000 0.31850000 0.81616667
0 0.33975000 0.81683333 0.32625000 0.81683333 0.32362500 0.80966667 0.31637500 0.59933333 0.30137500 0.28533333 0.30262500 0.27566667 0.30650000 0.27450000 0.32550000 0.27416667 0.32987500 0.27900000 0.34862500 0.80300000 0.34862500 0.81433333
0 0.36125000 0.81716667 0.34887500 0.81466667 0.34637500 0.70066667 0.33187500 0.34700000 0.33162500 0.30633333 0.33700000 0.30116667 0.34975000 0.30116667 0.35387500 0.30666667 0.35687500 0.47566667 0.37087500 0.79800000 0.36987500 0.81433333
0 0.39875000 0.82350000 0.38050000 0.82250000 0.37350000 0.81950000 0.37137500 0.81300000 0.37112500 0.76100000 0.35987500 0.50566667 0.35612500 0.31833333 0.35237500 0.28966667 0.35262500 0.27933333 0.36300000 0.27550000 0.39650000 0.27483333 0.39962500 0.28533333 0.40412500 0.40766667 0.40987500 0.72600000 0.41387500 0.81300000 0.41225000 0.82050000
0 0.45375000 0.83116667 0.42050000 0.82850000 0.41537500 0.81866667 0.40137500 0.28000000 0.40450000 0.27150000 0.44325000 0.27150000 0.44862500 0.28333333 0.44412500 0.30500000 0.44412500 0.33133333 0.45612500 0.81966667 0.45587500 0.82933333
0 0.48700000 0.84116667 0.45975000 0.83950000 0.45737500 0.83433333 0.45212500 0.55866667 0.44612500 0.39000000 0.44487500 0.30666667 0.44750000 0.30316667 0.48275000 0.30283333 0.48712500 0.30700000 0.49687500 0.83433333 0.49525000 0.83883333
0 0.51150000 0.84783333 0.49875000 0.84616667 0.49687500 0.83800000 0.48862500 0.37766667 0.48837500 0.33400000 0.49025000 0.33016667 0.50525000 0.32916667 0.51237500 0.33200000 0.51362500 0.34566667 0.52012500 0.78300000 0.52012500 0.84233333 0.51775000 0.84716667
0 0.53775000 0.84650000 0.52550000 0.84416667 0.52337500 0.83633333 0.51387500 0.33400000 0.51750000 0.32750000 0.54150000 0.32583333 0.55250000 0.32850000 0.55362500 0.33466667 0.55962500 0.84200000 0.55675000 0.84483333
0 0.58425000 0.84683333 0.56850000 0.84650000 0.56212500 0.84266667 0.55987500 0.79433333 0.55437500 0.32466667 0.55625000 0.31250000 0.57175000 0.30950000 0.58400000 0.31116667 0.58587500 0.32133333 0.58737500 0.71366667 0.59212500 0.83133333 0.59037500 0.84233333
0 0.62500000 0.85216667 0.60312500 0.84966667 0.59662500 0.81133333 0.59337500 0.55666667 0.58712500 0.35333333 0.59212500 0.33800000 0.59925000 0.33383333 0.62550000 0.33383333 0.62862500 0.34500000 0.63037500 0.50566667 0.64062500 0.84566667 0.63800000 0.85083333
0 0.65925000 0.85050000 0.65250000 0.84983333 0.64512500 0.84066667 0.64137500 0.80933333 0.63837500 0.65033333 0.63287500 0.52633333 0.63037500 0.35400000 0.63262500 0.32800000 0.64025000 0.31283333 0.67925000 0.30583333 0.68250000 0.30650000 0.68737500 0.31466667 0.68987500 0.32866667 0.69762500 0.83933333 0.69375000 0.84483333 0.68100000 0.84983333
0 0.71425000 0.84650000 0.70450000 0.84583333 0.69962500 0.84200000 0.69137500 0.32166667 0.68762500 0.30666667 0.69450000 0.29883333 0.72250000 0.29716667 0.72662500 0.30233333 0.73262500 0.84200000 0.72875000 0.84550000
0 0.74050000 0.84583333 0.73187500 0.84233333 0.72662500 0.30266667 0.73900000 0.29816667 0.77075000 0.29650000 0.77337500 0.29900000 0.77637500 0.35233333 0.77437500 0.59033333 0.77762500 0.65966667 0.77962500 0.83466667 0.77525000 0.84183333
0 0.80825000 0.84650000 0.78400000 0.84350000 0.78112500 0.82866667 0.77812500 0.31433333 0.78700000 0.30983333 0.82650000 0.30716667 0.83562500 0.31100000 0.82837500 0.82266667 0.82625000 0.84383333
0 0.85350000 0.85483333 0.83800000 0.85316667 0.83287500 0.84900000 0.83037500 0.84166667 0.83662500 0.31866667 0.83787500 0.31266667 0.84150000 0.31016667 0.87700000 0.30750000 0.87937500 0.31433333 0.87912500 0.33966667 0.87137500 0.84466667 0.86925000 0.85250000
0 0.89700000 0.85783333 0.88725000 0.85783333 0.87137500 0.84966667 0.88037500 0.31066667 0.88400000 0.29850000 0.91675000 0.29316667 0.92375000 0.29583333 0.92862500 0.30633333 0.92862500 0.33933333 0.91512500 0.84200000 0.91225000 0.84850000
0 0.93275000 0.84450000 0.91725000 0.84250000 0.91587500 0.82800000 0.92987500 0.30666667 0.93175000 0.30416667 0.95550000 0.30283333 0.95987500 0.30633333 0.95987500 0.32600000 0.94162500 0.70566667 0.94037500 0.81433333 0.93837500 0.84200000
0 0.97475000 0.84450000 0.94400000 0.84283333 0.93962500 0.83466667 0.95712500 0.38100000 0.96212500 0.30166667 0.97025000 0.29650000 0.99975000 0.29483333 0.99975000 0.44300000 0.99787500 0.44533333 0.99587500 0.47833333 0.97837500 0.83800000
