0 0.033953997809419496 0.1465863453815261 0.08871851040525738 0.1407447973713034 0.16976998904709747 0.7687112084702445 0.1270536692223439 0.7614092734574662
0 0.08871851040525738 0.15096750638919312 0.15224534501642936 0.14950711938663747 0.22234392113910187 0.7716319824753559 0.17196056955093098 0.7730923694779117
0 0.16210295728368018 0.1392844103687477 0.21796276013143484 0.1451259583789704 0.2650602409638554 0.7774735304855787 0.22453450164293537 0.7774735304855787
0 0.2267250821467689 0.1451259583789704 0.2858707557502738 0.1451259583789704 0.32749178532311063 0.7687112084702445 0.27710843373493976 0.7657904344651332
0 0.2902519167579408 0.14366557137641475 0.34063526834611174 0.14366557137641475 0.37349397590361444 0.7745527564804673 0.32968236582694416 0.7745527564804673
0 0.36254107338444685 0.14366557137641475 0.4216867469879518 0.1465863453815261 0.4282584884994523 0.7657904344651332 0.38006571741511497 0.7541073384446878
0 0.4216867469879518 0.1465863453815261 0.48411829134720696 0.14366557137641475 0.4764512595837897 0.7789339174881342 0.43044906900328583 0.7774735304855787
0 0.4874041621029573 0.20792259948886455 0.5531215772179628 0.20646221248630886 0.5399780941949616 0.7833150784958014 0.48630887185104055 0.7774735304855787
0 0.556407447973713 0.20646221248630886 0.6221248630887185 0.20792259948886455 0.5991237677984665 0.7949981745162468 0.5399780941949616 0.7949981745162468
0 0.6276013143483022 0.21084337349397592 0.7031763417305585 0.20792259948886455 0.6593647316538883 0.8125228185469149 0.6024096385542168 0.8096020445418035
0 0.7042716319824753 0.20792259948886455 0.7787513691128148 0.21230376049653155 0.723986856516977 0.8271266885724717 0.660460021905805 0.8256663015699159
0 0.7831325301204819 0.21960569550930994 0.864184008762322 0.21814530850675426 0.8050383351588171 0.8490324936108068 0.7437020810514785 0.8446513326031398
0 0.868565169769989 0.21814530850675426 0.9496166484118291 0.20938298649142023 0.8718510405257394 0.8504928806133626 0.8072289156626506 0.853413654618474
0 0.9539978094194961 0.20792259948886455 0.9967141292442496 0.21084337349397592 0.9978094194961664 0.43282219788243886 0.9342825848849944 0.853413654618474 0.8707557502738225 0.8563344286235851
