0 0.53350000 0.78283333 0.50475000 0.78150000 0.49025000 0.77450000 0.48462500 0.76866667 0.48162500 0.75333333 0.50987500 0.06233333 0.51787500 0.04933333 0.51975000 0.00016667 0.63250000 0.00016667 0.63562500 0.01400000 0.63237500 0.05266667 0.55812500 0.76466667 0.55325000 0.77683333
0 0.46725000 0.75850000 0.46087500 0.75600000 0.46087500 0.72433333 0.47637500 0.09133333 0.48050000 0.08016667 0.49425000 0.07983333 0.50412500 0.08666667 0.50462500 0.09633333 0.48037500 0.74500000 0.47825000 0.75650000
0 0.44500000 0.76883333 0.43787500 0.76400000 0.43787500 0.74466667 0.44562500 0.09933333 0.44687500 0.08300000 0.45900000 0.07983333 0.47275000 0.08216667 0.47587500 0.09266667 0.46687500 0.49100000 0.46162500 0.60266667 0.46037500 0.75733333 0.45625000 0.76750000
0 0.42925000 0.76916667 0.41925000 0.76850000 0.41562500 0.75600000 0.41737500 0.47100000 0.41437500 0.08400000 0.42625000 0.07850000 0.43975000 0.07950000 0.44362500 0.08400000 0.44412500 0.15566667 0.43812500 0.76400000
0 0.29225000 0.74316667 0.28137500 0.74033333 0.25587500 0.48966667 0.25237500 0.39966667 0.24437500 0.34200000 0.24512500 0.29833333 0.23762500 0.23266667 0.23837500 0.19500000 0.23162500 0.09233333 0.23237500 0.08566667 0.23625000 0.08350000 0.25525000 0.08383333 0.26087500 0.08966667 0.30037500 0.69933333 0.30087500 0.74033333
0 0.31025000 0.74083333 0.30300000 0.73916667 0.30112500 0.73033333 0.28137500 0.38433333 0.26262500 0.13900000 0.26037500 0.09166667 0.26575000 0.08383333 0.28325000 0.08383333 0.28812500 0.09166667 0.29587500 0.28366667 0.29987500 0.34600000 0.30387500 0.36533333 0.30237500 0.37733333 0.30612500 0.39266667 0.30512500 0.44066667 0.31062500 0.46400000 0.30937500 0.55366667 0.32137500 0.72133333 0.31987500 0.73633333
0 0.28875000 0.08666667 0.32041667 0.08777778 0.34541667 0.77000000 0.32375000 0.77000000
0 0.31791667 0.07888889 0.34875000 0.07666667 0.37208333 0.77333333 0.34791667 0.77333333
0 0.34791667 0.07777778 0.38125000 0.08000000 0.39291667 0.76666667 0.37291667 0.76666667
0 0.38458333 0.07666667 0.41458333 0.08111111 0.41875000 0.76666667 0.39291667 0.76777778
