0 0.86541667 0.31111111 0.90458333 0.28666667 0.95625000 0.87666667 0.95625000 0.87555556 0.92375000 0.87888889
0 0.78458333 0.27888889 0.81791667 0.26666667 0.92958333 0.90222222 0.90041667 0.91444444
0 0.70708333 0.28111111 0.75375000 0.26777778 0.86791667 0.85444444 0.81208333 0.86444444
0 0.66458333 0.29777778 0.69375000 0.28888889 0.80041667 0.84444444 0.77041667 0.85333333
0 0.60041667 0.27444444 0.65791667 0.26000000 0.76958333 0.84333333 0.70708333 0.86000000
0 0.53708333 0.27777778 0.58875000 0.25888889 0.69875000 0.84888889 0.64875000 0.86555556
0 0.50625000 0.33111111 0.53458333 0.32333333 0.63791667 0.84666667 0.60708333 0.85888889
0 0.46375000 0.33444444 0.50125000 0.32333333 0.60041667 0.83777778 0.56375000 0.84888889
0 0.42208333 0.29000000 0.45291667 0.28222222 0.55958333 0.81777778 0.52375000 0.83111111
0 0.34125000 0.28777778 0.40708333 0.27111111 0.41791667 0.27000000 0.51875000 0.82222222 0.44125000 0.84777778 0.44125000 0.84777778
0 0.28541667 0.26000000 0.31708333 0.25666667 0.41458333 0.82444444 0.37375000 0.84555556
0 0.24958333 0.25888889 0.28541667 0.25444444 0.37125000 0.83000000 0.33541667 0.84111111
0 0.00541667 0.26666667 0.10458333 0.81444444 0.08041667 0.82000000 0.00125000 0.39000000
0 0.05458333 0.81000000 0.07458333 0.80444444 0.00041667 0.39888889 0.00125000 0.50333333
0 0.31200000 0.83983333 0.30237500 0.83433333 0.26937500 0.65766667 0.25337500 0.55100000 0.20112500 0.25666667 0.20125000 0.25183333 0.20875000 0.24816667 0.23650000 0.24450000 0.24400000 0.24850000 0.24837500 0.25966667 0.25987500 0.35600000 0.26862500 0.39466667 0.29587500 0.56400000 0.33387500 0.82600000 0.33075000 0.83450000
0 0.29525000 0.80783333 0.28687500 0.80300000 0.27362500 0.75266667 0.23062500 0.52833333 0.18062500 0.28733333 0.17962500 0.26000000 0.19300000 0.25183333 0.19887500 0.25433333 0.20587500 0.27933333 0.22687500 0.40900000 0.23337500 0.43400000 0.24312500 0.50100000 0.29712500 0.79900000 0.29787500 0.80666667
0 0.25800000 0.81816667 0.24750000 0.81550000 0.24262500 0.81033333 0.23387500 0.75266667 0.21987500 0.69033333 0.14012500 0.27133333 0.13862500 0.25933333 0.14150000 0.25183333 0.17025000 0.24950000 0.17362500 0.25233333 0.17837500 0.27266667 0.25637500 0.66600000 0.25937500 0.69333333 0.28187500 0.79400000 0.28262500 0.80300000 0.27950000 0.80950000
0 0.22525000 0.81683333 0.21225000 0.81483333 0.20712500 0.79833333 0.14862500 0.50700000 0.11587500 0.32666667 0.09837500 0.25600000 0.09837500 0.25166667 0.10325000 0.24783333 0.13475000 0.24350000 0.13787500 0.25233333 0.13762500 0.26133333 0.17962500 0.49100000 0.20937500 0.63533333 0.21412500 0.67800000 0.22487500 0.71766667 0.24037500 0.79566667 0.24137500 0.81200000
0 0.18475000 0.82350000 0.17400000 0.82283333 0.16987500 0.81433333 0.16337500 0.75233333 0.13962500 0.63133333 0.08137500 0.27933333 0.07712500 0.26900000 0.08375000 0.25150000 0.09300000 0.25050000 0.09612500 0.25333333 0.10887500 0.29533333 0.18062500 0.67766667 0.20162500 0.76766667 0.20737500 0.81000000 0.19750000 0.81883333
0 0.14025000 0.82716667 0.13437500 0.82333333 0.13037500 0.81233333 0.12912500 0.78933333 0.05412500 0.34200000 0.03412500 0.26800000 0.03337500 0.25966667 0.03712500 0.25166667 0.04825000 0.24416667 0.06325000 0.24383333 0.06850000 0.24783333 0.08037500 0.28366667 0.08512500 0.32700000 0.12362500 0.54700000 0.12362500 0.56300000 0.11925000 0.55850000 0.11787500 0.56733333 0.12037500 0.60033333 0.12687500 0.62500000 0.13475000 0.62316667 0.13887500 0.63866667 0.14337500 0.66900000 0.14187500 0.68166667 0.14637500 0.68566667 0.14212500 0.69000000 0.14862500 0.70166667 0.16737500 0.80633333 0.16762500 0.81466667 0.16250000 0.82250000
0 0.12350000 0.81583333 0.11125000 0.81516667 0.10637500 0.80700000 0.08937500 0.70600000 0.07862500 0.65866667 0.04612500 0.45500000 0.02162500 0.33866667 0.01312500 0.26833333 0.01625000 0.26416667 0.02550000 0.26250000 0.03162500 0.26666667 0.05312500 0.34166667 0.07062500 0.45733333 0.12737500 0.78400000 0.12962500 0.81033333
