0 0.09650000 0.91350000 0.08775000 0.91316667 0.07950000 0.90716667 0.07187500 0.88866667 0.06262500 0.84200000 0.00012500 0.59500000 0.00025000 0.24183333 0.01550000 0.24416667 0.02962500 0.27866667 0.06787500 0.48933333 0.14137500 0.80666667 0.15162500 0.86266667 0.15187500 0.87833333 0.14050000 0.89783333 0.12325000 0.90850000
0 0.17150000 0.88383333 0.16200000 0.88216667 0.15662500 0.87133333 0.03712500 0.31233333 0.03162500 0.27066667 0.02512500 0.24833333 0.02925000 0.24050000 0.09975000 0.23516667 0.10637500 0.24533333 0.10062500 0.27966667 0.10687500 0.32500000 0.13687500 0.49733333 0.16462500 0.63066667 0.17862500 0.68200000 0.18012500 0.70833333 0.19587500 0.80000000 0.20237500 0.82233333 0.20712500 0.86100000 0.20712500 0.87233333 0.20325000 0.87750000
0 0.23275000 0.89416667 0.21600000 0.88983333 0.20937500 0.87266667 0.17762500 0.66966667 0.16587500 0.63066667 0.14137500 0.51433333 0.10962500 0.33433333 0.10212500 0.27866667 0.10337500 0.27166667 0.11125000 0.26550000 0.16725000 0.26283333 0.17137500 0.26733333 0.19812500 0.48133333 0.25737500 0.87600000 0.25650000 0.88983333
0 0.27875000 0.90116667 0.26400000 0.89983333 0.25912500 0.88800000 0.18037500 0.32633333 0.17237500 0.26400000 0.17212500 0.24800000 0.17450000 0.24550000 0.22950000 0.24383333 0.24100000 0.24783333 0.24537500 0.26033333 0.31162500 0.87633333 0.31075000 0.89383333
0 0.32925000 0.90850000 0.31850000 0.90716667 0.31362500 0.88900000 0.30362500 0.76600000 0.28962500 0.66166667 0.24800000 0.24750000 0.30375000 0.24716667 0.31450000 0.24850000 0.31662500 0.25233333 0.34237500 0.54800000 0.34837500 0.66166667 0.35837500 0.73800000 0.36712500 0.88600000 0.36525000 0.89816667
0 0.39350000 0.91350000 0.37725000 0.91216667 0.36937500 0.90433333 0.34037500 0.48800000 0.32037500 0.27166667 0.32225000 0.25016667 0.37900000 0.25116667 0.38787500 0.25866667 0.39037500 0.26766667 0.40512500 0.51633333 0.41237500 0.67366667 0.41062500 0.68966667 0.41737500 0.75200000 0.42412500 0.90366667 0.41950000 0.91016667
0 0.44825000 0.92283333 0.43175000 0.92150000 0.42612500 0.90533333 0.40537500 0.47433333 0.39512500 0.31833333 0.39387500 0.26233333 0.39850000 0.25683333 0.45300000 0.25716667 0.45925000 0.25883333 0.46237500 0.26566667 0.48087500 0.91000000 0.47375000 0.92016667
0 0.50900000 0.93416667 0.48650000 0.93050000 0.48287500 0.91466667 0.48012500 0.71133333 0.46937500 0.41233333 0.46737500 0.27100000 0.47075000 0.25816667 0.53575000 0.25850000 0.54112500 0.26233333 0.54237500 0.26966667 0.53912500 0.92300000 0.53775000 0.92816667 0.53000000 0.93216667
0 0.55800000 0.92883333 0.54750000 0.92816667 0.54312500 0.92400000 0.54137500 0.90566667 0.54537500 0.27066667 0.55125000 0.26483333 0.60350000 0.26450000 0.60937500 0.26833333 0.61062500 0.30166667 0.59487500 0.91133333 0.58925000 0.92216667
0 0.61350000 0.93250000 0.60137500 0.92766667 0.59812500 0.90100000 0.60537500 0.69400000 0.61037500 0.37600000 0.61512500 0.28500000 0.61762500 0.26800000 0.62175000 0.26350000 0.67500000 0.26283333 0.68462500 0.27166667 0.68362500 0.30400000 0.66012500 0.70500000 0.65187500 0.91500000 0.64650000 0.92516667
0 0.67175000 0.92483333 0.65862500 0.91966667 0.65537500 0.90766667 0.65487500 0.88400000 0.68087500 0.38566667 0.68575000 0.37183333 0.71700000 0.36750000 0.73762500 0.38066667 0.73462500 0.44000000 0.69237500 0.90733333 0.68750000 0.92016667
0 0.74125000 0.38444444 0.75875000 0.39222222 0.79041667 0.38000000 0.73125000 0.91555556 0.70541667 0.92666667 0.69458333 0.91555556
0 0.79125000 0.37666667 0.83791667 0.37333333 0.76291667 0.89666667 0.73041667 0.90555556
0 0.84458333 0.37777778 0.86375000 0.39777778 0.90958333 0.39666667 0.81208333 0.93111111 0.77875000 0.93777778 0.76625000 0.90666667
0 0.91708333 0.39666667 0.97041667 0.39666667 0.85125000 0.93222222 0.81791667 0.93000000
0 0.97375000 0.42000000 0.99975000 0.42385185 0.99975000 0.52333333 0.89625000 0.93111111 0.85708333 0.93888889
