0 0.05125000 0.80583333 0.03900000 0.80316667 0.03725000 0.79950000 0.02887500 0.79533333 0.02562500 0.76733333 0.01137500 0.71333333 0.01087500 0.69300000 0.00562500 0.67433333 0.00537500 0.66200000 0.00387500 0.65466667 0.00012500 0.65166667 0.00025000 0.38950000 0.00287500 0.39233333 0.02962500 0.53033333 0.04637500 0.62666667 0.04762500 0.64266667 0.05687500 0.68266667 0.06687500 0.75233333 0.07512500 0.79100000 0.07250000 0.80016667
0 0.10475000 0.80450000 0.08800000 0.80283333 0.07612500 0.78100000 0.07112500 0.76400000 0.06337500 0.70566667 0.06437500 0.69533333 0.07050000 0.69450000 0.07087500 0.68900000 0.06712500 0.67866667 0.06687500 0.67033333 0.05662500 0.66233333 0.04812500 0.63000000 0.04612500 0.59200000 0.03962500 0.57633333 0.01687500 0.45933333 0.00912500 0.40766667 0.00237500 0.37866667 0.00012500 0.37766667 0.00012500 0.33933333 0.00600000 0.33550000 0.02175000 0.33283333 0.02550000 0.33716667 0.05762500 0.34200000 0.05637500 0.34966667 0.06512500 0.38533333 0.09637500 0.58033333 0.09787500 0.60033333 0.10712500 0.64266667 0.10962500 0.68566667 0.11237500 0.68933333 0.11687500 0.72500000 0.12937500 0.78733333 0.12725000 0.79716667 0.11525000 0.80316667
0 0.16250000 0.80450000 0.13900000 0.80283333 0.13412500 0.79866667 0.13087500 0.78766667 0.10862500 0.63900000 0.09937500 0.59666667 0.09637500 0.56466667 0.07912500 0.47066667 0.07387500 0.42400000 0.06737500 0.39933333 0.06362500 0.37366667 0.06475000 0.35950000 0.06900000 0.36583333 0.07250000 0.35883333 0.08500000 0.35650000 0.09225000 0.36016667 0.10075000 0.35516667 0.10975000 0.35383333 0.11137500 0.35600000 0.11062500 0.36566667 0.11525000 0.36883333 0.11962500 0.37666667 0.14287500 0.52800000 0.14812500 0.58433333 0.15062500 0.58800000 0.15112500 0.59900000 0.15987500 0.63866667 0.15737500 0.64666667 0.16262500 0.65800000 0.16412500 0.68200000 0.16662500 0.68766667 0.17287500 0.73766667 0.18262500 0.79066667 0.18287500 0.79500000 0.17950000 0.79916667
0 0.20900000 0.80616667 0.19175000 0.80316667 0.18387500 0.79266667 0.16912500 0.69333333 0.16837500 0.66233333 0.16512500 0.65566667 0.16437500 0.64266667 0.15737500 0.61833333 0.15487500 0.58900000 0.14237500 0.51833333 0.12162500 0.37400000 0.12212500 0.36166667 0.12700000 0.35350000 0.13475000 0.35416667 0.13875000 0.35783333 0.14300000 0.35383333 0.15200000 0.35316667 0.15362500 0.35366667 0.15262500 0.35733333 0.15500000 0.35783333 0.15462500 0.35366667 0.15800000 0.35083333 0.17375000 0.35116667 0.18212500 0.38700000 0.19237500 0.48466667 0.19487500 0.49200000 0.20162500 0.54833333 0.20537500 0.59666667 0.21312500 0.63833333 0.21562500 0.67433333 0.23087500 0.79000000 0.23012500 0.79800000 0.22475000 0.80316667
0 0.26500000 0.80850000 0.24525000 0.80716667 0.23650000 0.80383333 0.23237500 0.79466667 0.21962500 0.69266667 0.21762500 0.64166667 0.21237500 0.62233333 0.20812500 0.56533333 0.20462500 0.56133333 0.20062500 0.50933333 0.19712500 0.50033333 0.19262500 0.46666667 0.18612500 0.38500000 0.18162500 0.37366667 0.18187500 0.36766667 0.18950000 0.36183333 0.21050000 0.36050000 0.21775000 0.36250000 0.22725000 0.36083333 0.23250000 0.35616667 0.23712500 0.37700000 0.24987500 0.49400000 0.25762500 0.59333333 0.26087500 0.60733333 0.28012500 0.79266667 0.28012500 0.79900000 0.27650000 0.80483333
0 0.31225000 0.81016667 0.28750000 0.80750000 0.28212500 0.80300000 0.28112500 0.79833333 0.26287500 0.61966667 0.26087500 0.58200000 0.23637500 0.35766667 0.24050000 0.35116667 0.27950000 0.34916667 0.28487500 0.35166667 0.28737500 0.36100000 0.32712500 0.79633333 0.32687500 0.80300000 0.32375000 0.80683333
0 0.35825000 0.81616667 0.34200000 0.81516667 0.33400000 0.81183333 0.32887500 0.80333333 0.32712500 0.77133333 0.31762500 0.68933333 0.31187500 0.59266667 0.30662500 0.55833333 0.29812500 0.46800000 0.29437500 0.39966667 0.29112500 0.38866667 0.29125000 0.36416667 0.29575000 0.36750000 0.30275000 0.36350000 0.30675000 0.36750000 0.31050000 0.36350000 0.33425000 0.36150000 0.34725000 0.36350000 0.35062500 0.36866667 0.35962500 0.49366667 0.36312500 0.59733333 0.37587500 0.80133333 0.37425000 0.81150000
0 0.41300000 0.81650000 0.38125000 0.81516667 0.37762500 0.81066667 0.37662500 0.80300000 0.35162500 0.34200000 0.35112500 0.31800000 0.35450000 0.30650000 0.39450000 0.30650000 0.39987500 0.31100000 0.41787500 0.80900000 0.41687500 0.81466667
0 0.42850000 0.81716667 0.42000000 0.81616667 0.41837500 0.80900000 0.40212500 0.31433333 0.40450000 0.30883333 0.44350000 0.30816667 0.44837500 0.31066667 0.45687500 0.81000000 0.45525000 0.81550000
0 0.49150000 0.81883333 0.46300000 0.81850000 0.45762500 0.81466667 0.45037500 0.37600000 0.44987500 0.31433333 0.45225000 0.30916667 0.49487500 0.31133333 0.49537500 0.78766667 0.49487500 0.81500000
0 0.50875000 0.82650000 0.49800000 0.82516667 0.49587500 0.81900000 0.49687500 0.31466667 0.49762500 0.31066667 0.50075000 0.30950000 0.53975000 0.30916667 0.54337500 0.31300000 0.54362500 0.33100000 0.53487500 0.81833333 0.53300000 0.82416667
0 0.54525000 0.82816667 0.53637500 0.82533333 0.53587500 0.80133333 0.53787500 0.73266667 0.54037500 0.72100000 0.53962500 0.64900000 0.54612500 0.31466667 0.55175000 0.30983333 0.58825000 0.30983333 0.59237500 0.31666667 0.58212500 0.56400000 0.57537500 0.81866667 0.57275000 0.82483333
0 0.58100000 0.83183333 0.57687500 0.82400000 0.57712500 0.79966667 0.59387500 0.31433333 0.59525000 0.31016667 0.60175000 0.30816667 0.63875000 0.30816667 0.64112500 0.31066667 0.64112500 0.32366667 0.63537500 0.44733333 0.63212500 0.46200000 0.63162500 0.52466667 0.61637500 0.82266667 0.61562500 0.82666667 0.61200000 0.82850000
0 0.65150000 0.82416667 0.62250000 0.82316667 0.61662500 0.81833333 0.62562500 0.66033333 0.63487500 0.61233333 0.63187500 0.60766667 0.63087500 0.59433333 0.63337500 0.58833333 0.64187500 0.32266667 0.64550000 0.30583333 0.68200000 0.30450000 0.68487500 0.30700000 0.68437500 0.34066667 0.67137500 0.57666667 0.66062500 0.71300000 0.65637500 0.81433333 0.65487500 0.82266667
0 0.67800000 0.81716667 0.65875000 0.81450000 0.65737500 0.80066667 0.67087500 0.61600000 0.68062500 0.39900000 0.68887500 0.27766667 0.69375000 0.27250000 0.70625000 0.27150000 0.71637500 0.27566667 0.71487500 0.31566667 0.69762500 0.58066667 0.69062500 0.64566667 0.68212500 0.80766667
0 0.71400000 0.84050000 0.69525000 0.83850000 0.69112500 0.83400000 0.69062500 0.80966667 0.69337500 0.80266667 0.68887500 0.79500000 0.69412500 0.78733333 0.69312500 0.74100000 0.69962500 0.72200000 0.70612500 0.66266667 0.71062500 0.52600000 0.72112500 0.44333333 0.72737500 0.34166667 0.73462500 0.27633333 0.73950000 0.27350000 0.76275000 0.27383333 0.76462500 0.28166667 0.75612500 0.38866667 0.75062500 0.39300000 0.75362500 0.40066667 0.74937500 0.46300000 0.74912500 0.51366667 0.74362500 0.52933333 0.72137500 0.83100000 0.71850000 0.83883333
0 0.76375000 0.26888889 0.79875000 0.26888889 0.74958333 0.83444444 0.71958333 0.83555556
0 0.80125000 0.26666667 0.84375000 0.26777778 0.78875000 0.84888889 0.75625000 0.84444444
0 0.84791667 0.27777778 0.88708333 0.27888889 0.82375000 0.86666667 0.79041667 0.85777778
0 0.88625000 0.30222222 0.93875000 0.30333333 0.87958333 0.87111111 0.83541667 0.87111111
0 0.94541667 0.30666667 0.99875000 0.30666667 0.93125000 0.88555556 0.88958333 0.88222222
0 0.99208333 0.26222222 0.98791667 0.30444444 0.99975000 0.30543056 0.93958333 0.86444444 0.97875000 0.86888889 0.99975000 0.60288889 0.99975000 0.26333333
