0 0.83425000 0.89883333 0.82225000 0.89750000 0.81887500 0.89000000 0.82162500 0.85366667 0.83787500 0.75200000 0.84037500 0.74833333 0.84887500 0.67400000 0.85562500 0.64266667 0.87937500 0.47866667 0.88662500 0.44633333 0.89187500 0.40533333 0.89962500 0.37700000 0.90037500 0.36100000 0.90362500 0.35733333 0.90387500 0.34966667 0.90037500 0.34633333 0.89962500 0.33900000 0.92125000 0.33783333 0.92775000 0.34216667 0.93000000 0.33783333 0.96300000 0.33783333 0.97087500 0.34400000 0.97112500 0.35100000 0.94662500 0.46666667 0.93662500 0.53100000 0.86837500 0.88433333 0.86525000 0.89216667 0.85550000 0.89683333
0 0.79900000 0.89950000 0.77975000 0.89716667 0.77450000 0.89350000 0.77362500 0.87333333 0.84912500 0.34533333 0.85550000 0.33850000 0.87325000 0.33850000 0.88475000 0.34350000 0.89275000 0.34083333 0.89262500 0.35300000 0.89662500 0.35300000 0.89637500 0.37000000 0.87887500 0.45466667 0.87287500 0.51466667 0.84462500 0.68566667 0.82287500 0.83800000 0.81362500 0.87733333 0.81512500 0.89266667 0.81075000 0.89750000
0 0.76025000 0.89816667 0.74050000 0.89683333 0.73562500 0.89266667 0.73362500 0.88033333 0.79412500 0.37266667 0.79362500 0.35533333 0.78612500 0.34533333 0.78587500 0.33433333 0.79937500 0.30133333 0.80137500 0.28633333 0.81487500 0.25800000 0.82087500 0.22633333 0.83475000 0.22416667 0.86125000 0.22816667 0.86287500 0.23633333 0.85937500 0.26533333 0.85212500 0.30066667 0.79662500 0.70400000 0.79087500 0.72866667 0.77062500 0.89266667
0 0.72150000 0.88683333 0.69375000 0.88316667 0.69137500 0.87300000 0.74137500 0.36166667 0.74412500 0.34766667 0.74700000 0.34450000 0.78025000 0.34583333 0.78700000 0.34950000 0.79212500 0.35733333 0.78812500 0.40966667 0.76937500 0.55233333 0.76437500 0.61300000 0.73362500 0.87733333 0.73025000 0.88516667
0 0.68000000 0.88683333 0.65425000 0.88150000 0.65187500 0.86100000 0.66187500 0.69900000 0.66887500 0.63766667 0.67762500 0.46333333 0.68862500 0.33766667 0.68975000 0.33516667 0.73250000 0.33516667 0.73650000 0.33050000 0.73837500 0.33733333 0.73662500 0.38700000 0.72687500 0.46433333 0.71712500 0.59500000 0.70662500 0.67733333 0.70212500 0.75200000 0.69112500 0.84700000 0.68962500 0.88033333 0.68625000 0.88516667
0 0.63900000 0.88616667 0.62237500 0.88066667 0.62112500 0.86033333 0.65037500 0.34100000 0.65450000 0.31316667 0.68100000 0.31316667 0.68612500 0.32166667 0.68612500 0.33633333 0.66462500 0.62166667 0.65062500 0.86633333 0.64687500 0.88466667
0 0.60475000 0.88516667 0.57200000 0.88250000 0.55675000 0.87750000 0.54587500 0.86933333 0.54362500 0.85800000 0.55562500 0.33233333 0.55787500 0.28166667 0.56300000 0.27316667 0.64675000 0.27383333 0.65312500 0.27866667 0.61812500 0.87633333 0.61500000 0.88316667
0 0.52200000 0.86816667 0.50325000 0.86550000 0.49912500 0.83833333 0.50037500 0.36433333 0.50187500 0.35133333 0.50600000 0.35116667 0.50725000 0.34550000 0.51350000 0.34183333 0.52950000 0.34783333 0.54062500 0.34600000 0.53200000 0.34183333 0.54550000 0.34150000 0.54612500 0.34566667 0.55287500 0.35133333 0.55312500 0.36133333 0.55037500 0.36900000 0.55212500 0.37366667 0.54312500 0.82433333 0.54037500 0.85766667 0.53325000 0.86583333
0 0.49075000 0.85516667 0.46475000 0.85383333 0.45725000 0.85016667 0.45487500 0.84300000 0.44737500 0.32933333 0.45312500 0.31466667 0.45825000 0.31183333 0.49850000 0.31283333 0.50325000 0.31416667 0.50412500 0.31833333 0.50012500 0.33800000 0.49812500 0.40233333 0.49762500 0.84600000 0.49537500 0.85333333
0 0.43975000 0.85116667 0.42000000 0.84783333 0.41387500 0.84066667 0.40212500 0.33000000 0.39962500 0.31900000 0.40475000 0.30683333 0.41050000 0.30483333 0.45025000 0.30583333 0.45262500 0.30900000 0.44612500 0.32500000 0.44512500 0.34400000 0.45212500 0.81500000 0.44662500 0.84433333
0 0.40350000 0.84650000 0.38925000 0.84583333 0.36900000 0.83850000 0.36687500 0.82366667 0.35212500 0.39933333 0.35700000 0.38816667 0.36950000 0.37683333 0.37700000 0.37416667 0.40112500 0.37733333 0.40562500 0.66833333 0.41187500 0.83733333 0.40875000 0.84516667
0 0.36150000 0.84083333 0.34625000 0.83850000 0.34212500 0.83400000 0.33487500 0.63633333 0.32012500 0.38133333 0.32175000 0.37116667 0.34500000 0.35583333 0.37550000 0.35683333 0.37862500 0.36133333 0.37500000 0.37116667 0.36325000 0.37883333 0.35262500 0.39066667 0.35137500 0.39900000 0.35612500 0.57666667 0.36662500 0.82933333 0.36637500 0.83800000
0 0.33050000 0.83616667 0.31075000 0.83450000 0.30537500 0.82700000 0.29887500 0.72266667 0.29712500 0.64966667 0.28987500 0.57700000 0.28812500 0.52833333 0.27312500 0.34000000 0.27412500 0.31233333 0.27575000 0.30716667 0.28100000 0.30516667 0.31850000 0.30683333 0.32162500 0.31433333 0.32037500 0.33933333 0.32237500 0.35766667 0.31987500 0.36933333 0.32012500 0.38733333 0.34062500 0.82400000 0.33950000 0.83450000
0 0.29175000 0.83916667 0.25975000 0.83550000 0.24775000 0.82850000 0.24562500 0.82266667 0.20087500 0.33633333 0.20275000 0.33050000 0.23250000 0.32083333 0.26450000 0.32183333 0.27187500 0.32600000 0.29562500 0.65833333 0.29762500 0.74200000 0.30362500 0.80700000 0.29912500 0.83300000
0 0.21775000 0.82916667 0.20450000 0.82716667 0.18987500 0.81833333 0.18087500 0.77933333 0.15737500 0.56766667 0.15412500 0.52166667 0.15012500 0.49833333 0.14437500 0.40866667 0.14650000 0.36916667 0.15850000 0.36783333 0.18825000 0.35750000 0.19725000 0.35816667 0.20125000 0.36283333 0.20362500 0.37800000 0.24287500 0.81000000 0.24312500 0.81866667 0.24025000 0.82383333 0.23325000 0.82783333
0 0.18200000 0.82350000 0.17000000 0.82116667 0.16412500 0.81100000 0.11312500 0.33833333 0.10712500 0.30800000 0.10875000 0.30283333 0.11525000 0.29883333 0.14350000 0.29183333 0.16112500 0.29500000 0.15850000 0.29850000 0.15012500 0.29800000 0.14787500 0.30266667 0.14712500 0.33400000 0.13900000 0.33783333 0.13762500 0.34166667 0.14287500 0.34600000 0.13937500 0.35733333 0.14287500 0.36566667 0.13887500 0.37066667 0.13837500 0.38966667 0.17262500 0.73266667 0.18562500 0.81700000
0 0.14925000 0.82016667 0.13400000 0.81916667 0.12625000 0.81516667 0.11987500 0.80666667 0.11687500 0.79566667 0.07462500 0.47966667 0.05037500 0.31933333 0.05325000 0.31316667 0.07575000 0.30650000 0.08800000 0.30516667 0.10500000 0.30883333 0.10787500 0.31400000 0.11187500 0.33833333 0.16412500 0.80666667 0.16300000 0.81616667
0 0.10975000 0.80916667 0.08450000 0.80516667 0.07812500 0.79933333 0.02387500 0.42433333 0.00362500 0.30600000 0.00337500 0.29133333 0.00575000 0.28950000 0.05925000 0.28983333 0.07675000 0.28650000 0.08037500 0.29100000 0.07650000 0.29850000 0.06475000 0.29883333 0.06100000 0.30683333 0.04912500 0.31466667 0.04812500 0.32233333 0.05862500 0.37300000 0.11637500 0.79466667 0.11662500 0.80666667
0 0.06475000 0.80416667 0.05150000 0.80283333 0.04312500 0.79533333 0.00212500 0.54733333 0.00012500 0.54700000 0.00025000 0.30416667 0.00212500 0.30433333 0.00437500 0.31433333 0.01512500 0.38900000 0.01837500 0.39666667 0.07687500 0.79133333 0.07625000 0.80016667
