0 0.0028471883138020716 0.15648111979166668 0.06034718831380207 0.15814778645833333 0.12284718831380206 0.934814453125 0.02534718831380207 0.9231477864583333 0.0028471883138020716 0.5431477864583333
0 0.10284718831380206 0.16814778645833334 0.20534718831380205 0.16148111979166666 0.25159718831380207 0.904814453125 0.15534718831380206 0.909814453125
0 0.20534718831380205 0.16148111979166666 0.30659718831380206 0.16148111979166666 0.335347188313802 0.9231477864583333 0.25034718831380204 0.9181477864583333
0 0.3078471883138021 0.18648111979166668 0.372847188313802 0.17648111979166667 0.400347188313802 0.949814453125 0.337847188313802 0.9414811197916667
0 0.372847188313802 0.17814778645833335 0.447847188313802 0.17314778645833334 0.465347188313802 0.9581477864583333 0.39909718831380203 0.954814453125
0 0.445347188313802 0.17648111979166667 0.519097188313802 0.17148111979166666 0.535347188313802 0.9614811197916666 0.46159718831380203 0.959814453125
0 0.520347188313802 0.17148111979166666 0.597847188313802 0.17148111979166666 0.606597188313802 0.9731477864583333 0.531597188313802 0.9681477864583333
0 0.600347188313802 0.164814453125 0.672847188313802 0.164814453125 0.676597188313802 0.9681477864583333 0.607847188313802 0.9714811197916666
0 0.674097188313802 0.169814453125 0.747847188313802 0.169814453125 0.747847188313802 0.964814453125 0.677847188313802 0.964814453125
0 0.751597188313802 0.17148111979166666 0.797847188313802 0.16648111979166666 0.790347188313802 0.959814453125 0.751597188313802 0.9664811197916666
0 0.8040971883138021 0.18148111979166667 0.847847188313802 0.17148111979166666 0.841597188313802 0.9514811197916667 0.790347188313802 0.959814453125
