0 0.06100000 0.75150000 0.04500000 0.74916667 0.03862500 0.74033333 0.01087500 0.33800000 0.00237500 0.25466667 0.00012500 0.25266667 0.00025000 0.19716667 0.03450000 0.19716667 0.04037500 0.22600000 0.04687500 0.36533333 0.06062500 0.49200000 0.06612500 0.61633333 0.07312500 0.70466667 0.07362500 0.74800000
0 0.09325000 0.76583333 0.08400000 0.76416667 0.07937500 0.75966667 0.07462500 0.73566667 0.06187500 0.49466667 0.03912500 0.20200000 0.03925000 0.19716667 0.04800000 0.19250000 0.07650000 0.19283333 0.08262500 0.19700000 0.08062500 0.23333333 0.08662500 0.33933333 0.10037500 0.50900000 0.10237500 0.58233333 0.11412500 0.74766667 0.11150000 0.76016667 0.09975000 0.76116667
0 0.14325000 0.77216667 0.12175000 0.76783333 0.11787500 0.76433333 0.11662500 0.75733333 0.10612500 0.60100000 0.10712500 0.54033333 0.10337500 0.52933333 0.09812500 0.41900000 0.09487500 0.40533333 0.08262500 0.23633333 0.08237500 0.20400000 0.09350000 0.19716667 0.11525000 0.19716667 0.12012500 0.20900000 0.14687500 0.74666667 0.14712500 0.76533333
0 0.02950000 0.73583333 0.02300000 0.73283333 0.01812500 0.72100000 0.00612500 0.59100000 0.00237500 0.55733333 0.00012500 0.55600000 0.00025000 0.26350000 0.00212500 0.26366667 0.01012500 0.36233333 0.03362500 0.68033333 0.03512500 0.72533333 0.03387500 0.73233333
0 0.17800000 0.78383333 0.15075000 0.77950000 0.14787500 0.76933333 0.13862500 0.57800000 0.13787500 0.50966667 0.13337500 0.46766667 0.12137500 0.20866667 0.11812500 0.20133333 0.11912500 0.19266667 0.12500000 0.18883333 0.17112500 0.18966667 0.17050000 0.19350000 0.16087500 0.19833333 0.15837500 0.21733333 0.18562500 0.76666667 0.18512500 0.77933333
0 0.22125000 0.79750000 0.19625000 0.79516667 0.18925000 0.79150000 0.18662500 0.78400000 0.17737500 0.51500000 0.16037500 0.22400000 0.16112500 0.20300000 0.16475000 0.19716667 0.17025000 0.19583333 0.19525000 0.19483333 0.20637500 0.19800000 0.20637500 0.26466667 0.21362500 0.40333333 0.21337500 0.46733333 0.21812500 0.50166667 0.22912500 0.78933333 0.22825000 0.79516667
0 0.26400000 0.80783333 0.23300000 0.79983333 0.22837500 0.76400000 0.22262500 0.51333333 0.21662500 0.40833333 0.21712500 0.30700000 0.21287500 0.29700000 0.20887500 0.25666667 0.20887500 0.23400000 0.21300000 0.24183333 0.21387500 0.22933333 0.21300000 0.22550000 0.20912500 0.22833333 0.21037500 0.20533333 0.21700000 0.19716667 0.24775000 0.19650000 0.25187500 0.20533333 0.26812500 0.74733333 0.26887500 0.80266667
0 0.30975000 0.82316667 0.27550000 0.81883333 0.26937500 0.80833333 0.26712500 0.65933333 0.25162500 0.20966667 0.25300000 0.20083333 0.26675000 0.19816667 0.29025000 0.20116667 0.29637500 0.20766667 0.32312500 0.80966667 0.32100000 0.81916667
0 0.36925000 0.82850000 0.33175000 0.82250000 0.32512500 0.81566667 0.29812500 0.22533333 0.29887500 0.21233333 0.30675000 0.20450000 0.36087500 0.20533333 0.37462500 0.75033333 0.37487500 0.82266667 0.37325000 0.82783333
0 0.41675000 0.84583333 0.38200000 0.84250000 0.37662500 0.83633333 0.36837500 0.26400000 0.36837500 0.20533333 0.37575000 0.19983333 0.41225000 0.19983333 0.42037500 0.20500000 0.42312500 0.78400000 0.42187500 0.84200000
0 0.46125000 0.84650000 0.43100000 0.84383333 0.42362500 0.83433333 0.42562500 0.49933333 0.42262500 0.20433333 0.42400000 0.19716667 0.43900000 0.19483333 0.47125000 0.19683333 0.47312500 0.21066667 0.47162500 0.82666667 0.47062500 0.84200000
0 0.49425000 0.86616667 0.47575000 0.85983333 0.47237500 0.84700000 0.47462500 0.25166667 0.47637500 0.16933333 0.48475000 0.16183333 0.51237500 0.16533333 0.51412500 0.23533333 0.50637500 0.82600000 0.50437500 0.86133333
0 0.55025000 0.87516667 0.51450000 0.86983333 0.50612500 0.85633333 0.51212500 0.62066667 0.51362500 0.16200000 0.51750000 0.15283333 0.52475000 0.14983333 0.55725000 0.15050000 0.56737500 0.15733333 0.55737500 0.54066667 0.55412500 0.86766667
0 0.58025000 0.88783333 0.56275000 0.88516667 0.55487500 0.87333333 0.56312500 0.34566667 0.57112500 0.15866667 0.60150000 0.15683333 0.60925000 0.15816667 0.61187500 0.16466667 0.59287500 0.87500000 0.58950000 0.88516667
0 0.62775000 0.89450000 0.60825000 0.89316667 0.59412500 0.88500000 0.59387500 0.81333333 0.61387500 0.16600000 0.61875000 0.16150000 0.64850000 0.16050000 0.65712500 0.16533333 0.65587500 0.26800000 0.64537500 0.49400000 0.63587500 0.84000000 0.63262500 0.89033333
0 0.66700000 0.90483333 0.63925000 0.90050000 0.63487500 0.88900000 0.64637500 0.53066667 0.66187500 0.16633333 0.66950000 0.15816667 0.69575000 0.15783333 0.70500000 0.15983333 0.70912500 0.16566667 0.70662500 0.23800000 0.69162500 0.50266667 0.67562500 0.89500000 0.67350000 0.90216667
0 0.71050000 0.92150000 0.68200000 0.91416667 0.67637500 0.89266667 0.71062500 0.18466667 0.71700000 0.15783333 0.75600000 0.15683333 0.76100000 0.15816667 0.76437500 0.16566667 0.76237500 0.22133333 0.75087500 0.37033333 0.72112500 0.89566667 0.71837500 0.91633333
0 0.75325000 0.92816667 0.72475000 0.92083333 0.72112500 0.90733333 0.76312500 0.19533333 0.76750000 0.15983333 0.80400000 0.15650000 0.81587500 0.16233333 0.81587500 0.19000000 0.76312500 0.91533333 0.76025000 0.92416667
0 0.79975000 0.93750000 0.78400000 0.93616667 0.76950000 0.92816667 0.76487500 0.90900000 0.82037500 0.16233333 0.82650000 0.15650000 0.87300000 0.15650000 0.87787500 0.15833333 0.87962500 0.16633333 0.87537500 0.18433333 0.81587500 0.89733333 0.81087500 0.93033333
