0 0.1486650485436893 0.22168284789644016 0.22026699029126215 0.2249190938511327 0.2845873786407767 0.9514563106796118 0.21055825242718448 0.9692556634304207
0 0.23725728155339806 0.215210355987055 0.29672330097087385 0.2168284789644013 0.34405339805825247 0.9498381877022654 0.3015776699029126 0.9563106796116505
0 0.3003640776699029 0.21844660194174756 0.36104368932038833 0.21359223300970875 0.3938106796116505 0.9433656957928803 0.3464805825242719 0.953074433656958
0 0.36347087378640774 0.21359223300970875 0.4241504854368932 0.22168284789644016 0.4423543689320389 0.9449838187702266 0.3938106796116505 0.9433656957928803
0 0.4265776699029126 0.22006472491909387 0.48361650485436897 0.22168284789644016 0.4884708737864078 0.9546925566343043 0.4423543689320389 0.9627831715210357
0 0.5006067961165048 0.2249190938511327 0.5564320388349515 0.21359223300970875 0.5819174757281554 0.9579288025889968 0.5345873786407767 0.9611650485436894
0 0.5637135922330098 0.22006472491909387 0.6256067961165049 0.21359223300970875 0.6280339805825244 0.9660194174757282 0.5819174757281554 0.9676375404530745
0 0.6328883495145632 0.2168284789644013 0.6887135922330098 0.2168284789644013 0.6765776699029127 0.9660194174757282 0.6316747572815534 0.9724919093851132
0 0.6947815533980582 0.2168284789644013 0.7554611650485438 0.20711974110032363 0.7263349514563107 0.9692556634304207 0.6777912621359223 0.9741100323624596
0 0.7942961165048544 0.20064724919093851 0.887742718446602 0.19902912621359223 0.8003640776699029 0.970873786407767 0.7239077669902912 0.9741100323624596
0 0.887742718446602 0.24271844660194175 0.9702669902912622 0.2411003236245955 0.8610436893203883 0.9692556634304207 0.8027912621359223 0.9660194174757282
