0 0.0 0.00021574961365518252 0.07756635857565747 0.0 0.2007747729529074 0.9999999999999998 0.12316947298801623 0.9999999999999998 0.0 0.2149859726550952
0 0.09196734207429708 0.0 0.18957400800952104 0.0 0.28158029147305186 0.9999999999999998 0.20397499150816067 0.9999999999999998
0 0.19917466367528078 0.014438943192558494 0.276779963640172 0.014438943192558494 0.33918422546761023 0.9999999999999998 0.2855805646671184 0.9999999999999998
0 0.28638061930593167 0.02155053998201015 0.3631858646320096 0.02297285933990048 0.39678815946216867 0.9999999999999998 0.34478460793930343 0.9999999999999998
0 0.36638608318726285 0.017283581908339157 0.4431913285133407 0.015861262550448826 0.45119187490147383 0.9999999999999998 0.40238854193386187 0.9999999999999998
0 0.44559149242978063 0.02439517869779081 0.5247969016722984 0.030084456129352136 0.5071956996184056 0.9999999999999998 0.4559922027343537 0.9986839388526676
0 0.528797174866365 0.028662136771461805 0.603202256276003 0.027239817413571475 0.5631995243353375 0.9999999999999998 0.5095958635348457 0.9999999999999998
0 0.6048023655536297 0.030084456129352136 0.685607884073774 0.035773733560913464 0.6240036768851491 0.9999999999999998 0.5663997428905906 0.9999999999999998
0 0.6936084304619071 0.032929094845132796 0.7744139489820516 0.0371960529188038 0.6824076655185207 0.9999999999999998 0.6280039500792157 0.9999999999999998
0 0.7776141675373048 0.041463010992474784 0.8528193035857561 0.041463010992474784 0.7392115448742659 0.9999999999999998 0.6848078294349607 0.9999999999999998
0 0.8584196860574493 0.038618372276694124 0.9360249860223404 0.04004069163458446 0.7944153149523844 0.9999999999999998 0.7440118727071457 0.9999999999999998
0 0.9424254231328469 0.041463010992474784 0.9976291932109654 0.041463010992474784 1.0 0.15809319833948193 0.8568195767798226 0.9999999999999998 0.7992156427852642 0.9999999999999998
