0 0.012742718446601943 0.1650485436893204 0.10133495145631069 0.156957928802589 0.18264563106796117 0.7605177993527509 0.11589805825242719 0.7605177993527509
0 0.1171116504854369 0.1634304207119741 0.20570388349514565 0.1634304207119741 0.26274271844660196 0.7653721682847896 0.18992718446601944 0.7686084142394822
0 0.20934466019417478 0.16990291262135923 0.2712378640776699 0.16666666666666666 0.30764563106796117 0.7637540453074434 0.2688106796116505 0.7653721682847896
0 0.27730582524271846 0.21197411003236247 0.3125 0.215210355987055 0.34405339805825247 0.7653721682847896 0.30764563106796117 0.7734627831715211
0 0.3137135922330097 0.18284789644012944 0.37196601941747576 0.1877022653721683 0.3938106796116505 0.7686084142394822 0.34283980582524276 0.7702265372168285
0 0.3816747572815534 0.19579288025889968 0.4544902912621359 0.19579288025889968 0.45934466019417475 0.7718446601941747 0.3938106796116505 0.7686084142394822
0 0.45691747572815533 0.19579288025889968 0.5115291262135923 0.19579288025889968 0.5018203883495146 0.766990291262136 0.46177184466019416 0.7686084142394822
0 0.5139563106796117 0.215210355987055 0.5734223300970874 0.215210355987055 0.5588592233009709 0.7734627831715211 0.5030339805825242 0.7750809061488673
0 0.5782766990291263 0.2394822006472492 0.6438106796116505 0.2313915857605178 0.6668689320388349 0.7734627831715211 0.6098300970873787 0.784789644012945
0 0.6668689320388349 0.18446601941747573 0.7348300970873787 0.16990291262135923 0.7469660194174758 0.8106796116504855 0.6777912621359223 0.818770226537217
0 0.7493932038834952 0.18122977346278318 0.820995145631068 0.1731391585760518 0.8161407766990292 0.8090614886731391 0.754247572815534 0.8171521035598706
0 0.8331310679611651 0.18284789644012944 0.9071601941747572 0.17152103559870552 0.8865291262135923 0.8042071197411004 0.8185679611650486 0.813915857605178
