0 0.1117196056955093 0.24589266155531217 0.15772179627601315 0.23420956553486674 0.23877327491785322 0.8227455275648046 0.19605695509309967 0.8300474625775831
0 0.1588170865279299 0.24005111354508946 0.208105147864184 0.23420956553486674 0.2858707557502738 0.8358890105878057 0.23986856516976998 0.8300474625775831
0 0.20920043811610076 0.23420956553486674 0.25629791894852133 0.2298284045271997 0.32749178532311063 0.8358890105878057 0.2858707557502738 0.8358890105878057
0 0.25958378970427165 0.2415115005476451 0.3132530120481928 0.23713033953997809 0.3702081051478642 0.843190945600584 0.3318729463307777 0.8475721066082512
0 0.3143483023001095 0.23274917853231106 0.3614457831325301 0.22836801752464403 0.41511500547645125 0.8373493975903614 0.3702081051478642 0.8446513326031398
0 0.3658269441401972 0.24005111354508946 0.44359255202628695 0.23274917853231106 0.4753559693318729 0.8563344286235851 0.4129244249726177 0.8577948156261409
0 0.44468784227820374 0.2298284045271997 0.5147864184008761 0.22544724351953266 0.5421686746987951 0.8475721066082512 0.4830230010952902 0.853413654618474
0 0.5213581599123768 0.2298284045271997 0.592552026286966 0.22252646951442132 0.6078860898138005 0.8461117196056954 0.5410733844468785 0.8446513326031398
0 0.5936473165388828 0.21960569550930994 0.6779846659364731 0.21376414749908723 0.6779846659364731 0.8519532676159182 0.6144578313253012 0.853413654618474
0 0.6823658269441402 0.20792259948886455 0.7579408543263965 0.20354143848119752 0.7469879518072289 0.8621759766338079 0.6801752464403067 0.8650967506389192
0 0.7842278203723987 0.1845564074479737 0.8751369112814896 0.18163563344286235 0.8444687842278203 0.8607155896312523 0.7765607886089814 0.8607155896312523
0 0.872946330777656 0.24589266155531217 0.936473165388828 0.24005111354508946 0.9112814895947425 0.8504928806133626 0.8521358159912377 0.8563344286235851
0 0.9299014238773274 0.19331872946330778 0.9649507119386638 0.1845564074479737 0.9375684556407448 0.821285140562249 0.9134720700985761 0.8242059145673604
