0 0.024660442634404065 0.1828834015307288 0.09709649177873081 0.17971679828944673 0.08759668205488468 0.8067042400632913 0.01753558534151947 0.8019543352013683
0 0.09569090768693726 0.17842430717055607 0.1780872165162149 0.18327114886639595 0.16597011227661526 0.8149761832241914 0.0835738034473376 0.8117449554269648
0 0.18051063736413486 0.1865023766636225 0.25684839407361265 0.18973360446084908 0.24836642110589294 0.8230542527172579 0.16718182270057522 0.8133605693255781
0 0.2604835253454926 0.18327114886639595 0.3343978612070505 0.18003992106916936 0.33560957163101046 0.8262854805144845 0.25442497322569274 0.8295167083117109
0 0.33803299247893037 0.1865023766636225 0.4180058804602881 0.18003992106916936 0.42042930130820805 0.8295167083117109 0.3404564133268503 0.8327479361089375
0 0.42285272215612796 0.1881179905622358 0.49797876844164585 0.18003992106916936 0.5125192935291655 0.8359791639061641 0.42285272215612796 0.8424416195006172
0 0.5028256101374857 0.18165553496778264 0.5840102085428034 0.17357746547471622 0.6046092857501228 0.852135302892297 0.5149427143770854 0.8569821445881369
0 0.5876453398146834 0.1751930793733295 0.672465069491881 0.17034623767748963 0.6966992779710803 0.8682914418784299 0.6070327065980428 0.8666758279798166
0 0.6809470424596008 0.16711500988026307 0.7742487451045181 0.15742132648858334 0.7960595327357974 0.8779851252701096 0.7039695405148401 0.8812163530673363
0 0.779095586800358 0.16711500988026307 0.8796675519890351 0.1509588708941302 0.9026900500442745 0.8957568781548557 0.7960595327357974 0.890910036459016
0 0.9099603125880342 0.13157150411077073 0.9826629380256322 0.1348027319079973 0.987509779721472 0.9038349476479222 0.9135954438599141 0.897372492053469
