0 0.01075000 0.68783333 0.00737500 0.68566667 0.00662500 0.68100000 0.00337500 0.61733333 0.00212500 0.60300000 0.00012500 0.60266667 0.00025000 0.18050000 0.00750000 0.18150000 0.01087500 0.18533333 0.04412500 0.67333333 0.04150000 0.68350000
0 0.05375000 0.68783333 0.04850000 0.68716667 0.04637500 0.68166667 0.02712500 0.38566667 0.01262500 0.20533333 0.01187500 0.18566667 0.02775000 0.18183333 0.04712500 0.18600000 0.08112500 0.67700000 0.07750000 0.68316667
0 0.09275000 0.68950000 0.08287500 0.68600000 0.07912500 0.64733333 0.04837500 0.19266667 0.04862500 0.18566667 0.05225000 0.18383333 0.07800000 0.18316667 0.08362500 0.18600000 0.09312500 0.29400000 0.12012500 0.67833333 0.11525000 0.68650000
0 0.13050000 0.68850000 0.12325000 0.68683333 0.12187500 0.68133333 0.08637500 0.20966667 0.08587500 0.18666667 0.09300000 0.18350000 0.11575000 0.18283333 0.12025000 0.18483333 0.12187500 0.18966667 0.15337500 0.60066667 0.15487500 0.61566667 0.15937500 0.62733333 0.15862500 0.68166667
0 0.18550000 0.68783333 0.16962500 0.68533333 0.16437500 0.62433333 0.15537500 0.38500000 0.14812500 0.27300000 0.15037500 0.24300000 0.16225000 0.23650000 0.19125000 0.24316667 0.19462500 0.25100000 0.19637500 0.32266667 0.20112500 0.37900000 0.20587500 0.51133333 0.21037500 0.57500000 0.21312500 0.67866667 0.20700000 0.68616667
0 0.23150000 0.68816667 0.22050000 0.68783333 0.21662500 0.68200000 0.20687500 0.40000000 0.19887500 0.27600000 0.19937500 0.24533333 0.20650000 0.24083333 0.24050000 0.24050000 0.24462500 0.24433333 0.24687500 0.26200000 0.25187500 0.36966667 0.25087500 0.39266667 0.25287500 0.40433333 0.25637500 0.49833333 0.26037500 0.53300000 0.26237500 0.67866667 0.25900000 0.68616667
0 0.27950000 0.68950000 0.27125000 0.68916667 0.26762500 0.68600000 0.26637500 0.67033333 0.26437500 0.51733333 0.25587500 0.24833333 0.25637500 0.23600000 0.25950000 0.22850000 0.32650000 0.23483333 0.33062500 0.23666667 0.33162500 0.24300000 0.33262500 0.32000000 0.34187500 0.51833333 0.34512500 0.65466667 0.34762500 0.68133333 0.33875000 0.68516667
0 0.37450000 0.68683333 0.35350000 0.68450000 0.35137500 0.68166667 0.35012500 0.67000000 0.33362500 0.25666667 0.33362500 0.24133333 0.33800000 0.23616667 0.40425000 0.24250000 0.40687500 0.25066667 0.42287500 0.67966667 0.42025000 0.68350000
0 0.43575000 0.68516667 0.42800000 0.68383333 0.42587500 0.67766667 0.40862500 0.25566667 0.41175000 0.25050000 0.47100000 0.25116667 0.47512500 0.25966667 0.47737500 0.33900000 0.49562500 0.67800000 0.49075000 0.68216667
0 0.50700000 0.68783333 0.50225000 0.68683333 0.49862500 0.67833333 0.49312500 0.59400000 0.47712500 0.26966667 0.47737500 0.25966667 0.48250000 0.25516667 0.53825000 0.25683333 0.54262500 0.26000000 0.55912500 0.48900000 0.56687500 0.65066667 0.57087500 0.67700000 0.56825000 0.68250000
0 0.59150000 0.68783333 0.57600000 0.68750000 0.57312500 0.67833333 0.56312500 0.53400000 0.55137500 0.31300000 0.54962500 0.25600000 0.55300000 0.25016667 0.60725000 0.25150000 0.61212500 0.25400000 0.61462500 0.26200000 0.64462500 0.68166667 0.64275000 0.68450000
0 0.65675000 0.68983333 0.65025000 0.68950000 0.64637500 0.68366667 0.63662500 0.52800000 0.62587500 0.40633333 0.61837500 0.26600000 0.61887500 0.26000000 0.62575000 0.25583333 0.68175000 0.25550000 0.68637500 0.26000000 0.69562500 0.39600000 0.70187500 0.45166667 0.71762500 0.68500000
0 0.73400000 0.68950000 0.72262500 0.68533333 0.71662500 0.63633333 0.69762500 0.33766667 0.69162500 0.27200000 0.69262500 0.25600000 0.69725000 0.25283333 0.74925000 0.25350000 0.75350000 0.25516667 0.75537500 0.25966667 0.76612500 0.39533333 0.78787500 0.62233333 0.79100000 0.68583333
0 0.81325000 0.68916667 0.79700000 0.68583333 0.79437500 0.68066667 0.79262500 0.63100000 0.78237500 0.54566667 0.77262500 0.40866667 0.76712500 0.36666667 0.76187500 0.26100000 0.76237500 0.25633333 0.76500000 0.25483333 0.81875000 0.25483333 0.82237500 0.26066667 0.82412500 0.26966667 0.83287500 0.38500000 0.83887500 0.42400000 0.86437500 0.67833333 0.86175000 0.68450000
0 0.89300000 0.69316667 0.87475000 0.68983333 0.86937500 0.68200000 0.87137500 0.67266667 0.86962500 0.63800000 0.86262500 0.62700000 0.86087500 0.61833333 0.85112500 0.50233333 0.84587500 0.47133333 0.84262500 0.40033333 0.83737500 0.38900000 0.83662500 0.36533333 0.83062500 0.31833333 0.83087500 0.28333333 0.83337500 0.27866667 0.83362500 0.26800000 0.84125000 0.26250000 0.88900000 0.26183333 0.89687500 0.26400000 0.90087500 0.28333333 0.91812500 0.44366667 0.92812500 0.48933333 0.93012500 0.52533333 0.94537500 0.64166667 0.94612500 0.68200000 0.94275000 0.68650000
