0 0.08850000 0.85616667 0.07350000 0.85383333 0.06912500 0.84966667 0.06362500 0.81900000 0.05887500 0.76333333 0.01162500 0.39133333 0.00312500 0.29866667 0.00012500 0.29400000 0.00025000 0.26650000 0.02950000 0.26716667 0.03412500 0.28333333 0.08437500 0.77333333 0.09137500 0.84833333
0 0.11000000 0.87083333 0.09512500 0.86733333 0.09062500 0.84166667 0.03412500 0.28733333 0.03312500 0.27133333 0.03725000 0.26683333 0.07100000 0.26650000 0.07962500 0.27166667 0.13137500 0.85733333 0.13162500 0.86533333 0.12825000 0.86950000
0 0.15425000 0.86816667 0.13262500 0.86533333 0.08262500 0.30333333 0.08187500 0.27500000 0.08400000 0.26916667 0.08900000 0.26750000 0.12300000 0.26683333 0.12712500 0.27166667 0.17012500 0.85766667 0.16725000 0.86583333
0 0.18350000 0.86583333 0.17262500 0.86166667 0.16887500 0.82933333 0.12962500 0.30400000 0.12812500 0.27900000 0.13075000 0.26983333 0.16275000 0.26883333 0.16975000 0.27016667 0.17162500 0.27433333 0.20687500 0.85666667 0.20450000 0.86283333
0 0.22350000 0.86716667 0.21275000 0.86683333 0.20837500 0.86166667 0.20387500 0.81300000 0.17212500 0.28666667 0.17262500 0.27333333 0.17700000 0.26983333 0.20975000 0.27050000 0.21612500 0.27566667 0.24562500 0.85333333 0.24512500 0.86133333 0.24025000 0.86583333
0 0.26500000 0.86183333 0.25275000 0.86150000 0.24712500 0.85766667 0.24387500 0.81333333 0.21787500 0.29300000 0.21762500 0.27566667 0.22275000 0.27150000 0.25500000 0.27183333 0.26187500 0.27533333 0.28262500 0.84966667 0.28075000 0.85883333
0 0.30675000 0.85883333 0.28900000 0.85783333 0.28437500 0.84966667 0.27737500 0.61933333 0.26287500 0.29366667 0.26262500 0.27566667 0.26625000 0.27283333 0.29925000 0.27316667 0.30587500 0.27866667 0.31962500 0.84133333 0.31862500 0.85366667
0 0.34175000 0.85750000 0.32600000 0.85650000 0.32212500 0.84400000 0.30737500 0.28000000 0.31050000 0.27350000 0.36550000 0.27416667 0.37062500 0.29866667 0.36925000 0.30450000 0.36150000 0.30683333 0.35750000 0.30350000 0.35462500 0.30666667 0.34837500 0.33133333 0.35912500 0.84966667 0.35625000 0.85550000
0 0.37500000 0.86083333 0.36250000 0.85850000 0.36037500 0.85033333 0.35162500 0.34366667 0.35287500 0.32233333 0.35650000 0.31816667 0.38875000 0.32083333 0.38987500 0.32800000 0.39537500 0.84433333 0.39300000 0.85616667
0 0.41450000 0.87216667 0.39875000 0.86950000 0.39662500 0.85400000 0.39387500 0.44666667 0.39087500 0.32666667 0.39225000 0.32116667 0.40100000 0.31816667 0.42900000 0.31950000 0.43387500 0.32533333 0.43587500 0.86266667 0.43275000 0.87016667
0 0.45225000 0.87683333 0.43950000 0.87450000 0.43687500 0.86566667 0.43462500 0.32766667 0.43512500 0.32166667 0.43900000 0.31983333 0.47475000 0.31850000 0.47962500 0.32300000 0.47562500 0.85866667 0.47512500 0.86600000 0.47075000 0.87383333
0 0.48375000 0.87050000 0.47712500 0.86566667 0.47612500 0.84233333 0.48112500 0.33333333 0.48250000 0.32150000 0.51375000 0.32150000 0.52037500 0.32666667 0.52087500 0.34933333 0.50987500 0.81066667 0.51112500 0.85866667 0.50600000 0.86683333
0 0.53800000 0.87150000 0.52025000 0.86950000 0.51350000 0.86550000 0.51187500 0.85933333 0.52037500 0.41400000 0.52312500 0.33233333 0.52550000 0.32383333 0.56475000 0.32483333 0.56937500 0.33033333 0.56612500 0.33800000 0.56912500 0.34566667 0.56987500 0.39833333 0.55112500 0.86266667 0.54875000 0.86983333
0 0.56600000 0.86650000 0.55575000 0.86550000 0.55237500 0.85300000 0.55887500 0.74733333 0.56937500 0.44333333 0.57562500 0.32966667 0.57950000 0.32216667 0.61175000 0.32183333 0.61537500 0.32966667 0.61487500 0.34633333 0.58837500 0.85366667 0.58500000 0.86216667
0 0.60125000 0.87216667 0.59112500 0.86900000 0.58937500 0.85566667 0.61762500 0.32766667 0.61950000 0.32250000 0.62300000 0.32183333 0.65825000 0.32216667 0.66087500 0.33233333 0.65537500 0.42433333 0.62587500 0.81666667 0.62462500 0.86400000 0.61825000 0.86950000
0 0.64725000 0.87716667 0.63000000 0.87516667 0.62562500 0.86533333 0.66162500 0.33700000 0.66362500 0.32666667 0.66650000 0.32416667 0.70525000 0.32383333 0.70712500 0.33233333 0.70287500 0.39400000 0.68837500 0.54433333 0.66337500 0.86633333 0.66100000 0.87383333
0 0.68475000 0.87883333 0.66575000 0.87516667 0.66462500 0.85766667 0.70862500 0.33133333 0.71275000 0.32516667 0.74550000 0.32483333 0.75262500 0.32833333 0.75337500 0.33866667 0.71987500 0.67333333 0.71862500 0.70566667 0.70387500 0.83000000 0.70262500 0.86966667 0.69700000 0.87716667
0 0.71800000 0.87883333 0.70387500 0.87600000 0.70362500 0.85100000 0.75387500 0.35466667 0.75462500 0.32633333 0.79025000 0.32516667 0.79787500 0.33033333 0.79737500 0.34500000 0.73737500 0.86966667 0.73300000 0.87583333
0 0.75950000 0.87950000 0.74275000 0.87750000 0.73937500 0.87333333 0.73887500 0.86466667 0.76512500 0.65500000 0.78312500 0.48233333 0.79337500 0.41833333 0.80137500 0.34266667 0.79812500 0.32633333 0.80600000 0.32283333 0.84200000 0.32416667 0.85162500 0.33000000 0.85162500 0.34166667 0.80412500 0.69200000 0.79837500 0.71333333 0.77687500 0.87300000 0.77150000 0.87816667
0 0.78425000 0.86916667 0.77837500 0.86533333 0.78137500 0.83900000 0.80437500 0.69033333 0.85287500 0.33366667 0.85525000 0.32583333 0.86150000 0.32316667 0.88425000 0.32483333 0.88887500 0.32800000 0.88912500 0.33466667 0.80787500 0.85866667 0.80325000 0.86583333
0 0.82125000 0.86350000 0.80987500 0.86133333 0.80987500 0.84533333 0.89062500 0.32666667 0.89575000 0.32216667 0.92725000 0.32450000 0.93187500 0.32966667 0.93162500 0.33800000 0.84512500 0.85333333 0.83850000 0.86183333
0 0.86350000 0.85383333 0.85050000 0.85350000 0.84662500 0.85033333 0.84862500 0.82966667 0.92262500 0.38700000 0.93487500 0.32433333 0.95925000 0.32183333 0.96487500 0.32733333 0.96412500 0.35366667 0.95187500 0.43166667 0.94787500 0.44300000 0.94837500 0.45600000 0.94262500 0.49833333 0.93862500 0.50200000 0.87587500 0.84533333 0.87325000 0.85083333
0 0.89800000 0.84616667 0.88125000 0.84550000 0.87812500 0.84266667 0.87812500 0.83800000 0.89237500 0.76366667 0.89487500 0.76000000 0.89612500 0.74366667 0.90287500 0.72200000 0.90812500 0.68366667 0.91137500 0.67800000 0.91187500 0.65733333 0.93812500 0.50166667 0.94562500 0.47466667 0.94787500 0.44333333 0.96062500 0.38066667 0.96887500 0.32300000 0.98175000 0.31950000 0.99975000 0.32150000 0.99975000 0.35766667 0.99787500 0.35866667 0.99262500 0.38266667 0.95262500 0.61533333 0.93787500 0.68533333 0.92787500 0.74933333 0.92187500 0.76766667 0.91312500 0.83400000 0.90850000 0.84350000
