0 0.0 0.0 0.03343614870129788 0.0018736102146284048 0.1531662361523705 1.0 0.05971836301982601 1.0 0.0003400269668550444 0.6222636568445764
0 0.07139934716139408 0.0 0.2047572494442961 0.0 0.27192290825831245 1.0 0.17555478909037592 1.0
0 0.2514811860105683 0.009660932975673777 0.30015195326710187 0.007065158721991987 0.4082010565766064 0.9908636008673907 0.3721846888067716 0.9908636008673907
0 0.3030721993024938 0.009660932975673777 0.3566100432846808 0.0 0.44811108572696395 1.0 0.41404154864739046 1.0
0 0.3702378581165102 0.0031714973414693 0.42280228675356646 0.0005757230877875091 0.49483502229323617 1.0 0.4529781624526173 1.0
0 0.4296161941694812 0.01744825573671915 0.4880211148773215 0.010958820102514673 0.5376652974789857 1.0 0.4987286836737589 1.0
0 0.49483502229323617 0.007065158721991987 0.5522665276559457 0.0005757230877875091 0.5795221573196047 1.0 0.5405855435143777 1.0
0 0.5629740964523832 0.012256707229355568 0.6194321864699621 0.0005757230877875091 0.6252726785407462 1.0 0.5853626493903887 1.0
0 0.6340334166469223 0.013554594356196463 0.6914649220096319 0.009660932975673777 0.6690763690716265 1.0 0.6291663399212689 1.0
0 0.700225660115808 0.0018736102146284048 0.7625242422041708 0.0 0.7128800596025067 1.0 0.6739434457972797 1.0
0 0.774205226345739 0.009660932975673777 0.8287164856730566 0.005767271595151092 0.7615508268590402 1.0 0.7235876283989441 1.0
0 0.8491582079208007 0.013554594356196463 0.904642882593249 0.005767271595151092 0.8063279327350511 1.0 0.7703115649652162 1.0
0 0.930925096911777 0.051193321034582434 0.9893300176196174 0.047299659654059745 0.8686265148234141 1.0 0.8277430703279259 1.0
0 0.9971173403806628 0.005767271595151092 1.0000000000000002 0.6560087221424397 0.9396858350179531 1.0 0.8734935915490675 0.9973530365015952
