0 0.0011072089903632549 0.3054975741955725 0.07313978904223363 0.8173886749897151 0.09689521437848879 0.8224973686104152 0.12754737610268896 0.8143234588172952 0.05781370818013358 0.30141061929901247
0 0.0670093566973936 0.3024323580231525 0.11528651141300889 0.3044758354714325 0.17046040251656916 0.8204538911621353 0.142873456964789 0.8245408460586952 0.12831368014579395 0.8173886749897151
0 0.11375390332679887 0.26156280905755225 0.13904193674926402 0.26156280905755225 0.1926832197666143 0.8286278009552552 0.1719930106027792 0.8306712784035353
0 0.144406065050999 0.2768888899196523 0.18118865912003923 0.27280193502309236 0.22793320574944448 0.8327147558518153 0.1965147399821393 0.8337364945759553
0 0.18272126720624923 0.27178019629895234 0.2156723410597644 0.27280193502309236 0.26165058364606464 0.8368017107483753 0.2317647259649695 0.8337364945759553
0 0.2172049491459744 0.26769324140239226 0.2693136240771147 0.26462802522997225 0.30762882623236487 0.8327147558518153 0.2670147119477997 0.8347582333000952
0 0.27774296855126973 0.3116280065404125 0.2984331777151048 0.31060626781627254 0.3283190353962 0.8368017107483753 0.3114603464478899 0.8388451881966553
0 0.29996578580131483 0.28097584481621235 0.335215771784145 0.27995410609207244 0.36203641329282016 0.8449756205414954 0.32678642730999 0.8459973592656354
0 0.33598207582725004 0.25338889926443225 0.3681668456376602 0.24828020564373218 0.3896233588446003 0.8357799720242353 0.3696994537238702 0.8368017107483753
0 0.37429727798250023 0.29425844823003244 0.4401994256895306 0.2932367095058924 0.4547592025085257 0.8368017107483753 0.39728639927565035 0.8398669269207953
0 0.44249833781884557 0.2871062771610524 0.511465701698296 0.2871062771610524 0.5160635259569261 0.8327147558518153 0.4854113642327258 0.8429321430932153 0.4570581146378407 0.8347582333000952
0 0.5145309178707159 0.2758671511955123 0.5513135119397562 0.27484541247137234 0.5497809038535462 0.8429321430932153 0.519895046172451 0.8408886656449354
0 0.5528461200259662 0.25543237671271224 0.6041884909140015 0.25543237671271224 0.6011232747415814 0.8541712690587554 0.5551450321552812 0.8613234401277354
0 0.6080200111295264 0.25951933160927226 0.6379058688106216 0.25645411543685226 0.6279439162502566 0.8184104137138551 0.6026558828277914 0.8204538911621353
0 0.6409710849830417 0.25543237671271224 0.6746884628796619 0.25441063798857216 0.6585960779744567 0.8122799813690151 0.6310091324226765 0.8153451975414352
0 0.6774949923033339 0.2551566253350307 0.7101840756886636 0.25431844370976586 0.6881818080254609 0.8133855877614298 0.6598931781727717 0.8133855877614298
0 0.7139558930023554 0.25431844370976586 0.750416793701377 0.25348026208450103 0.7227568000676365 0.8125474061361649 0.6932108977770501 0.8133855877614298
0 0.7529313385771716 0.23336390307814425 0.7988217825604229 0.23839299282973347 0.7636181542992987 0.8133855877614298 0.7252713449434312 0.8117092245109002
0 0.8000790549983202 0.266052986463474 0.8346540470404958 0.26353844158767936 0.7975645101225256 0.8041655898835164 0.7667613353940419 0.8024892266329866
0 0.8535131336089553 0.24006935608026317 0.903804031124847 0.23420208470340914 0.8591708595794931 0.8309874018919919 0.818309505347831 0.8360164916435812
0 0.9050613035627444 0.22917299495181995 0.9421508404807146 0.23001117657708484 0.8943744878406173 0.8335019467677867 0.8629426768931849 0.8309874018919919
0 0.9421508404807146 0.25431844370976586 0.9723253789902496 0.25431844370976586 0.9239203901312039 0.8318255835172569 0.896889032716412 0.8326637651425217
0 0.9779831049607876 0.21240936244652267 1.0 0.21157118082125784 1.0 0.3289166083583387 0.9566094735165335 0.8276346753909326 0.9276922074448957 0.8301492202667271
