0 0.10317460 0.99955908 0.00012401 0.99955908 0.00024802 0.00022046 0.07713294 0.00022046 0.07800099 0.00705467 0.09437004 0.64947090 0.10429067 0.80643739
0 0.19494048 0.99955908 0.10887897 0.99955908 0.10801091 0.99514991 0.10776290 0.80555556 0.09585813 0.60626102 0.08234127 0.00022046 0.18328373 0.00022046 0.18439980 0.00837743
0 0.28100198 0.99955908 0.20039683 0.99955908 0.19952877 0.99514991 0.19221230 0.00022046 0.28645833 0.00022046 0.28782242 0.00573192
0 0.35292659 0.99955908 0.28571429 0.99955908 0.28509425 0.99470899 0.29464286 0.00022046 0.38504464 0.00044092 0.37065972 0.52954145
0 0.41195437 0.99955908 0.35838294 0.99955908 0.35726687 0.99426808 0.38802083 0.01940035 0.38988095 0.00022046 0.45634921 0.00022046 0.42075893 0.96869489 0.41778274 0.99074074
0 0.45014881 0.99955908 0.42261905 0.99955908 0.42051091 0.97751323 0.42869544 0.83421517 0.45870536 0.02292769 0.46081349 0.00022046 0.52430556 0.00022046 0.47879464 0.94973545 0.47470238 0.97817460 0.47073413 0.97817460 0.46676587 0.99140212 0.44580853 0.99426808
0 0.53521825 0.99955908 0.47705853 0.99955908 0.52517361 0.05908289 0.52926587 0.00022046 0.59375000 0.00022046
0 0.56994048 0.99955908 0.53645833 0.99955908 0.53633433 0.99294533 0.59486607 0.02116402 0.59697421 0.00022046 0.63616071 0.00022046
0 0.61706349 0.99955908 0.56994048 0.99955908 0.57006448 0.98236332 0.57750496 0.91313933 0.59461806 0.62522046 0.63802083 0.01984127 0.64186508 0.00022046 0.67584325 0.00022046 0.68948413 0.00947972 0.69084821 0.02204586
0 0.65947421 0.99955908 0.61718750 0.99779541 0.68762401 0.07671958 0.69258433 0.02160494 0.69866071 0.01873898 0.73635913 0.03284832 0.73846726 0.04409171
0 0.70213294 0.99955908 0.65922619 0.99955908 0.65959821 0.98633157 0.73921131 0.05158730 0.74156746 0.04078483 0.75644841 0.04034392 0.78273810 0.05268959 0.78782242 0.06216931
0 0.74305556 0.99955908 0.70312500 0.99955908 0.70300099 0.99294533 0.78236607 0.13051146 0.78955853 0.06261023 0.79861111 0.06062610 0.83085317 0.07208995 0.83494544 0.08289242
0 0.77852183 0.99955908 0.74255952 0.99955908 0.74243552 0.99559083 0.76153274 0.83862434 0.83568948 0.08421517 0.83779762 0.07958554 0.84970238 0.07958554 0.87375992 0.09149030 0.87611607 0.10317460 0.83841766 0.44708995 0.83544147 0.50617284 0.82477679 0.57407407 0.81510417 0.67813051 0.80543155 0.74382716 0.79724702 0.84788360
0 0.87543403 0.08774250 0.89031498 0.09766314 0.79268282 0.99955908 0.77994792 0.99955908
0 0.88783482 0.09656085 0.90457589 0.10868607 0.80350942 0.99603175 0.79358879 0.99955908
0 0.90457589 0.10868607 0.92379712 0.11419753 0.82707093 0.98500882 0.82583085 0.98500882 0.80536954 0.99492945
0 0.92751736 0.11419753 0.94921875 0.12301587 0.84319196 0.98831570 0.82645089 0.99052028 0.93185764 0.12301587
0 0.94177827 0.16049383 0.96409970 0.16820988 0.87047371 0.95414462 0.84753224 0.97508818
0 0.97588046 0.17261905 0.99975198 0.18435729 0.90023562 0.93981481 0.87605407 0.95745150
0 0.90271577 0.93209877 0.92255704 0.92217813 0.99975198 0.41271502 0.99975198 0.19907407
