0 0.7793236301369864 0.005136986301369864 0.8833476027397261 0.0 0.698416095890411 0.9880136986301371 0.6367722602739727 0.9828767123287673
0 0.6855736301369862 0.0017123287671232878 0.7651969178082193 0.005136986301369864 0.6367722602739727 0.9589041095890412 0.568707191780822 0.9674657534246576
0 0.585402397260274 0.006849315068493151 0.6804366438356163 0.0034246575342465756 0.5597174657534247 0.9691780821917808 0.49807363013698636 0.9657534246575343
0 0.5006421232876713 0.011986301369863015 0.585402397260274 0.01712328767123288 0.48908390410958913 0.9349315068493151 0.4248715753424658 0.9332191780821918
0 0.40817636986301375 0.01712328767123288 0.49935787671232884 0.029109589041095892 0.41588184931506855 0.9503424657534246 0.36065924657534254 0.9503424657534246
0 0.6496147260273973 0.976027397260274
0 0.36964897260273977 0.03595890410958904 0.40817636986301375 0.04623287671232877 0.3632277397260275 0.940068493150685 0.3247003424657535 0.9434931506849316
0 0.318279109589041 0.03424657534246576 0.36451198630136994 0.042808219178082196 0.3195633561643836 0.9417808219178082 0.29002568493150677 0.946917808219178
0 0.2797517123287672 0.04623287671232877 0.318279109589041 0.05136986301369863 0.28745719178082196 0.9332191780821918 0.25406678082191786 0.9349315068493151
0 0.22452910958904115 0.04109589041095891 0.27461472602739734 0.05479452054794521 0.25278253424657543 0.9383561643835617 0.2193921232876713 0.940068493150685
0 0.1782962328767124 0.042808219178082196 0.22196061643835624 0.0565068493150685 0.2181078767123288 0.946917808219178 0.1885702054794521 0.9503424657534246
0 0.12560403762887057 0.0 0.19623759927270618 0.011610495742960436 0.18467938009462398 0.9294187149210428 0.14101499653298014 0.9396926875237824
0 0.04726499653298014 0.0013365231402207086 0.12560403762887057 0.009898166975837147 0.14101499653298014 0.9482543313593988 0.09221362666996645 0.9568159751950154
