0 0.023680521647135393 0.0 0.14618052164713538 0.000370008680555524 0.25743052164713537 0.932036675347222 0.17868052164713538 0.9287033420138887
0 0.14868052164713538 0.015370008680555524 0.23118052164713537 0.013703342013888857 0.31993052164713537 0.9337033420138887 0.2586805216471354 0.9353700086805553
0 0.22993052164713537 0.015370008680555524 0.3111805216471354 0.01703667534722219 0.37743052164713536 0.9287033420138887 0.32243052164713537 0.937036675347222
0 0.3161805216471354 0.020370008680555524 0.3874305216471354 0.020370008680555524 0.4436805216471354 0.927036675347222 0.37743052164713536 0.9337033420138887
0 0.39618052164713535 0.023703342013888858 0.4811805216471354 0.020370008680555524 0.5049305216471354 0.932036675347222 0.44243052164713537 0.9337033420138887
0 0.4799305216471354 0.025370008680555525 0.5586805216471353 0.020370008680555524 0.5624305216471354 0.9387033420138887 0.5036805216471354 0.9387033420138887
0 0.5661805216471354 0.02703667534722219 0.6511805216471352 0.023703342013888858 0.6286805216471354 0.9437033420138887 0.5636805216471353 0.9403700086805553
0 0.6511805216471352 0.04203667534722219 0.7286805216471353 0.02870334201388886 0.6924305216471353 0.9437033420138887 0.6249305216471354 0.9503700086805553
0 0.7286805216471353 0.037036675347222194 0.8136805216471352 0.03370334201388886 0.7499305216471353 0.9487033420138887 0.6911805216471353 0.9403700086805553
0 0.8136805216471352 0.03203667534722219 0.9011805216471352 0.02870334201388886 0.8211805216471353 0.9487033420138887 0.7511805216471352 0.947036675347222
