0 0.04525000 0.84516667 0.03900000 0.84416667 0.03712500 0.83600000 0.05987500 0.33033333 0.07537500 0.11133333 0.07975000 0.10650000 0.08850000 0.10650000 0.09087500 0.11366667 0.08762500 0.20600000 0.07487500 0.42366667 0.05887500 0.83800000 0.05675000 0.84383333
0 0.96925000 0.84650000 0.93975000 0.84516667 0.93087500 0.83500000 0.89337500 0.27033333 0.89587500 0.25233333 0.90875000 0.24883333 0.95525000 0.24983333 0.95937500 0.25966667 0.99712500 0.75566667 0.99975000 0.76066667 0.99975000 0.82900000 0.99687500 0.83033333 0.99975000 0.83333333 0.99975000 0.84266667
0 0.87650000 0.84783333 0.86412500 0.84366667 0.86012500 0.81866667 0.82887500 0.30133333 0.82837500 0.25866667 0.83425000 0.25183333 0.88475000 0.25516667 0.88837500 0.25966667 0.89012500 0.27500000 0.92837500 0.83833333 0.92500000 0.84383333 0.91700000 0.84616667
0 0.81400000 0.84750000 0.79100000 0.84350000 0.78662500 0.83833333 0.78537500 0.83033333 0.75662500 0.26900000 0.75962500 0.25666667 0.76775000 0.25216667 0.82250000 0.25483333 0.82687500 0.28033333 0.85987500 0.84000000 0.85350000 0.84616667
0 0.75275000 0.84250000 0.73250000 0.84250000 0.72937500 0.83400000 0.70812500 0.41633333 0.70237500 0.26933333 0.70237500 0.26000000 0.70475000 0.25850000 0.74650000 0.25683333 0.75062500 0.25966667 0.75162500 0.26700000 0.78212500 0.82866667 0.77975000 0.84050000
0 0.69750000 0.84950000 0.68062500 0.84200000 0.67737500 0.80733333 0.67087500 0.52100000 0.66587500 0.48333333 0.65737500 0.27033333 0.65812500 0.23666667 0.66200000 0.22850000 0.67325000 0.22683333 0.69350000 0.22783333 0.69887500 0.23633333 0.72812500 0.82633333 0.72812500 0.84100000 0.72475000 0.84683333
0 0.65550000 0.84450000 0.64650000 0.84416667 0.64437500 0.83500000 0.64012500 0.65433333 0.62512500 0.29533333 0.62462500 0.23933333 0.62675000 0.23583333 0.65075000 0.24016667 0.65387500 0.26766667 0.65362500 0.31866667 0.67662500 0.82766667 0.67400000 0.84216667
0 0.62600000 0.85016667 0.60725000 0.84883333 0.60337500 0.84366667 0.60237500 0.83433333 0.58787500 0.23266667 0.58787500 0.22866667 0.59350000 0.22416667 0.61925000 0.22716667 0.62412500 0.23666667 0.62437500 0.33933333 0.63087500 0.45100000 0.64312500 0.83566667 0.64050000 0.84650000
0 0.57250000 0.85083333 0.56175000 0.84983333 0.55562500 0.84200000 0.54537500 0.23633333 0.54812500 0.22066667 0.55625000 0.21883333 0.57825000 0.22083333 0.58512500 0.22733333 0.58912500 0.31300000 0.59487500 0.65933333 0.60187500 0.84566667 0.59600000 0.84983333
0 0.54175000 0.84650000 0.51750000 0.84583333 0.51362500 0.84166667 0.50712500 0.23233333 0.50762500 0.22500000 0.51275000 0.22250000 0.53775000 0.22383333 0.54312500 0.22866667 0.55412500 0.84066667 0.55225000 0.84550000
0 0.50650000 0.84650000 0.49212500 0.84233333 0.49162500 0.81166667 0.48662500 0.23966667 0.48812500 0.22066667 0.49775000 0.21816667 0.50612500 0.22333333 0.51162500 0.80566667 0.51162500 0.84266667
0 0.47950000 0.84383333 0.47637500 0.84200000 0.47587500 0.83233333 0.47587500 0.57633333 0.47112500 0.23633333 0.48325000 0.23116667 0.48662500 0.23333333 0.48737500 0.24566667 0.49312500 0.82766667 0.49250000 0.84216667
0 0.46625000 0.84883333 0.45900000 0.84750000 0.45737500 0.84266667 0.45362500 0.22300000 0.45750000 0.21883333 0.46850000 0.22016667 0.47112500 0.22700000 0.47487500 0.42333333 0.47637500 0.84233333 0.47425000 0.84683333
0 0.44825000 0.84950000 0.43762500 0.84700000 0.43637500 0.82833333 0.43437500 0.22366667 0.43925000 0.21750000 0.45175000 0.21950000 0.45337500 0.23633333 0.45662500 0.84600000
0 0.43175000 0.84783333 0.41900000 0.84616667 0.41737500 0.83066667 0.41487500 0.21700000 0.41900000 0.21283333 0.43175000 0.21516667 0.43362500 0.22766667 0.43662500 0.84333333
0 0.40725000 0.84616667 0.38850000 0.84583333 0.38412500 0.84200000 0.38737500 0.23400000 0.38875000 0.22650000 0.39575000 0.22450000 0.41312500 0.22733333 0.41537500 0.26166667 0.41462500 0.84233333
0 0.37325000 0.75316667 0.36100000 0.75316667 0.35775000 0.75016667 0.35375000 0.75216667 0.35337500 0.74966667 0.35462500 0.63866667 0.35837500 0.62833333 0.35562500 0.62333333 0.35837500 0.59933333 0.35487500 0.56166667 0.35762500 0.53366667 0.35587500 0.49800000 0.35662500 0.23633333 0.35737500 0.22566667 0.36375000 0.22383333 0.38100000 0.22450000 0.38387500 0.22866667 0.38487500 0.26533333 0.38237500 0.73433333 0.38112500 0.75100000
0 0.34075000 0.84350000 0.32225000 0.84316667 0.31737500 0.83433333 0.32462500 0.23900000 0.32587500 0.22633333 0.33150000 0.22416667 0.34675000 0.22450000 0.35412500 0.23066667 0.34837500 0.83333333 0.34637500 0.84200000
0 0.31450000 0.83683333 0.29125000 0.83483333 0.29037500 0.80733333 0.29437500 0.70133333 0.29487500 0.56433333 0.29837500 0.51066667 0.29912500 0.24366667 0.30200000 0.23583333 0.31675000 0.23383333 0.32312500 0.23633333 0.32337500 0.28466667
0 0.28750000 0.82350000 0.27175000 0.82350000 0.26987500 0.81900000 0.26987500 0.74400000 0.27587500 0.63633333 0.27537500 0.58033333 0.27937500 0.52933333 0.27912500 0.28200000 0.28387500 0.25633333 0.29550000 0.24683333 0.29812500 0.25133333 0.29887500 0.27933333 0.29787500 0.36600000 0.29037500 0.66600000 0.28987500 0.81866667
0 0.25700000 0.83016667 0.24762500 0.82633333 0.24587500 0.33966667 0.24687500 0.13866667 0.24800000 0.13083333 0.25575000 0.12916667 0.26412500 0.13766667 0.26937500 0.33666667 0.26712500 0.38466667 0.26887500 0.82333333 0.26750000 0.82783333
0 0.23275000 0.83216667 0.22525000 0.83050000 0.22437500 0.82700000 0.22487500 0.76333333 0.23787500 0.18966667 0.23912500 0.17033333 0.24450000 0.16350000 0.24737500 0.17100000 0.24912500 0.20500000 0.24562500 0.55666667 0.24762500 0.82266667 0.24450000 0.83050000
0 0.19575000 0.84183333 0.18487500 0.83833333 0.18487500 0.81833333 0.20387500 0.15433333 0.20512500 0.13333333 0.20950000 0.12783333 0.22212500 0.13166667 0.22412500 0.16700000 0.20637500 0.82866667 0.20525000 0.83883333
0 0.17425000 0.84283333 0.16250000 0.84183333 0.16037500 0.83500000 0.16862500 0.62000000 0.17312500 0.38166667 0.18387500 0.13033333 0.18600000 0.12583333 0.19725000 0.12483333 0.20237500 0.12700000 0.20362500 0.14766667 0.18437500 0.82433333 0.18312500 0.83900000
0 0.15175000 0.84416667 0.13775000 0.84216667 0.13637500 0.82800000 0.14487500 0.63200000 0.14612500 0.48666667 0.15587500 0.31166667 0.15962500 0.12866667 0.16200000 0.12216667 0.17150000 0.12150000 0.17675000 0.12316667 0.17862500 0.12900000 0.17787500 0.22166667 0.17437500 0.23666667 0.17637500 0.24466667 0.16312500 0.67500000 0.15887500 0.68966667 0.16262500 0.69333333 0.16312500 0.70900000 0.15987500 0.73700000 0.15862500 0.83433333 0.15712500 0.84200000
0 0.13125000 0.84416667 0.11550000 0.84216667 0.11487500 0.82766667 0.11837500 0.72466667 0.12262500 0.69133333 0.12687500 0.43966667 0.13412500 0.25600000 0.14012500 0.12733333 0.14675000 0.11950000 0.15862500 0.12700000 0.15587500 0.26400000 0.14562500 0.43966667 0.13487500 0.82633333
0 0.10025000 0.84750000 0.08500000 0.84583333 0.08362500 0.83633333 0.11212500 0.13800000 0.11387500 0.11133333 0.12325000 0.10983333 0.13025000 0.11150000 0.13412500 0.12300000 0.13387500 0.22166667 0.12012500 0.47833333 0.11362500 0.68266667 0.11062500 0.68966667 0.11537500 0.69366667 0.11637500 0.70566667 0.11187500 0.71333333 0.11012500 0.73133333 0.10687500 0.84200000
0 0.07625000 0.84616667 0.06375000 0.84616667 0.05987500 0.84200000 0.07512500 0.45500000 0.09112500 0.11466667 0.09625000 0.10783333 0.10750000 0.10750000 0.11162500 0.11133333 0.11137500 0.14033333 0.08937500 0.61933333 0.08462500 0.79433333 0.08187500 0.84200000
