0 0.05799387540695931 0.3201543441863966 0.09401223224260173 0.31301557075951253 0.1451193601850674 0.7530236056165499 0.11883569438608509 0.7530236056165499
0 0.0959591704499338 0.3013339415155204 0.1456060947369004 0.30198292091796436 0.193792815368368 0.758864420238546 0.14901323659973145 0.7640562554580981
0 0.15534078577356053 0.3233992411986166 0.20206730274952908 0.3195053647839526 0.2371121904815055 0.758215440836102 0.1957397535757 0.75951339964099
0 0.20985505557885722 0.32210128239372865 0.25804177621032476 0.31885638538150857 0.2877325838721381 0.756917482031214 0.24538667786266666 0.75951339964099
0 0.2677764672469849 0.3285910764181687 0.29016625663130313 0.3259951588083927 0.3295917553297767 0.753672585018994 0.3120693114637884 0.757566461433658
0 0.29698054035696525 0.3584441289305931 0.33153869353710863 0.3545502525159291 0.3651233776135861 0.753672585018994 0.3339723662962737 0.75626850262877
0 0.3378662427109378 0.35584821132081706 0.37339786499474714 0.3467624996866009 0.4021152035528946 0.758215440836102 0.36950398858008315 0.7627582966532099
0 0.37680500685757823 0.36428494355258917 0.41866417831521674 0.35065637610126493 0.443000905906867 0.7614603378483221 0.40795601817489063 0.766652173067874
0 0.4206111165225488 0.3603910671379251 0.45516926970269217 0.355199231918373 0.4814529355016745 0.7478317703969979 0.4449478441141991 0.7543215644214378
0 0.4614968188765213 0.3259951588083927 0.49362129929749965 0.32145230299128463 0.5155243541299849 0.758215440836102 0.48583354646817156 0.7621093172507661
0 0.5038427248859928 0.2870563946617522 0.5491090382064624 0.28251353884464414 0.5622508711059534 0.755619523226326 0.519904965096482 0.7614603378483221
0 0.5530029146211264 0.3370278086499408 0.5680916857279495 0.3370278086499408 0.5797733149719417 0.7445868733847778 0.5637110747614525 0.7478317703969979
0 0.5753927040054446 0.32145230299128463 0.608003918978256 0.3201543441863966 0.613844733600252 0.7484807497994419 0.5836671913866057 0.7517256468116619
0 0.608977388081922 0.30782373553996045 0.6415886030547335 0.30522781793018444 0.6445090103657316 0.7426399351774458 0.6191988136704152 0.7452358527872219
0 0.6435355412620655 0.30522781793018444 0.6766334907867099 0.30198292091796436 0.6737130834757119 0.7387460587627818 0.6464559485730635 0.7374480999578938
0 0.680040632649541 0.29873802390574433 0.7121651130705194 0.29744006510085635 0.7019436874820262 0.7387460587627818 0.6766334907867099 0.7361501411530057
0 0.7150855203815174 0.3227502617961726 0.7389355134213347 0.31561148836928854 0.7282273532810085 0.7367991205554497 0.7048640947930243 0.7400440175676698
0 0.7944232523302974 0.22735028963690346 0.8241140599921107 0.22540335142957144 0.7997773324004605 0.7452358527872219 0.769599790186814 0.7471827909945539
0 0.8246007945439437 0.30912169434484843 0.843096707513598 0.3065257767350724 0.8216803872329457 0.7413419763725578 0.8051314124706235 0.7419909557750017
0 0.844556911169097 0.3026319003204084 0.8864160826267354 0.29873802390574433 0.8591589477240873 0.7322562647383417 0.8260609981994428 0.7348521823481177
0 0.8883630208340675 0.3110686325521805 0.9190272975995468 0.30782373553996045 0.8864160826267354 0.7283623883236776 0.8620793550350851 0.7309583059334537
0 0.9234079085660439 0.3285910764181687 0.9389834142247001 0.32664413821083665 0.9039385264927237 0.7218725942992374 0.8903099590413995 0.7257664707139015
0 0.9453109633985293 0.30522781793018444 0.9876568694080007 0.30198292091796436 0.9511517780205253 0.7277134089212336 0.9117262793220519 0.7316072853358977
0 0.7461691962803713 0.3058090238892453 0.7796718316718423 0.30174809838724886 0.7639357453516059 0.7430353362708672 0.7344940354621312 0.7423585153538678
