0 0.09748083242059145 0.21668492150419863 0.17853231106243156 0.21960569550930994 0.17305585980284774 0.7774735304855787 0.08981380065717415 0.7833150784958014
0 0.17853231106243156 0.21814530850675426 0.2606790799561884 0.2298284045271997 0.25301204819277107 0.7701715954728003 0.176341730558598 0.7760131434830229
0 0.25958378970427165 0.22836801752464403 0.3373493975903614 0.23713033953997809 0.3351588170865279 0.7657904344651332 0.25301204819277107 0.7730923694779117
0 0.33953997809419495 0.2415115005476451 0.4030668127053669 0.23713033953997809 0.40416210295728366 0.7599488864549105 0.3384446878422782 0.7701715954728003
0 0.40416210295728366 0.24005111354508946 0.4764512595837897 0.24005111354508946 0.47754654983570644 0.7570281124497992 0.4030668127053669 0.7628696604600218
0 0.4808324205914567 0.2429718875502008 0.5377875136911281 0.2429718875502008 0.5553121577217962 0.7526469514421321 0.4786418400876232 0.7511865644395764
0 0.5366922234392114 0.24443227455275648 0.6035049288061336 0.24589266155531217 0.6144578313253012 0.7497261774370209 0.5509309967141293 0.7541073384446878
0 0.6056955093099671 0.2473530485578678 0.660460021905805 0.2561153705732019 0.6746987951807228 0.7482657904344651 0.6188389923329682 0.7497261774370209
0 0.6615553121577218 0.2488134355604235 0.723986856516977 0.2473530485578678 0.7502738225629791 0.7438846294267981 0.6736035049288062 0.7468054034319095
0 0.723986856516977 0.2619569185834246 0.773274917853231 0.2561153705732019 0.8083242059145673 0.7322015334063526 0.7524644030668127 0.739503468419131
0 0.7995618838992333 0.2473530485578678 0.864184008762322 0.24005111354508946 0.8882803943044907 0.735122307411464 0.8247535596933188 0.7424242424242423
