0 0.94125000 0.89683333 0.92225000 0.89583333 0.91537500 0.89100000 0.91337500 0.88166667 0.91612500 0.75966667 0.92137500 0.71266667 0.93812500 0.39200000 0.93975000 0.38683333 0.94400000 0.38583333 0.98675000 0.38550000 0.98887500 0.39000000 0.98037500 0.49600000 0.97887500 0.56900000 0.97237500 0.63633333 0.96737500 0.72866667 0.96037500 0.77433333 0.95662500 0.86066667 0.95912500 0.88333333 0.95725000 0.89316667
0 0.89525000 0.89016667 0.87700000 0.88983333 0.87112500 0.87833333 0.87512500 0.72833333 0.88862500 0.41600000 0.89212500 0.39300000 0.89650000 0.38783333 0.90050000 0.38483333 0.92775000 0.38516667 0.93462500 0.38900000 0.93587500 0.39933333 0.93087500 0.43366667 0.92862500 0.54933333 0.92087500 0.70566667 0.91387500 0.77033333 0.91312500 0.87366667 0.91100000 0.88516667
0 0.84925000 0.88983333 0.83350000 0.88950000 0.83087500 0.88133333 0.84162500 0.52133333 0.84862500 0.51800000 0.84637500 0.51366667 0.84687500 0.50600000 0.85012500 0.49500000 0.84987500 0.46833333 0.84537500 0.46700000 0.84562500 0.40733333 0.84975000 0.39716667 0.85450000 0.39716667 0.86475000 0.39016667 0.88100000 0.38783333 0.88587500 0.39133333 0.88662500 0.40066667 0.88237500 0.46266667 0.87737500 0.64666667 0.87387500 0.64800000 0.87512500 0.64266667 0.87325000 0.64083333 0.87312500 0.64933333 0.87637500 0.65833333 0.87287500 0.72166667 0.86862500 0.73600000 0.86887500 0.88100000 0.86575000 0.88583333
0 0.07208333 0.89555556 0.10208333 0.90111111 0.00708333 0.30777778 0.00000000 0.30414530 0.00208333 0.48444444
0 0.80750000 0.89050000 0.79500000 0.88916667 0.79287500 0.87533333 0.79862500 0.52900000 0.80312500 0.40800000 0.80662500 0.36600000 0.81050000 0.36216667 0.83400000 0.36083333 0.84212500 0.36633333 0.84312500 0.39266667 0.83637500 0.56033333 0.83087500 0.84266667 0.82787500 0.88533333 0.82300000 0.88916667
0 0.77025000 0.89316667 0.75975000 0.89216667 0.75437500 0.88333333 0.75912500 0.61666667 0.75837500 0.44966667 0.76162500 0.36933333 0.76375000 0.36050000 0.79350000 0.35950000 0.79937500 0.36166667 0.80062500 0.37500000 0.79287500 0.63066667 0.79437500 0.68466667 0.79112500 0.87966667 0.79037500 0.88500000 0.78625000 0.88916667
0 0.73175000 0.89183333 0.71700000 0.88950000 0.71387500 0.87333333 0.71612500 0.37700000 0.71812500 0.36733333 0.72375000 0.36216667 0.75225000 0.35950000 0.75687500 0.36533333 0.75312500 0.87466667 0.74950000 0.88883333
0 0.69400000 0.88983333 0.68150000 0.88983333 0.67587500 0.88466667 0.67362500 0.86233333 0.67137500 0.44866667 0.67312500 0.36533333 0.67750000 0.36150000 0.69775000 0.36016667 0.71062500 0.36533333 0.71287500 0.39466667 0.71037500 0.53700000 0.71212500 0.87400000 0.71000000 0.88516667
0 0.64800000 0.88816667 0.64062500 0.88100000 0.63612500 0.83166667 0.62812500 0.37233333 0.63150000 0.36116667 0.65750000 0.35950000 0.66550000 0.36316667 0.66837500 0.36900000 0.66837500 0.52000000 0.66637500 0.55433333 0.67012500 0.66966667 0.67187500 0.87700000 0.66525000 0.88483333
0 0.61175000 0.89350000 0.60100000 0.89283333 0.59737500 0.88866667 0.59187500 0.58966667 0.58662500 0.53000000 0.58537500 0.37233333 0.58637500 0.36600000 0.59100000 0.36250000 0.61650000 0.36083333 0.62450000 0.36283333 0.62762500 0.36900000 0.62787500 0.60700000 0.63587500 0.85800000 0.63387500 0.88866667
0 0.57350000 0.89450000 0.56075000 0.89150000 0.55787500 0.88133333 0.55862500 0.85033333 0.55537500 0.82433333 0.55212500 0.69766667 0.54887500 0.67166667 0.54937500 0.63800000 0.53887500 0.39500000 0.54087500 0.36400000 0.56025000 0.36016667 0.57625000 0.36183333 0.58062500 0.36866667 0.58437500 0.52533333 0.58262500 0.53400000 0.59462500 0.83966667 0.59437500 0.88900000 0.59125000 0.89216667
0 0.52950000 0.89516667 0.51975000 0.89283333 0.51637500 0.88166667 0.50437500 0.58800000 0.49387500 0.41633333 0.49387500 0.36766667 0.51275000 0.36083333 0.52975000 0.36183333 0.53337500 0.36533333 0.53537500 0.37600000 0.54037500 0.52800000 0.53862500 0.53666667 0.54012500 0.60366667 0.54562500 0.66300000 0.54762500 0.74133333 0.55587500 0.86866667 0.55512500 0.88600000 0.55275000 0.89083333
0 0.50600000 0.90516667 0.49050000 0.90283333 0.48737500 0.89633333 0.48062500 0.75533333 0.47137500 0.64333333 0.45637500 0.31700000 0.46050000 0.30650000 0.47325000 0.30250000 0.48525000 0.30450000 0.48837500 0.31800000 0.51312500 0.86300000 0.51712500 0.89233333 0.51450000 0.90216667
0 0.46750000 0.89316667 0.45900000 0.89183333 0.45562500 0.88066667 0.43812500 0.60366667 0.43162500 0.54533333 0.42112500 0.33133333 0.42212500 0.31900000 0.42775000 0.31583333 0.44525000 0.31483333 0.45187500 0.32400000 0.45762500 0.42433333 0.46362500 0.47800000 0.46412500 0.53833333 0.46912500 0.57900000 0.47212500 0.68233333 0.47537500 0.70433333 0.48462500 0.87966667 0.48300000 0.88916667
0 0.43975000 0.89116667 0.43175000 0.89083333 0.42762500 0.88400000 0.41562500 0.74933333 0.40887500 0.63466667 0.38287500 0.33233333 0.38237500 0.31300000 0.39300000 0.30616667 0.41225000 0.30683333 0.41337500 0.31433333 0.45362500 0.87266667 0.45312500 0.88500000
0 0.41700000 0.89083333 0.40000000 0.88983333 0.39562500 0.87600000 0.38287500 0.70866667 0.37737500 0.67400000 0.37487500 0.61466667 0.36887500 0.57766667 0.36737500 0.54133333 0.36137500 0.50166667 0.35662500 0.42700000 0.34587500 0.33000000 0.34512500 0.31066667 0.35150000 0.30683333 0.37537500 0.30700000 0.37937500 0.37400000 0.39037500 0.47033333 0.39437500 0.55333333 0.40487500 0.64166667 0.41012500 0.74033333 0.42037500 0.82966667 0.42362500 0.88533333
0 0.37875000 0.89150000 0.36762500 0.88833333 0.36062500 0.83466667 0.34537500 0.64433333 0.33662500 0.57666667 0.31262500 0.31633333 0.31425000 0.30616667 0.34287500 0.30700000 0.39012500 0.82900000 0.39137500 0.88066667 0.38750000 0.88883333
0 0.27708333 0.30666667 0.30791667 0.30444444 0.36458333 0.89888889 0.33625000 0.89888889
0 0.24541667 0.31111111 0.27791667 0.31000000 0.33625000 0.89777778 0.30875000 0.89777778
0 0.24041667 0.30111111 0.21291667 0.30111111 0.27958333 0.89666667 0.30541667 0.89888889
0 0.21375000 0.30222222 0.18375000 0.30666667 0.25125000 0.89222222 0.27708333 0.89000000
0 0.18208333 0.30222222 0.14791667 0.30222222 0.22125000 0.89333333 0.24958333 0.88888889 0.18291667 0.29111111
0 0.11458333 0.30111111 0.13958333 0.30333333 0.21875000 0.89000000 0.19208333 0.89777778
0 0.07208333 0.30555556 0.10875000 0.30222222 0.18708333 0.90000000 0.16291667 0.90222222
0 0.03541667 0.30555556 0.07125000 0.30333333 0.16041667 0.90000000 0.12958333 0.90444444
0 0.01041667 0.30444444 0.03375000 0.30555556 0.12791667 0.90222222 0.10291667 0.89888889
