0 0.14025000 0.79416667 0.11075000 0.79283333 0.10237500 0.78033333 0.07212500 0.67866667 0.01087500 0.44033333 0.00012500 0.41266667 0.00025000 0.16616667 0.01025000 0.16483333 0.02737500 0.17400000 0.02637500 0.18166667 0.02037500 0.18566667 0.02787500 0.19000000 0.03037500 0.20133333 0.01737500 0.20533333 0.02912500 0.20900000 0.04062500 0.25133333 0.04912500 0.26766667 0.04362500 0.28500000 0.04900000 0.29083333 0.05312500 0.29033333 0.05287500 0.29700000 0.04987500 0.29900000 0.05362500 0.30300000 0.05137500 0.31233333 0.05587500 0.32633333 0.05162500 0.33033333 0.05462500 0.33366667 0.08062500 0.43233333 0.15612500 0.76366667 0.15837500 0.77900000 0.15637500 0.78700000
0 0.05958333 0.33888889 0.09791667 0.33888889 0.19041667 0.78333333 0.15958333 0.78888889
0 0.12208333 0.31555556 0.16708333 0.31555556 0.22875000 0.75222222 0.20125000 0.75111111
0 0.14041667 0.15888889 0.16791667 0.16000000 0.25291667 0.78777778 0.23125000 0.78888889
0 0.18125000 0.24666667 0.23625000 0.24666667 0.30041667 0.78222222 0.26041667 0.78000000
0 0.23875000 0.24888889 0.29625000 0.25000000 0.34791667 0.76666667 0.30541667 0.77111111
0 0.30708333 0.31444444 0.35875000 0.31444444 0.38875000 0.76555556 0.35291667 0.76333333
0 0.36125000 0.34333333 0.38458333 0.34333333 0.40708333 0.77444444 0.38958333 0.77666667
0 0.37875000 0.28555556 0.43541667 0.29000000 0.45291667 0.78000000 0.40875000 0.78111111
0 0.43791667 0.30111111 0.51375000 0.30000000 0.51125000 0.77666667 0.45291667 0.78333333
0 0.51708333 0.29888889 0.58291667 0.30000000 0.55958333 0.78555556 0.51125000 0.78666667
0 0.58708333 0.29111111 0.63041667 0.29111111 0.59958333 0.79000000 0.56125000 0.79666667
0 0.63041667 0.28000000 0.66708333 0.28111111 0.63041667 0.78333333 0.59875000 0.78777778
0 0.66958333 0.29666667 0.75458333 0.30000000 0.69208333 0.79111111 0.63125000 0.78777778
0 0.75541667 0.29333333 0.80041667 0.29444444 0.72708333 0.79444444 0.69541667 0.79666667
0 0.79958333 0.29777778 0.83125000 0.29666667 0.75541667 0.79444444 0.73125000 0.79333333
0 0.83458333 0.30777778 0.88375000 0.30666667 0.77958333 0.79888889 0.75958333 0.79888889
