0 0.0 0.13516746411483255 0.04650119617224889 0.13516746411483255 0.06892942583732058 0.7930622009569377 0.015101674641148333 0.7954545454545455 0.0 0.35167464114832536
0 0.055151432589999314 0.22870776242118526 0.1033161813869018 0.22406537699497778 0.11898423220035201 0.7981737080359681 0.07778306154276074 0.7966262462272323
0 0.11724333766552425 0.2318026860386569 0.19094120630656772 0.23025522422992112 0.18862001359346403 0.8105534025058546 0.12942959940931886 0.8035898243665434
0 0.19848508262415493 0.25501461316969426 0.25013162049071297 0.2534671513609584 0.2524528132038167 0.8291229442106843 0.20486836258519017 0.8229330969757411
0 0.2599966895214038 0.28441638753567483 0.2774056348696818 0.28364265663130694 0.2849495111872689 0.8237068278801091 0.27044205673037064 0.8237068278801091
0 0.2826283184741652 0.27667907849199574 0.3081614383183063 0.2774528093963637 0.30642054378347855 0.8345390605412598 0.28727070390037274 0.832217867828156
0 0.30758114014003035 0.2318026860386569 0.4201589867255615 0.23025522422992112 0.40477854727439727 0.8715337743631548 0.30508133838692436 0.8594492641949765
0 0.4265306655771187 0.23669417352817573 0.5407292866664059 0.23427727149454003 0.5183729428552756 0.8828126505201215 0.41746728295098484 0.8658943362846715
0 0.5413335121748148 0.3986266097817681 0.5733574641204877 0.3978209757705563 0.5594602774270826 0.8844239185425454 0.5292490020066363 0.8812013824976976
0 0.5779417067346405 0.20669046589398038 0.6020890506372473 0.20479655656828571 0.585754082703131 0.8979673697725248 0.5679986827747436 0.8960734604468301
0 0.6045739283346147 0.3548084879811792 0.6623056273232343 0.3533696917447027 0.6482773640175883 0.8957958728963432 0.5932434079723622 0.8871630954774843
0 0.6763338906288802 0.405885754376095 0.7837040597759389 0.4066051524943332 0.7632012134061488 0.9188166126799673 0.6623056273232343 0.9073062427881553
0 0.7955741287268701 0.41236033744023926 0.9083397837607158 0.41451853179495396 0.8770459656173518 0.9533477223554032 0.7783085738891521 0.9274493900988262
