0 0.06125000 0.88483333 0.05025000 0.88183333 0.04837500 0.86766667 0.03837500 0.20333333 0.04125000 0.18150000 0.07300000 0.17783333 0.08762500 0.18200000 0.08887500 0.20066667 0.10062500 0.87700000 0.09600000 0.88250000
0 0.14000000 0.88883333 0.10775000 0.88616667 0.10187500 0.87633333 0.09037500 0.19333333 0.09187500 0.18366667 0.09850000 0.17783333 0.12075000 0.17483333 0.13450000 0.17516667 0.14012500 0.18166667 0.14287500 0.23333333 0.15262500 0.75000000 0.14987500 0.78733333 0.15387500 0.87433333 0.15200000 0.88550000
0 0.20125000 0.89183333 0.16200000 0.89016667 0.15712500 0.88133333 0.14637500 0.19233333 0.14662500 0.18533333 0.15125000 0.18150000 0.19350000 0.17916667 0.19762500 0.19233333 0.20287500 0.34166667 0.20987500 0.87300000 0.20862500 0.88866667
0 0.24375000 0.89416667 0.21850000 0.89350000 0.21362500 0.88866667 0.20637500 0.19833333 0.20875000 0.18150000 0.24575000 0.17816667 0.25912500 0.18200000 0.26162500 0.20833333 0.26862500 0.88866667 0.26425000 0.89316667
0 0.31950000 0.89783333 0.27550000 0.89583333 0.27112500 0.88433333 0.26437500 0.18800000 0.26725000 0.17983333 0.28250000 0.17750000 0.31425000 0.17716667 0.31712500 0.18900000 0.32487500 0.84433333 0.32487500 0.89033333
0 0.37025000 0.90216667 0.33075000 0.90083333 0.32737500 0.89633333 0.32412500 0.18100000 0.32625000 0.17283333 0.34900000 0.17016667 0.37725000 0.17316667 0.37837500 0.17733333 0.38312500 0.89666667
0 0.42725000 0.90250000 0.39400000 0.90250000 0.38812500 0.89833333 0.38362500 0.17766667 0.39200000 0.17250000 0.43225000 0.17283333 0.43662500 0.17800000 0.44037500 0.89000000 0.43800000 0.90083333
0 0.46475000 0.90916667 0.44400000 0.90716667 0.44162500 0.90266667 0.43937500 0.17800000 0.44325000 0.17283333 0.48275000 0.17016667 0.49062500 0.17400000 0.49187500 0.19333333 0.50037500 0.89300000 0.49850000 0.90616667
0 0.55675000 0.91383333 0.51500000 0.91250000 0.50600000 0.91050000 0.50412500 0.90433333 0.49687500 0.17800000 0.50475000 0.17250000 0.54625000 0.17083333 0.55212500 0.17833333 0.56237500 0.90166667 0.56137500 0.91166667
0 0.60875000 0.91350000 0.56875000 0.91216667 0.56437500 0.90200000 0.55537500 0.23300000 0.55587500 0.17766667 0.56025000 0.17383333 0.60750000 0.17283333 0.61162500 0.18466667 0.62187500 0.90700000 0.61950000 0.91283333
0 0.67575000 0.91350000 0.63100000 0.91016667 0.62587500 0.90766667 0.62462500 0.90133333 0.61412500 0.20000000 0.61462500 0.18166667 0.62875000 0.17783333 0.66250000 0.17616667 0.66812500 0.18233333 0.68062500 0.90666667
0 0.74025000 0.91550000 0.69025000 0.91250000 0.68462500 0.90366667 0.67212500 0.18566667 0.67525000 0.17383333 0.69650000 0.16983333 0.72475000 0.16950000 0.72937500 0.19100000 0.74362500 0.91166667
0 0.80600000 0.92616667 0.75325000 0.92050000 0.74612500 0.91300000 0.73212500 0.18033333 0.73600000 0.17250000 0.77125000 0.16583333 0.78700000 0.16616667 0.79287500 0.17266667 0.80687500 0.81800000 0.80462500 0.82233333 0.80762500 0.82833333 0.80987500 0.90733333 0.80937500 0.92366667
0 0.86800000 0.93416667 0.81925000 0.92883333 0.81287500 0.92033333 0.79587500 0.17333333 0.80125000 0.16616667 0.84625000 0.15850000 0.85350000 0.15916667 0.85762500 0.16633333 0.86187500 0.26400000 0.87862500 0.91500000 0.87787500 0.93200000
0 0.92225000 0.93516667 0.89650000 0.93416667 0.88500000 0.92816667 0.88037500 0.88666667 0.86512500 0.20533333 0.86850000 0.18516667 0.89675000 0.18150000 0.91275000 0.18150000 0.91637500 0.19700000 0.93837500 0.92333333 0.93650000 0.93316667
0 0.99500000 0.93616667 0.94725000 0.93216667 0.94037500 0.92466667 0.91937500 0.19500000 0.92187500 0.18233333 0.92825000 0.17750000 0.96550000 0.17616667 0.97512500 0.18100000 0.99237500 0.77566667 0.99975000 0.89133333 0.99975000 0.93466667
