0 0.004761726020119698 0.2113805654237808 0.0738172092349558 0.7336489258721209 0.03899931853839976 0.7398387731070641 0.0 0.4651643020564557
0 0.008243515089775286 0.21215429632814872 0.05002498392564249 0.2113805654237808 0.11269718717944327 0.7351963876808568 0.0778792964828873 0.7413862349158
0 0.054087071173574044 0.21292802723251664 0.09470794365288937 0.21292802723251664 0.15099686694565495 0.7344226567764889 0.11501837989254703 0.7344226567764889
0 0.09935032907909684 0.21524921994562035 0.1376500088453084 0.21370175813688455 0.1881359503553147 0.7282328095415456 0.15505895419358645 0.7336489258721209
0 0.14113179791496405 0.21834414356309204 0.17885117950289975 0.21757041265872412 0.22411443740842255 0.7266853477328097 0.19161773942497026 0.7305540022546493
0 0.18349356492910715 0.22298652898929947 0.2206326483387669 0.21911787446745992 0.26009292446153043 0.7251378859240738 0.2270159282998022 0.7290065404459134
0 0.22411443740842255 0.21911787446745992 0.2583520299267026 0.21989160537182784 0.2937502188015345 0.7220429623066021 0.26241411717463414 0.7259116168284417
0 0.26067322263980636 0.21834414356309204 0.2960714115146383 0.21757041265872412 0.3262469167849868 0.7266853477328097 0.29723200787119014 0.724364155019706
0 0.298972902406018 0.21989160537182784 0.3343710912808499 0.21834414356309204 0.36280570201637063 0.7251378859240738 0.3291484076763665 0.7266853477328097
0 0.33716666843714843 0.22135445207660515 0.3743125865054738 0.2206940801998349 0.39560957953131365 0.7238974502987495 0.36539756616907565 0.7258785659290602
0 0.3787700966736728 0.22135445207660515 0.4154207358344206 0.22135445207660515 0.4292885452465954 0.7238974502987495 0.3970954162540467 0.7271993096826007
0 0.4183924092798866 0.22135445207660515 0.4490997015497022 0.2226751958301456 0.46296751096187705 0.719274847161358 0.43226021869206144 0.722576706545209
0 0.4525666539027459 0.2206940801998349 0.4867408985256053 0.2206940801998349 0.496151197769581 0.7172937315310471 0.46544390549976544 0.7172937315310471
0 0.49020785087864904 0.2206940801998349 0.5199245853333093 0.22135445207660515 0.5288396056697074 0.7139918721471962 0.4996181501226248 0.719274847161358
0 0.5233915376863532 0.25239193028480594 0.5441932518046153 0.2504108146544952 0.5511271565107027 0.710690012763345 0.5318112791151736 0.7133315002704259
0 0.5466696463425037 0.25239193028480594 0.5674713604607659 0.25371267403834635 0.5704430339062319 0.7113503846401152 0.5526129932334357 0.7146522440239663
0 0.5724241495365426 0.2543730459151166 0.5907494691169164 0.25305230216157615 0.5932258636548048 0.7093692690098045 0.5749005440744309 0.7100296408865747
0 0.5961975371002709 0.2556937896686571 0.6125417410503341 0.2556937896686571 0.6155134144958 0.7133315002704259 0.5966928160078485 0.7146522440239663
0 0.6185082132120737 0.2539806424243765 0.6380261247948156 0.25207645592849925 0.637074031546877 0.7128895879307929 0.6208884463319204 0.7128895879307929
0 0.6408824045386314 0.2533459135924174 0.6599242694974039 0.25207645592849925 0.6565919431296187 0.7103506726029565 0.6399303112906928 0.7122548590988339
0 0.664684735737097 0.25969320191200823 0.7137175380059362 0.2571542865841719 0.7022924190306726 0.7052728419472839 0.6599242694974039 0.7033686554514067
0 0.730379169844862 0.2362082351295222 0.8151154689113995 0.23049567564189044 0.7875047647211794 0.7160632320905884 0.7113373048860896 0.7128895879307929
0 0.8203519817750619 0.23557350629756313 0.8741452502835941 0.23049567564189044 0.8384417534858958 0.7160632320905884 0.7922652309608725 0.7179674185864655
0 0.8774775766513793 0.23113040447384955 0.9307947985359422 0.22986094680993138 0.8874745557547349 0.7116201302668748 0.8422501264776503 0.713524316762752
0 0.9393636377673898 0.23113040447384955 0.9969652792676764 0.23113040447384955 0.9455522438789908 0.713524316762752 0.8979475814820597 0.7116201302668748
0 1.0 0.23049567564189044 1.0 0.5154889211915183 0.9788755075568426 0.7084464861070794 0.948884570246776 0.7078117572751202
