0 0.98725000 0.84583333 0.97337500 0.84233333 0.97212500 0.29500000 0.97287500 0.22400000 0.97575000 0.22016667 0.99112500 0.22100000 0.99437500 0.24866667 0.99487500 0.84066667
0 0.90600000 0.85383333 0.86900000 0.85116667 0.86487500 0.84066667 0.86687500 0.77200000 0.86637500 0.37366667 0.86687500 0.33366667 0.86925000 0.32116667 0.92850000 0.32116667 0.93450000 0.32250000 0.93687500 0.32800000 0.93362500 0.84300000 0.92725000 0.84983333
0 0.85100000 0.85450000 0.84037500 0.85266667 0.83912500 0.82733333 0.83862500 0.47066667 0.83537500 0.30666667 0.83750000 0.30250000 0.84500000 0.30016667 0.86225000 0.30216667 0.86437500 0.32233333 0.86387500 0.84600000 0.86150000 0.85350000
0 0.83425000 0.85416667 0.81475000 0.85116667 0.81162500 0.84200000 0.81162500 0.52466667 0.80862500 0.31066667 0.82825000 0.30583333 0.83287500 0.30766667 0.83437500 0.31466667 0.83587500 0.41933333 0.83912500 0.85000000
0 0.80225000 0.85050000 0.79125000 0.84983333 0.78537500 0.84566667 0.78287500 0.81933333 0.78437500 0.77133333 0.78037500 0.31066667 0.78275000 0.30650000 0.79425000 0.30483333 0.80300000 0.30483333 0.80762500 0.31066667 0.81162500 0.84333333 0.80825000 0.84983333
0 0.78000000 0.84783333 0.76450000 0.84683333 0.75787500 0.84166667 0.75537500 0.74766667 0.75262500 0.31833333 0.75600000 0.31150000 0.77425000 0.30950000 0.77887500 0.31333333 0.77937500 0.34133333 0.78312500 0.83300000 0.78287500 0.84466667
0 0.75225000 0.84283333 0.73450000 0.84216667 0.73162500 0.83500000 0.73087500 0.60200000 0.72637500 0.31800000 0.72837500 0.30766667 0.73525000 0.30583333 0.74825000 0.30683333 0.75087500 0.31333333 0.75262500 0.63233333 0.75637500 0.82366667 0.75562500 0.83833333
0 0.72850000 0.84216667 0.70900000 0.83850000 0.70662500 0.83066667 0.70112500 0.31566667 0.70450000 0.30983333 0.72200000 0.30950000 0.72512500 0.31466667 0.73162500 0.80566667 0.73137500 0.83833333
0 0.70150000 0.83983333 0.68550000 0.83883333 0.68012500 0.82633333 0.67337500 0.37633333 0.67387500 0.31100000 0.68225000 0.30650000 0.69400000 0.30683333 0.70012500 0.31066667 0.70612500 0.82433333 0.70562500 0.83733333
0 0.66250000 0.83550000 0.66037500 0.83033333 0.65737500 0.67566667 0.65687500 0.48100000 0.65262500 0.37066667 0.65425000 0.31216667 0.66800000 0.31250000 0.67112500 0.31766667 0.67387500 0.62433333 0.67937500 0.79866667 0.67837500 0.83233333
0 0.65125000 0.84116667 0.63925000 0.83950000 0.63562500 0.83400000 0.63162500 0.77566667 0.63262500 0.65366667 0.62837500 0.31066667 0.63525000 0.30616667 0.64900000 0.30683333 0.65212500 0.31333333 0.66062500 0.83466667 0.65825000 0.84050000
0 0.62425000 0.82683333 0.61300000 0.82650000 0.60987500 0.82233333 0.60662500 0.74766667 0.60562500 0.52533333 0.59862500 0.31400000 0.59975000 0.31016667 0.61375000 0.30783333 0.62725000 0.30883333 0.62987500 0.31466667 0.62837500 0.81566667 0.62737500 0.82466667
0 0.59400000 0.83583333 0.58987500 0.83100000 0.58862500 0.79900000 0.58487500 0.56033333 0.57737500 0.32300000 0.57875000 0.31016667 0.59150000 0.30916667 0.59537500 0.31400000 0.59637500 0.33366667 0.60537500 0.73366667 0.61037500 0.82233333 0.60800000 0.83383333
0 0.58425000 0.84083333 0.56687500 0.83800000 0.56387500 0.79666667 0.55212500 0.33433333 0.55237500 0.30666667 0.55875000 0.30216667 0.57200000 0.30316667 0.57737500 0.31066667 0.59012500 0.83300000 0.58987500 0.83800000
0 0.55325000 0.84083333 0.54450000 0.84016667 0.54037500 0.83433333 0.53912500 0.80233333 0.52812500 0.31966667 0.52887500 0.30700000 0.53700000 0.30483333 0.54975000 0.30616667 0.55112500 0.31433333 0.55462500 0.50266667 0.56512500 0.83033333 0.56375000 0.83883333
0 0.53100000 0.83950000 0.51975000 0.83850000 0.51662500 0.82766667 0.50537500 0.36233333 0.50600000 0.30616667 0.52450000 0.30683333 0.52762500 0.31633333 0.54037500 0.82966667 0.53850000 0.83816667
0 0.50900000 0.83883333 0.49675000 0.83850000 0.49212500 0.83400000 0.47987500 0.31100000 0.48062500 0.30333333 0.48475000 0.30150000 0.50125000 0.30250000 0.50362500 0.30700000 0.51662500 0.82400000 0.51587500 0.83633333
0 0.48350000 0.83683333 0.47025000 0.83616667 0.46762500 0.82666667 0.45712500 0.36666667 0.45637500 0.30633333 0.45925000 0.30250000 0.47600000 0.30450000 0.47862500 0.32566667 0.48412500 0.60433333 0.49137500 0.82266667 0.49112500 0.83433333
0 0.45625000 0.83683333 0.44325000 0.83450000 0.44187500 0.82433333 0.43087500 0.31100000 0.43087500 0.30233333 0.43450000 0.29850000 0.45125000 0.30016667 0.45462500 0.30300000 0.45562500 0.31000000 0.46787500 0.82633333 0.46700000 0.83450000
0 0.43575000 0.83550000 0.42000000 0.83450000 0.41862500 0.82700000 0.40737500 0.33700000 0.40737500 0.30566667 0.41175000 0.30116667 0.42600000 0.30116667 0.42887500 0.30600000 0.44137500 0.80966667 0.44137500 0.83100000 0.43975000 0.83483333
0 0.40325000 0.83516667 0.39050000 0.83183333 0.38762500 0.82466667 0.38712500 0.67400000 0.38462500 0.64033333 0.37962500 0.33833333 0.37637500 0.32666667 0.37762500 0.30300000 0.39425000 0.29883333 0.40425000 0.29950000 0.40587500 0.30600000 0.41787500 0.78833333 0.41812500 0.83033333 0.41325000 0.83450000
0 0.37575000 0.83050000 0.36337500 0.82633333 0.36037500 0.79600000 0.35112500 0.32733333 0.35237500 0.30700000 0.35875000 0.30283333 0.37275000 0.30316667 0.37587500 0.30666667 0.37812500 0.36000000 0.38662500 0.79966667 0.38362500 0.82366667
0 0.34325000 0.83083333 0.33350000 0.82850000 0.33037500 0.82066667 0.32837500 0.58366667 0.32237500 0.37966667 0.32237500 0.31033333 0.32400000 0.30250000 0.32925000 0.30116667 0.34650000 0.30183333 0.35037500 0.30666667 0.35662500 0.72600000 0.36112500 0.82300000 0.35750000 0.82816667
0 0.31500000 0.82850000 0.30875000 0.82683333 0.30462500 0.81900000 0.30212500 0.76033333 0.29562500 0.32000000 0.29787500 0.30333333 0.30225000 0.30116667 0.31900000 0.30183333 0.32237500 0.30566667 0.32237500 0.35000000 0.31987500 0.36200000 0.32312500 0.37600000 0.32512500 0.42800000 0.33037500 0.80866667 0.32725000 0.82316667
0 0.93902439 0.21788618 0.95792683 0.21788618 0.95670732 0.85040650 0.93658537 0.85203252
0 0.95670732 0.21707317 0.97195122 0.21707317 0.97500000 0.84552846 0.95792683 0.84796748
0 0.29175000 0.82650000 0.28250000 0.82650000 0.27637500 0.82200000 0.27312500 0.79433333 0.27337500 0.52533333 0.27137500 0.51800000 0.26687500 0.31900000 0.26787500 0.30300000 0.27175000 0.29750000 0.29150000 0.30883333 0.29437500 0.31833333 0.30062500 0.75700000 0.30387500 0.81100000 0.30275000 0.81983333
0 0.24975000 0.82750000 0.24025000 0.82750000 0.23837500 0.82266667 0.23537500 0.56633333 0.23712500 0.45533333 0.23237500 0.32066667 0.23262500 0.29966667 0.23625000 0.29650000 0.26250000 0.29816667 0.26512500 0.30200000 0.27312500 0.81166667 0.27150000 0.82250000
0 0.20575000 0.82750000 0.20237500 0.82033333 0.20012500 0.58533333 0.20187500 0.52100000 0.19637500 0.31133333 0.19662500 0.29500000 0.20250000 0.29250000 0.22825000 0.29450000 0.23012500 0.29900000 0.23537500 0.74500000 0.23487500 0.82266667
0 0.18025000 0.82316667 0.16950000 0.82283333 0.16587500 0.81400000 0.16337500 0.32400000 0.16337500 0.29500000 0.16575000 0.28950000 0.19000000 0.29016667 0.19437500 0.29466667 0.20162500 0.81500000 0.19775000 0.82050000
0 0.15675000 0.82050000 0.13450000 0.81983333 0.13087500 0.81700000 0.12937500 0.80966667 0.12737500 0.30033333 0.12812500 0.28766667 0.13075000 0.28516667 0.15825000 0.28650000 0.16112500 0.29100000 0.16112500 0.55266667 0.16487500 0.79200000 0.16387500 0.81833333
0 0.12175000 0.81383333 0.09975000 0.81283333 0.09512500 0.80333333 0.09812500 0.29866667 0.09912500 0.28733333 0.10750000 0.28550000 0.12400000 0.28616667 0.12712500 0.29066667 0.12562500 0.55533333 0.12887500 0.69700000 0.12837500 0.80866667 0.12700000 0.81283333
0 0.08900000 0.81283333 0.07225000 0.81216667 0.06737500 0.80666667 0.06962500 0.75100000 0.07062500 0.48633333 0.07237500 0.47866667 0.07062500 0.46733333 0.07187500 0.29433333 0.07600000 0.28650000 0.09475000 0.28716667 0.09737500 0.29100000 0.09462500 0.80833333
0 0.05700000 0.81083333 0.04550000 0.80916667 0.04362500 0.80300000 0.04687500 0.56133333 0.04687500 0.29033333 0.05225000 0.28583333 0.06900000 0.28683333 0.07237500 0.29133333 0.07037500 0.34433333 0.07162500 0.47500000 0.06862500 0.52533333 0.06887500 0.79800000 0.06675000 0.80883333
0 0.03575000 0.81083333 0.01112500 0.80666667 0.01387500 0.80200000 0.01487500 0.78533333 0.01687500 0.67033333 0.01762500 0.52533333 0.01512500 0.44266667 0.01762500 0.33766667 0.01437500 0.28733333 0.01725000 0.28316667 0.03800000 0.28316667 0.04562500 0.28733333 0.04287500 0.50533333 0.04337500 0.77966667 0.04262500 0.80700000
0 0.01175000 0.80750000 0.00012500 0.80666667 0.00012500 0.28300000 0.00575000 0.28250000 0.01575000 0.28516667 0.01937500 0.29100000 0.01837500 0.29533333 0.02112500 0.30166667 0.02137500 0.38866667 0.01687500 0.40266667 0.01637500 0.43666667 0.01762500 0.46700000 0.02162500 0.47466667 0.01762500 0.48000000 0.01637500 0.48766667 0.01587500 0.78133333 0.01462500 0.80533333
