0 0.1294308014467923 0.21760816300630295 0.1931808014467923 0.21094149633963627 0.2231808014467923 0.8292748296729696 0.1581808014467923 0.832608163006303
0 0.001930801446792314 0.23427482967296961 0.07443080144679232 0.22260816300630293 0.14818080144679233 0.7742748296729697 0.09068080144679232 0.767608163006303
0 0.20568080144679232 0.18094149633963627 0.29193080144679234 0.19094149633963628 0.2956808014467923 0.8342748296729696 0.2231808014467923 0.8359414963396363
0 0.2944308014467923 0.17260816300630294 0.37443080144679225 0.1792748296729696 0.36818080144679227 0.817608163006303 0.2969308014467923 0.8059414963396363
0 0.38568080144679223 0.1509414963396363 0.45068080144679223 0.15260816300630295 0.42318080144679227 0.802608163006303 0.3731808014467923 0.807608163006303
0 0.4669308014467923 0.1509414963396363 0.5219308014467922 0.1559414963396363 0.48318080144679226 0.8109414963396363 0.42693080144679224 0.8109414963396363
0 0.5356808014467922 0.12260816300630296 0.6119308014467922 0.1259414963396363 0.5531808014467922 0.7942748296729697 0.48318080144679226 0.777608163006303
0 0.6506808014467922 0.10594149633963629 0.7306808014467921 0.11760816300630296 0.6419308014467922 0.7842748296729697 0.5644308014467923 0.7642748296729697
0 0.7569308014467923 0.09094149633963629 0.8406808014467922 0.10427482967296962 0.7256808014467923 0.777608163006303 0.6581808014467923 0.7659414963396363
0 0.8419308014467922 0.17760816300630294 0.9056808014467922 0.16760816300630296 0.8581808014467922 0.7259414963396363 0.8031808014467922 0.7459414963396364
