0 0.95882937 0.99096120 0.94816468 0.98655203 0.93948413 0.99052028 0.91691468 0.98478836 0.91579861 0.98059965 0.93415179 0.81084656 0.93960813 0.72089947 0.94357639 0.69753086 0.94779266 0.69356261 0.94357639 0.68959436 0.94655258 0.67945326 0.94729663 0.63712522 0.95200893 0.61552028 0.95498512 0.54717813 0.96019345 0.52204586 0.96292163 0.45723104 0.96837798 0.42460317 0.98549107 0.20105820 0.99045139 0.15696649 0.99975198 0.15321869 0.99975198 0.63315697 0.99764385 0.63492063 0.98722718 0.71252205 0.98301091 0.78747795
0 0.89012897 0.99955908 0.81200397 0.99955908 0.80989583 0.98765432 0.80617560 0.94797178 0.80319940 0.75970018 0.79823909 0.69356261 0.80047123 0.68165785 0.79575893 0.66225750 0.79947917 0.63844797 0.79451885 0.57363316 0.78807044 0.27954145 0.78410218 0.03086420 0.78769841 0.00022046 0.88702877 0.00044092 0.89099702 0.25617284
0 0.73561508 0.99955908 0.67299107 0.99647266 0.69258433 0.04497354 0.69841270 0.02447090 0.77628968 0.01741623 0.77988591 0.02954145 0.76054067 0.55158730 0.74045139 0.95458554
0 0.66765873 0.99955908 0.60168651 0.99955908 0.60081845 0.99470899 0.60553075 0.03483245 0.60863095 0.02843915 0.62227183 0.02535273 0.68625992 0.02182540 0.69134425 0.02954145 0.68687996 0.30070547
0 0.59647817 0.99955908 0.53199405 0.99955908 0.53137401 0.99470899 0.51897321 0.07760141 0.51996528 0.03527337 0.52554563 0.03064374 0.59871032 0.02491182 0.60230655 0.03306878
0 0.52728175 0.99955908 0.46552579 0.99955908 0.46416171 0.99514991 0.43464782 0.04541446 0.43489583 0.03306878 0.43874008 0.03064374 0.50297619 0.02799824 0.51674107 0.03306878
0 0.45634921 0.99955908 0.39794147 0.99955908 0.38182044 0.60317460 0.35255456 0.04497354 0.35280258 0.03350970 0.36111111 0.02932099 0.42038690 0.02711640 0.42881944 0.02932099 0.43216766 0.03747795 0.44853671 0.54497354
0 0.39112103 0.99955908 0.33382937 0.99955908 0.33296131 0.99470899 0.31088790 0.61022928 0.27442956 0.09259259 0.27219742 0.03571429 0.27554563 0.02888007 0.34250992 0.02402998 0.35131448 0.02910053 0.35900298 0.22883598 0.37810020 0.55952381
0 0.32911706 0.99955908 0.27653770 0.99955908 0.27343750 0.98324515 0.20349702 0.19444444 0.19084821 0.03747795 0.19270833 0.03020282 0.25049603 0.02402998 0.26872520 0.02998236 0.27963790 0.23059965 0.29625496 0.42372134 0.31088790 0.65740741
0 0.25793651 0.98831570 0.22073413 0.98302469 0.21143353 0.96737213 0.12462798 0.10008818 0.12090774 0.04276896 0.12673611 0.02932099 0.18601190 0.02535273 0.18936012 0.03615520 0.19903274 0.17460317 0.23028274 0.50264550 0.24565972 0.72883598 0.26872520 0.96957672 0.26736111 0.98478836
0 0.20337302 0.97597002 0.16170635 0.96935626 0.15562996 0.95987654 0.06262401 0.08421517 0.05741567 0.02204586 0.06051587 0.00992063 0.12053571 0.00507055 0.12983631 0.00970018 0.12934028 0.02160494 0.12078373 0.02535273 0.11842758 0.04012346 0.20498512 0.91975309 0.20820933 0.96957672
0 0.14335317 0.96935626 0.11086310 0.96318342 0.10106647 0.95105820 0.04799107 0.52954145 0.01227679 0.21252205 0.00012401 0.14197531 0.00024802 0.01609347 0.03298611 0.00859788 0.05369544 0.01322751 0.09660218 0.44135802 0.15438988 0.95414462 0.15128968 0.96759259
0 0.08829365 0.95612875 0.05629960 0.95260141 0.04823909 0.94179894 0.00731647 0.64550265 0.00235615 0.61419753 0.00012401 0.61287478 0.00024802 0.15762787 0.00235615 0.15873016 0.01426091 0.24691358 0.05344742 0.57319224 0.05592758 0.61552028 0.06163194 0.64197531 0.09982639 0.95061728
