0 0.0 0.2477430905497395 0.025765076461931474 0.2490749775155572 0.07071626155827895 0.7125716416201187 0.03974988960301746 0.7172332460004806 0.0 0.344970839054432
0 0.03425585586901934 0.2650576211053697 0.0687184311095525 0.2683873385199139 0.10417992157444894 0.7225607938637515 0.07221463439482394 0.719897019932116
0 0.07321354961918722 0.25973007324209885 0.0871983627602731 0.26039601672500773 0.1246576836738961 0.7312180591415665 0.11317015859371839 0.7305521156586577
0 0.09169348126990794 0.2650576211053697 0.11366961620589996 0.26239384717373426 0.14963056428297802 0.7352137200390196 0.1306511750200757 0.7352137200390196
0 0.11966310755207968 0.30368234311408315 0.1491311066707964 0.30301639963117427 0.17959802101387642 0.7372115504877461 0.16661212309715384 0.7398753244193816 0.15312676756824956 0.7352137200390196
0 0.14963056428297802 0.2717170559344582 0.1741039872798784 0.27238299941736704 0.20407144401077676 0.742539098351017 0.1825947666869663 0.7405412679022904
0 0.17660127534078657 0.27504677334900246 0.1955806646036889 0.27704460379772905 0.22854486700767712 0.7438709853168346 0.20656873207168497 0.7385434374535639
0 0.19646036508702575 0.2784213040256562 0.22096356044363943 0.2790495910860822 0.24923647816280906 0.7508931734660023 0.2299166510547098 0.7508931734660023
0 0.22237720632959793 0.28093445226736014 0.24923647816280906 0.28219102638821214 0.2709123817475058 0.7527780346472803 0.2506501240487676 0.7552911828889843
0 0.2534774158206845 0.28344760050906415 0.2789230417679372 0.28281931344863814 0.29541557710411953 0.7559194699494103 0.2746821041100617 0.7584326181911142
0 0.2822215488351737 0.26962528517969225 0.31096568184966283 0.26962528517969225 0.32415971011860867 0.7584326181911142 0.29824286887603646 0.7590609052515402
0 0.31379297362157976 0.289730471113324 0.38777377498674037 0.290987045234176 0.3896586361680183 0.7622023405536702 0.32651578659520614 0.7647154887953742
0 0.39201471264461585 0.29852648995928793 0.4645818681238179 0.29915477701971394 0.4532727010361501 0.778537804124746 0.4249997833169804 0.776024655883042 0.39342835853057434 0.772883220580912
0 0.4692940210770129 0.30669422174482586 0.5347929471264227 0.31172051822823377 0.5121746129510868 0.780422665306024 0.46128336105658146 0.784820674729006
0 0.538091454193659 0.3148619535303637 0.5979357966992349 0.31737510177206774 0.5673068025034677 0.7860772488498579 0.5131170435417258 0.7898469712124138
0 0.6031191649477493 0.31737510177206774 0.6497694791843792 0.31737510177206774 0.6111298249681806 0.7986429900583777 0.5668355872081482 0.7936166935749698
0 0.6554240627282131 0.32240139825547565 0.7053728840320794 0.31988825001377164 0.6606074309767276 0.8011561383000817 0.618198054397973 0.8042975736022118
0 0.7096138216899549 0.3355954265244215 0.744954968838917 0.3311974171014396 0.743070107657639 0.8042975736022118 0.7110274675759134 0.8024127124209337
0 0.7539080594499874 0.3374802877056995 0.7944325748474639 0.3324539912222915 0.7834648262173132 0.8303736907487299 0.7487252921881619 0.82901135608092
0 0.8015085430864027 0.33733359636058186 0.8391637840735658 0.33475887902812623 0.8227499610791614 0.829104606859602 0.7865429985915044 0.8323230035251715
0 0.8464051765710973 0.3399083136930374 0.8859914555576021 0.33733359636058186 0.8584741640669828 0.8329666828582853 0.8251637585783385 0.8381161175231966
0 0.890336291056121 0.3399083136930374 0.9265432535437779 0.33733359636058186 0.8941983670548044 0.8374724381900827 0.8613707210659954 0.8368287588569687
0 0.9410260385388407 0.34570142769106255 0.9767502415266621 0.34441406902483473 0.939095000539499 0.8451965901874494 0.9024052785520066 0.8458402695205633
