0 0.1033672764110617 0.41059515990754647 0.13737629599035317 0.4016634981998537 0.2703206452548561 0.9169516736436635 0.24713267735988467 0.9231351317489892
0 0.14355975409567887 0.3996023454980785 0.17550762097319508 0.39135773469097757 0.30020735943059706 0.9142034700412965 0.27650410336018183 0.9210739790472141
0 0.1822063672539646 0.3941059382933445 0.24661738918444084 0.3817390220826931 0.3584349232557476 0.9073329610353791 0.33060936178178185 0.9169516736436635 0.30432966483414753 0.9176387245442553
0 0.2548619999915418 0.3838001747844683 0.3590071605687541 0.35854185177763126 0.4433197971172445 0.8950768116316608 0.3677669150153505 0.9118663409876372
0 0.366671945709526 0.35927183131484763 0.4049958714133852 0.34905211779381845 0.48164372282110374 0.8943468320944444 0.4509845822580163 0.8979967297805261
0 0.41156568724833253 0.34759215871938576 0.45426949017548995 0.3388324042727894 0.5155877713016648 0.8848570981106316 0.4871185693502265 0.8936168525572281
0 0.45700691344005134 0.3359124861239239 0.492045931226437 0.3264227521401111 0.5495318197822259 0.8717174664407371 0.5188726792191384 0.885587077647848
0 0.49752077775555975 0.32277285445402926 0.5320123108890331 0.3140131000074329 0.5840233529156991 0.8629577119941406 0.5561016356171731 0.8760973436640351
0 0.5402245806827172 0.3446722405705203 0.5752635984691027 0.3366424656611402 0.6157774627846111 0.8607677733824916 0.5889507147919096 0.8731774255151697
0 0.5620780326663549 0.19912276641261603 0.6325438711632948 0.1845937275472676 0.6724987280430031 0.8480865023981795 0.626005803673888 0.8626155412635279
0 0.6369025828228994 0.18265652236522115 0.7015568057736999 0.16812748349987272 0.7255297199015249 0.8413062842610168 0.6783103435891424 0.8558353231263652
0 0.7030097096602348 0.16522167572680302 0.7625787690081633 0.1545670472255475 0.7771078078735117 0.8199970272585059 0.7306148835043969 0.8393690790789704
