0 0.029603140694754466 0.23636648134369492 0.11690472799634176 0.22225713390101415 0.23727509836671215 0.9100878217317019 0.16849202958364337 0.9100878217317019
0 0.130132241223855 0.27516718681106705 0.16320102429263808 0.27163984995039686 0.2637301248217386 0.9100878217317019 0.23859784968946346 0.9118514901620371
0 0.15526451635613012 0.1993294443066579 0.2108200719116857 0.183456428433642 0.3007671618587756 0.9259608376047178 0.26637562746724125 0.9259608376047178
0 0.22007933117094491 0.1764017547123016 0.27431213540374916 0.17287441785163143 0.34970896080057456 0.9312518428957232 0.3113491724407862 0.9241971691743828
0 0.29018515127676503 0.1869837652943122 0.3444179555095693 0.1764017547123016 0.39071425180586555 0.9171424954530424 0.35499996609157985 0.9206698323137125
0 0.3523544634460772 0.1852200968639771 0.40394176503337875 0.17992909157297182 0.4356877967794105 0.8942148058586862 0.3973280084196222 0.8995058111496914
0 0.41055552164713544 0.17816542314263673 0.46082007191168567 0.17287441785163143 0.4780158391074528 0.8871601321373457 0.4383332994249132 0.8924511374283509
0 0.46611107720269096 0.17816542314263673 0.5176983787899926 0.16934708099096124 0.5243121354037491 0.8818691268463403 0.48330684439845817 0.8889238005676808
0 0.5229893840809978 0.15171039668761027 0.5732539343455482 0.14994672825727515 0.5587036697952835 0.8677597794036597 0.5309258920175058 0.8659961109733246
0 0.5825131936048074 0.16229240726962085 0.634100495192109 0.15171039668761027 0.6036772147688285 0.8783417899856703 0.5626719237635375 0.8783417899856703
0 0.6420370031286169 0.14465572296626988 0.6896560507476645 0.1340737123842593 0.6473280084196221 0.8977421427193563 0.6049999660915798 0.8924511374283509
0 0.7094973205889343 0.14818305982694008 0.7650528761444899 0.14465572296626988 0.7002380613296751 0.8977421427193563 0.6605555216471354 0.9030331480103616
