0 0.13538757714184152 0.01638193517440979 0.18029447747042857 0.013461161169298434 0.12881583563034096 0.8108324645646983 0.09048067681325443 0.8079116905595868
0 0.17372273595892804 0.12737134736864125 0.25696479510460163 0.13175250837630828 0.22082021679134864 0.8152136255723652 0.12991112588225773 0.8122928515672538
0 0.2558695048526849 0.14927715240697642 0.32377750047152387 0.14927715240697642 0.2920140831659379 0.8137532385698096 0.22520137779901567 0.8137532385698096
0 0.3226822102196071 0.18724721447342405 0.3949713668461131 0.19600953648875807 0.3643032397924439 0.8254363345902549 0.29310937341785465 0.8225155605851435
0 0.39935252785378017 0.18724721447342405 0.42563949389978234 0.18432644046831267 0.40701955961719744 0.8239759475876993 0.37306556180777795 0.8268967215928106
0 0.43330652566319966 0.12299018636097421 0.5012145212820387 0.12883173437119694 0.481499296747537 0.8254363345902549 0.413591301128698 0.8268967215928106
0 0.5023098115339554 0.18140566646320133 0.5483120021144592 0.182866053465757 0.5515978728702094 0.8239759475876993 0.5066909725416224 0.8239759475876993
0 0.5559790338778765 0.16972257044275588 0.6271729002524657 0.17994527946064565 0.6370305125197165 0.8298174955979217 0.5702178071527944 0.8312778826004775
0 0.6296263504167592 0.19156022408763845 0.6646756384780955 0.18571867607741574 0.681104992256847 0.8253681831968023 0.6372933821801766 0.8253681831968023
0 0.6723426702415128 0.17987712806719303 0.7161542803181832 0.1740355800569703 0.739155375608435 0.8282889572019136 0.6887720240202642 0.8268285701993578
0 0.7380600853565183 0.16381287103908057 0.8147304029906913 0.1681940320467476 0.8311597567694428 0.8428928272274704 0.753394148883353 0.8458136012325818
0 0.8191115639983584 0.16235248403652489 0.8848289791133639 0.1681940320467476 0.9078300744036157 0.8414324402249147 0.8399220787847768 0.8428928272274704
0 0.8859242693652807 0.17257519305441463 0.9275452989381174 0.1667336450441919 0.9582134259917866 0.835590892214692 0.9122112354112828 0.839972053222359
0 0.9308311696938678 0.1813375150697487 0.9625945869994537 0.17695635406208166 0.9910721335492895 0.8385116662198033 0.9560228454879532 0.8428928272274704
