0 0.10963718510405243 0.29437023162741344 0.15963718510405245 0.2977035649607468 0.16088718510405242 0.8427035649607467 0.10713718510405243 0.8410368982940801
0 0.16213718510405242 0.29437023162741344 0.22213718510405245 0.2977035649607468 0.21463718510405244 0.8360368982940801 0.15963718510405245 0.8377035649607467
0 0.22838718510405243 0.30437023162741345 0.27963718510405244 0.30270356496074674 0.2783871851040524 0.8343702316274134 0.21963718510405245 0.8360368982940801
0 0.28963718510405245 0.30270356496074674 0.33713718510405244 0.3110368982940801 0.33213718510405243 0.8293702316274134 0.28213718510405245 0.8310368982940801
0 0.3408871851040524 0.3110368982940801 0.3958871851040524 0.3110368982940801 0.39463718510405243 0.8260368982940801 0.3383871851040524 0.8243702316274134
0 0.39963718510405244 0.3110368982940801 0.45213718510405243 0.31937023162741346 0.45588718510405246 0.8260368982940801 0.3958871851040524 0.8327035649607467
0 0.46213718510405244 0.30270356496074674 0.5221371851040524 0.3110368982940801 0.5321371851040524 0.8310368982940801 0.4583871851040524 0.8343702316274134
0 0.5208871851040524 0.3160368982940801 0.5733871851040524 0.31770356496074675 0.5896371851040524 0.8327035649607467 0.5296371851040523 0.8310368982940801
0 0.5746371851040524 0.3110368982940801 0.6021371851040523 0.31437023162741345 0.6221371851040524 0.8260368982940801 0.5921371851040523 0.8277035649607468
0 0.6096371851040524 0.32770356496074676 0.6446371851040523 0.3343702316274134 0.6671371851040524 0.8327035649607467 0.6258871851040524 0.8277035649607468
0 0.6521371851040524 0.3243702316274134 0.6896371851040524 0.32270356496074676 0.7096371851040524 0.8343702316274134 0.6696371851040523 0.8360368982940801
0 0.6933871851040524 0.3360368982940801 0.7296371851040524 0.3393702316274134 0.7446371851040524 0.8243702316274134 0.7096371851040524 0.8243702316274134
0 0.7371371851040524 0.3343702316274134 0.7771371851040524 0.3343702316274134 0.7946371851040523 0.8243702316274134 0.7558871851040524 0.8277035649607468
0 0.7846371851040523 0.3310368982940801 0.8196371851040524 0.33270356496074677 0.8433871851040524 0.8277035649607468 0.8008871851040523 0.8227035649607468
0 0.8183871851040524 0.31437023162741345 0.8746371851040524 0.3243702316274134 0.9083871851040524 0.8177035649607468 0.8483871851040524 0.8227035649607468
0 0.9233871851040524 0.2960368982940801 0.9821371851040523 0.3010368982940801 1.0 0.5427035649607468 1.0 0.8310368982940801 0.9633871851040524 0.8327035649607467
