0 0.03868052164713543 0.11148111979166667 0.12868052164713537 0.104814453125 0.22118052164713542 0.9814811197916666 0.1586805216471354 0.9881477864583333
0 0.14368052164713538 0.10648111979166669 0.2524305216471355 0.11314778645833333 0.30618052164713544 0.9831477864583333 0.2336805216471354 0.9864811197916666
0 0.25868052164713545 0.11314778645833333 0.3699305216471354 0.11314778645833333 0.38618052164713546 0.9931477864583333 0.3124305216471354 0.984814453125
0 0.36868052164713544 0.21148111979166667 0.44868052164713546 0.21148111979166667 0.44618052164713545 1.0 0.38618052164713546 0.9981477864583334
0 0.45493052164713543 0.21648111979166668 0.5386805216471354 0.21648111979166668 0.5086805216471354 1.0 0.4474305216471354 1.0
0 0.5411805216471354 0.22148111979166665 0.6236805216471354 0.22148111979166665 0.5761805216471354 1.0 0.5099305216471355 1.0
0 0.6324305216471354 0.21648111979166668 0.7161805216471354 0.219814453125 0.6411805216471352 0.996481119791667 0.5761805216471354 0.999814453125
0 0.7186805216471354 0.21148111979166667 0.8011805216471354 0.22148111979166665 0.7036805216471353 1.0 0.6386805216471354 0.994814453125
0 0.8041868932038836 0.22244336569579282 0.8929368932038837 0.22577669902912617 0.7691868932038837 1.0 0.7079368932038836 1.0
0 0.8991868932038837 0.2291100323624595 0.9891868932038836 0.2291100323624595 0.8366868932038837 0.9991100323624597 0.7741868932038837 1.0
