0 0.7207888349514563 0.27807443365695794 0.8032888349514562 0.29140776699029125 0.6857888349514563 0.9864077669902913 0.6282888349514563 0.9747411003236246
0 0.6707888349514562 0.1347411003236246 0.7320388349514563 0.1447411003236246 0.6232888349514563 0.9714077669902913 0.5657888349514563 0.9664077669902913
0 0.5857888349514563 0.13640776699029128 0.6645388349514563 0.1397411003236246 0.5645388349514563 0.978074433656958 0.5107888349514563 0.9747411003236246
0 0.5120388349514562 0.12807443365695795 0.5820388349514563 0.13307443365695795 0.5057888349514563 0.9647411003236246 0.4507888349514563 0.9664077669902913
0 0.4332888349514563 0.1247411003236246 0.5020388349514563 0.13307443365695795 0.44828883495145627 0.9614077669902913 0.3932888349514563 0.963074433656958
0 0.3582888349514563 0.12140776699029128 0.4320388349514563 0.12140776699029128 0.3932888349514563 0.9414077669902913 0.3370388349514563 0.9414077669902913
0 0.2657888349514563 0.10807443365695794 0.35453883495145627 0.11474110032362461 0.3357888349514563 0.948074433656958 0.2657888349514563 0.9347411003236247
0 0.16703883495145633 0.08807443365695794 0.25828883495145627 0.10140776699029128 0.26078883495145627 0.923074433656958 0.18453883495145632 0.9214077669902913
0 0.07993052164713546 0.09370334201388895 0.16118052164713548 0.09370334201388895 0.18368052164713547 0.9037033420138888 0.12493052164713546 0.9003700086805555
0 0.009930521647135464 0.09537000868055562 0.07868052164713546 0.09703667534722228 0.12868052164713548 0.8753700086805555 0.07243052164713547 0.8737033420138889
