0 0.018680521647135465 0.10759223090277782 0.07368052164713547 0.10925889756944447 0.14118052164713543 0.9992588975694445 0.09118052164713547 0.9992588975694445
0 0.08243052164713546 0.23092556423611113 0.14118052164713543 0.23259223090277778 0.18243052164713547 1.0 0.14493052164713546 1.0
0 0.13743052164713546 0.09925889756944448 0.21118052164713547 0.09925889756944448 0.25118052164713545 0.9992588975694445 0.18368052164713547 1.0
0 0.24118052164713547 0.24592556423611112 0.3649305216471354 0.2392588975694445 0.37243052164713547 0.9859255642361113 0.26118052164713546 0.9959255642361111
0 0.36368052164713544 0.2425922309027778 0.41868052164713543 0.2425922309027778 0.4161805216471354 0.9959255642361111 0.37243052164713547 0.9975922309027778
0 0.41868052164713543 0.22592556423611113 0.4761805216471354 0.23092556423611113 0.4711805216471354 0.9992588975694445 0.4136805216471354 1.0
0 0.4824305216471354 0.21925889756944444 0.5636805216471353 0.2225922309027778 0.5486805216471354 0.9959255642361111 0.4736805216471354 1.0
0 0.5649305216471354 0.29425889756944446 0.6324305216471354 0.28925889756944445 0.6099305216471353 0.9959255642361111 0.5474305216471353 0.9992588975694445
0 0.6436805216471354 0.1925922309027778 0.7136805216471354 0.1925922309027778 0.6736805216471352 0.9842588975694445 0.6099305216471353 0.9892588975694445
0 0.7124305216471354 0.2392588975694445 0.7474305216471354 0.2392588975694445 0.7111805216471354 0.9759255642361112 0.6724305216471353 0.9809255642361112
0 0.7474305216471354 0.2392588975694445 0.7824305216471353 0.2425922309027778 0.7349305216471353 0.9542588975694445 0.7111805216471354 0.9609255642361112
0 0.7809419496166483 0.27802117561153705 0.8236582694414019 0.27510040160642574 0.7765607886089814 0.9819277108433735 0.7415115005476451 0.9731653888280394
0 0.8389923329682365 0.19331872946330778 0.9079956188389923 0.1918583424607521 0.8378970427163198 0.9775465498357064 0.7820372398685652 0.9790069368382621
0 0.9101861993428259 0.2561153705732019 0.9813800657174151 0.2634173055859803 0.9025191675794085 0.9848484848484849 0.8499452354874042 0.9936108068638188
