0 0.01642935377875137 0.19623950346841912 0.04709748083242059 0.1903979554581964 0.09309967141292443 0.8023001095290251 0.07119386637458926 0.8008397225264695
0 0.044906900328587074 0.18601679445052938 0.07338444687842278 0.1903979554581964 0.12595837897042717 0.8096020445418035 0.09529025191675794 0.8139832055494706
0 0.08324205914567359 0.22252646951442132 0.16210295728368018 0.22106608251186563 0.2004381161007667 0.8198247535596933 0.12595837897042717 0.8154435925520263
0 0.17743702081051477 0.27656078860898137 0.22234392113910187 0.27802117561153705 0.23767798466593645 0.8242059145673604 0.2004381161007667 0.8227455275648046
0 0.22015334063526834 0.27510040160642574 0.24644030668127054 0.27510040160642574 0.2683461117196057 0.8242059145673604 0.24863088718510404 0.8271266885724717
0 0.24863088718510404 0.2663380795910916 0.3023001095290252 0.2634173055859803 0.316538882803943 0.8358890105878057 0.27491785323110624 0.8300474625775831
0 0.30558598028477546 0.27510040160642574 0.32858707557502737 0.2721796276013143 0.3417305585980284 0.8329682365826944 0.3187294633077765 0.8300474625775831
0 0.32968236582694416 0.27364001460387 0.3822562979189485 0.2721796276013143 0.39320920043811614 0.8417305585980285 0.3428258488499452 0.8300474625775831
0 0.3833515881708653 0.27364001460387 0.4414019715224534 0.27656078860898137 0.45125958378970427 0.8446513326031398 0.39320920043811614 0.8446513326031398
0 0.4424972617743702 0.2897042716319825 0.5235487404162104 0.2853231106243154 0.5268346111719605 0.8607155896312523 0.45564074479737127 0.8475721066082512
0 0.5235487404162104 0.2809419496166484 0.6199342825848849 0.2853231106243154 0.6078860898138005 0.8767798466593648 0.5301204819277108 0.875319459656809
0 0.6232201533406352 0.23859072654253377 0.6834611171960568 0.2429718875502008 0.660460021905805 0.8782402336619204 0.6089813800657174 0.8767798466593648
0 0.6823658269441402 0.29700620664476085 0.732749178532311 0.29554581964220517 0.7097480832420591 0.8884629426798101 0.6593647316538883 0.8870025556772545
0 0.7393209200438116 0.23274917853231106 0.7897042716319824 0.23274917853231106 0.7601314348302299 0.8899233296823658 0.7152245345016429 0.8855421686746987
0 0.7907995618838992 0.23128879152975537 0.8477546549835706 0.22836801752464403 0.8138006571741511 0.9001460387002556 0.7634173055859802 0.8943044906900328
0 0.8543263964950712 0.2488134355604235 0.8937568455640744 0.2488134355604235 0.8554216867469879 0.9001460387002556 0.8203723986856517 0.8957648776925885
