0 0.7360436893203883 0.20064724919093851 0.8137135922330098 0.19579288025889968 0.7942961165048544 0.9207119741100325 0.7311893203883495 0.9142394822006473
0 0.6316747572815534 0.21197411003236247 0.6911407766990292 0.2103559870550162 0.6875 0.901294498381877 0.6341019417475728 0.9029126213592233
0 0.5685679611650486 0.20550161812297738 0.6243932038834952 0.20064724919093851 0.6328883495145632 0.8834951456310681 0.5843446601941749 0.8851132686084143
0 0.5018203883495146 0.20550161812297738 0.5625 0.20550161812297738 0.5855582524271845 0.8818770226537217 0.5345873786407767 0.8899676375404532
0 0.4435679611650486 0.20064724919093851 0.49817961165048547 0.19093851132686085 0.5345873786407767 0.8802588996763755 0.48361650485436897 0.8851132686084143
0 0.3768203883495146 0.20226537216828477 0.4350728155339806 0.19741100323624597 0.48361650485436897 0.872168284789644 0.4375 0.8818770226537217
0 0.3185679611650486 0.19902912621359223 0.3756067961165049 0.19902912621359223 0.43992718446601947 0.8624595469255665 0.38895631067961167 0.8624595469255665
0 0.2396844660194175 0.17475728155339806 0.3137135922330097 0.1731391585760518 0.3307038834951456 0.843042071197411 0.2700242718446602 0.8398058252427184
0 0.17050970873786409 0.1731391585760518 0.23361650485436894 0.17637540453074435 0.2700242718446602 0.8398058252427184 0.22148058252427186 0.8365695792880259
0 0.08328205886396386 0.18163214460288563 0.1682335151746435 0.18163214460288563 0.21799079672804156 0.8224088436320118 0.14638885498046872 0.8321175814960895
0 0.0 0.18163214460288563 0.07721409769891532 0.17515965269350048 0.1439616705144493 0.8224088436320118 0.06871895206784735 0.8224088436320118
