0 0.027840416857504706 0.2400725871783208 0.0726067060262875 0.2432475013037664 0.12356407773968921 0.7213895685958722 0.08641758247197583 0.7226595342460503
0 0.07594036585800538 0.24451746695394463 0.11308686112571877 0.24642241542921195 0.16023433588858577 0.7226595342460503 0.12451655197732289 0.7226595342460503
0 0.11784923231388715 0.24451746695394463 0.15642443893805105 0.24515244977903375 0.1954758826810318 0.7232945170711396 0.16356799572030362 0.7226595342460503
0 0.16356799572030362 0.24515244977903375 0.2016669652256507 0.24642241542921195 0.23357485218637888 0.7188496372955157 0.2016669652256507 0.7201196029456939
0 0.20214320234446753 0.2502323123797467 0.24214712032508198 0.2502323123797467 0.2683401618600081 0.7251994655464068 0.23690851201809673 0.7220245514209612
0 0.245004543037983 0.22864289632671667 0.32977475018738023 0.23118282762707315 0.3478717607024201 0.7309143109722088 0.2740550072858101 0.7271044140216743
0 0.33406088425673175 0.22483299937618198 0.41216377174269325 0.22800791350162755 0.4150211944555943 0.736629156398011 0.35120542053413795 0.7334542422725654
0 0.4164499058120448 0.22800791350162755 0.49312408194155577 0.22800791350162755 0.48693299939693685 0.7385341048732783 0.42168851411903 0.736629156398011
0 0.5007438758426251 0.22927787915180578 0.5740843921404182 0.22927787915180578 0.5588448043382794 0.7302793281471198 0.49550526753563995 0.7296443453220307
0 0.583609134516755 0.22927787915180578 0.6583783621709987 0.23181781045216227 0.6288516608043546 0.7334542422725654 0.5640834126452646 0.731549293797298
0 0.6655219189532512 0.22483299937618198 0.7441010435580295 0.22610296502636024 0.7031446513397814 0.7417090189987239 0.6369476918242409 0.7410740361736348
0 0.754578260172 0.22927787915180578 0.8345860961332288 0.22800791350162755 0.7783901161128419 0.7455189159492587 0.7093357338844004 0.7442489502990803
0 0.8412534157966646 0.22292805090091464 0.9231662002331608 0.22102310242564727 0.8555405293611698 0.7474238644245259 0.7860099100139113 0.7448839331241695
0 0.9474542932928196 0.2826164364592917 1.0 0.2781715566836679 1.0 0.4432670912068385 0.9555503243127058 0.763933417876843 0.8955444473417841 0.7594885381012192
