0 0.14679054054054058 0.10945945945945947 0.21875000000000003 0.1054054054054054 0.289695945945946 0.9891891891891892 0.22989864864864867 0.9905405405405405
0 0.23395270270270274 0.1054054054054054 0.31097972972972976 0.11081081081081082 0.35354729729729734 0.9810810810810812 0.29476351351351354 0.9905405405405405
0 0.31908783783783784 0.10810810810810811 0.3859797297297297 0.10810810810810811 0.41638513513513514 0.9837837837837837 0.3636824324324324 0.9932432432432432
0 0.3880067567567568 0.11891891891891893 0.4630067567567568 0.11486486486486486 0.47618243243243247 0.9608108108108109 0.4224662162162163 0.9675675675675675
0 0.46908783783783786 0.12432432432432432 0.5359797297297298 0.11486486486486486 0.5339527027027027 0.9689189189189189 0.479222972972973 0.9891891891891892
0 0.5380067567567568 0.11891891891891893 0.6008445945945946 0.11621621621621621 0.5927364864864865 0.9594594594594594 0.5369932432432433 0.9743243243243243
0 0.6160472972972972 0.11891891891891893 0.6728040540540541 0.12162162162162161 0.6474662162162163 0.9608108108108109 0.5967905405405405 0.9675675675675675
0 0.6900337837837839 0.12432432432432432 0.7457770270270271 0.12162162162162161 0.7082770270270271 0.9459459459459459 0.6576013513513513 0.9621621621621621
0 0.7569256756756757 0.12162162162162161 0.8076013513513514 0.12162162162162161 0.7650337837837837 0.9432432432432432 0.7103040540540541 0.9486486486486486
0 0.814695945945946 0.13108108108108107 0.8907094594594595 0.12162162162162161 0.8309121621621622 0.9554054054054054 0.7650337837837837 0.95
0 0.8846283783783785 0.11486486486486486 0.9454391891891891 0.11621621621621621 0.8755067567567568 0.9635135135135134 0.8309121621621622 0.9675675675675675
