0 0.07667031763417306 0.16265060240963855 0.13910186199342825 0.1655713764147499 0.0854326396495071 0.8125228185469149 0.023001095290251915 0.8125228185469149
0 0.14129244249726175 0.15826944140197152 0.19934282584884994 0.15972982840452718 0.140197152245345 0.8183643665571376 0.0854326396495071 0.8125228185469149
0 0.19386637458926614 0.2050018254837532 0.23329682365826943 0.2050018254837532 0.18181818181818182 0.821285140562249 0.1423877327491785 0.8183643665571376
0 0.23986856516976998 0.2050018254837532 0.2968236582694414 0.2050018254837532 0.24315443592552027 0.8256663015699159 0.1851040525739321 0.8271266885724717
0 0.30777656078860893 0.2050018254837532 0.36801752464403065 0.20792259948886455 0.316538882803943 0.8329682365826944 0.2541073384446878 0.8271266885724717
0 0.37787513691128144 0.20208105147864183 0.4392113910186199 0.20792259948886455 0.3888280394304491 0.8446513326031398 0.3176341730558598 0.8417305585980285
0 0.44468784227820374 0.21522453450164294 0.4874041621029573 0.22252646951442132 0.4348302300109529 0.8519532676159182 0.3899233296823658 0.8461117196056954
0 0.49069003285870755 0.21376414749908723 0.5301204819277108 0.21960569550930994 0.48411829134720696 0.8548740416210295 0.4392113910186199 0.8519532676159182
0 0.5355969331872946 0.21668492150419863 0.5750273822562979 0.22544724351953266 0.5345016429353778 0.8621759766338079 0.48959474260679076 0.8563344286235851
0 0.5772179627601314 0.20938298649142023 0.6199342825848849 0.21376414749908723 0.5815991237677984 0.8665571376414749 0.5355969331872946 0.8680175246440307
0 0.6254107338444688 0.21084337349397592 0.664841182913472 0.21230376049653155 0.6319824753559693 0.8607155896312523 0.588170865279299 0.8592552026286965
0 0.6670317634173055 0.21960569550930994 0.7108433734939759 0.22252646951442132 0.6779846659364731 0.8709382986491421 0.6308871851040526 0.8709382986491421
0 0.7152245345016429 0.21522453450164294 0.7557502738225629 0.22106608251186563 0.7261774370208105 0.8738590726542534 0.6812705366922235 0.8709382986491421
0 0.7612267250821467 0.21960569550930994 0.7973713033953997 0.22544724351953266 0.7699890470974808 0.8723986856516976 0.7272727272727273 0.8680175246440307
0 0.80065717415115 0.22836801752464403 0.8400876232201533 0.23420956553486674 0.8225629791894852 0.8723986856516976 0.7699890470974808 0.8680175246440307
0 0.8499452354874042 0.183096020445418 0.9222343921139102 0.18601679445052938 0.9189485213581599 0.9030668127053668 0.8433734939759036 0.8870025556772545
0 0.9386637458926615 0.1918583424607521 0.9802847754654983 0.1903979554581964 0.9660460021905805 0.8957648776925885 0.9189485213581599 0.8928441036874771
