0 0.14076385498046876 0.016203342013888858 0.21201385498046876 0.02953667534722219 0.16201385498046875 0.9878700086805553 0.08201385498046875 0.999536675347222
0 0.21076385498046876 0.022870008680555522 0.27951385498046877 0.03287000868055552 0.24951385498046874 0.9928700086805553 0.16826385498046875 0.9928700086805553
0 0.29076385498046875 0.027870008680555523 0.35951385498046873 0.026203342013888856 0.32951385498046876 0.994536675347222 0.25451385498046875 0.9928700086805553
0 0.36451385498046873 0.02953667534722219 0.42576385498046876 0.03453667534722219 0.4145138549804688 0.9762033420138887 0.33701385498046876 0.984536675347222
0 0.43201385498046874 0.052870008680555525 0.49701385498046874 0.05620334201388886 0.48701385498046873 0.9662033420138887 0.41576385498046875 0.9762033420138887
0 0.5045138549804687 0.04287000868055552 0.5657638549804688 0.04120334201388886 0.5582638549804687 0.969536675347222 0.48451385498046873 0.969536675347222
0 0.5795138549804687 0.03953667534722219 0.6457638549804687 0.04287000868055552 0.6345138549804688 0.9662033420138887 0.5632638549804687 0.9662033420138887
0 0.6470138549804687 0.036203342013888855 0.7020138549804688 0.03453667534722219 0.7182638549804687 0.9762033420138887 0.6382638549804688 0.969536675347222
0 0.04951385498046875 0.09120334201388886 0.09451385498046876 0.0945366753472222 0.05451385498046875 0.9862033420138887 0.00451385498046875 0.9862033420138887
0 0.10326385498046875 0.10787000868055552 0.13201385498046875 0.1095366753472222 0.08451385498046875 0.9762033420138887 0.06201385498046875 0.9712033420138887
