0 0.07250000 0.77650000 0.05800000 0.77150000 0.05387500 0.76400000 0.04712500 0.71566667 0.03612500 0.14300000 0.03687500 0.12766667 0.04050000 0.12583333 0.08625000 0.12683333 0.09887500 0.13500000 0.10212500 0.76533333 0.09975000 0.77316667
0 0.99975000 0.77216667 0.98300000 0.77183333 0.97100000 0.76550000 0.96937500 0.75800000 0.96912500 0.16000000 0.96987500 0.15100000 0.97400000 0.14650000 0.98925000 0.14350000 0.99975000 0.14533333
0 0.95900000 0.77016667 0.91325000 0.76516667 0.90862500 0.76000000 0.90787500 0.74866667 0.91462500 0.48766667 0.91212500 0.24800000 0.91662500 0.15833333 0.91850000 0.15050000 0.92600000 0.14883333 0.96325000 0.15050000 0.96762500 0.16833333 0.96837500 0.76366667
0 0.89750000 0.76650000 0.88500000 0.76550000 0.88287500 0.74766667 0.87762500 0.37566667 0.87787500 0.28300000 0.88100000 0.27750000 0.89700000 0.27916667 0.89937500 0.28333333 0.90037500 0.29866667 0.89962500 0.58800000 0.90162500 0.59733333 0.90337500 0.73666667 0.90237500 0.76333333
0 0.87100000 0.77216667 0.82175000 0.76550000 0.81787500 0.76333333 0.81612500 0.75600000 0.81337500 0.30800000 0.81212500 0.29133333 0.80612500 0.27100000 0.81012500 0.26366667 0.81037500 0.24433333 0.80812500 0.24000000 0.81087500 0.22866667 0.80812500 0.22433333 0.81062500 0.21300000 0.80837500 0.20833333 0.81237500 0.20100000 0.81412500 0.17433333 0.82225000 0.16616667 0.83250000 0.16383333 0.87250000 0.16483333 0.87712500 0.17100000 0.87737500 0.52566667 0.88287500 0.76333333 0.88075000 0.76850000
0 0.79150000 0.76783333 0.77950000 0.76650000 0.77787500 0.76366667 0.77312500 0.33266667 0.77612500 0.28700000 0.77950000 0.28383333 0.79725000 0.28283333 0.80762500 0.28733333 0.80862500 0.30200000 0.80937500 0.60533333 0.81162500 0.63700000 0.81262500 0.75333333 0.81100000 0.76516667
0 0.74675000 0.76883333 0.72100000 0.76583333 0.71862500 0.74033333 0.71487500 0.26566667 0.71887500 0.23633333 0.73750000 0.22983333 0.75550000 0.23116667 0.77025000 0.23650000 0.77587500 0.24033333 0.77562500 0.24433333 0.76775000 0.23916667 0.76437500 0.24433333 0.76775000 0.24950000 0.77200000 0.25183333 0.77550000 0.24916667 0.77637500 0.25233333 0.77587500 0.27400000 0.77237500 0.27900000 0.77212500 0.36666667 0.77687500 0.76000000 0.77550000 0.76516667 0.77150000 0.76683333
0 0.69375000 0.76950000 0.68525000 0.76850000 0.68312500 0.75600000 0.67912500 0.20466667 0.68175000 0.18116667 0.68550000 0.18550000 0.68975000 0.18350000 0.71475000 0.19650000 0.71687500 0.20466667 0.71112500 0.27033333 0.70987500 0.39533333 0.71687500 0.75433333 0.71587500 0.76400000 0.71300000 0.76716667
0 0.65525000 0.77783333 0.61875000 0.77583333 0.61150000 0.77183333 0.60962500 0.76500000 0.60087500 0.17700000 0.60362500 0.12933333 0.61100000 0.12250000 0.66325000 0.12616667 0.67400000 0.12883333 0.67662500 0.13500000 0.68137500 0.76600000 0.67800000 0.77316667
0 0.57200000 0.77550000 0.55650000 0.77483333 0.55187500 0.76800000 0.54537500 0.15800000 0.54687500 0.14666667 0.55300000 0.14416667 0.59075000 0.14650000 0.59662500 0.15400000 0.60612500 0.76833333 0.60350000 0.77316667
0 0.11875000 0.77916667 0.10637500 0.77733333 0.10437500 0.75800000 0.10187500 0.14100000 0.10312500 0.13000000 0.11075000 0.12683333 0.15400000 0.12950000 0.16312500 0.13500000 0.16662500 0.25566667 0.15937500 0.77000000 0.15600000 0.77616667
0 0.17775000 0.77683333 0.16225000 0.77616667 0.16087500 0.76633333 0.17112500 0.14566667 0.17362500 0.13166667 0.17950000 0.13016667 0.22500000 0.13850000 0.22662500 0.17566667 0.21837500 0.76833333 0.21600000 0.77316667
0 0.23325000 0.77716667 0.22375000 0.77683333 0.21937500 0.77200000 0.22562500 0.44800000 0.22662500 0.21700000 0.22912500 0.13533333 0.23250000 0.13050000 0.24300000 0.13050000 0.27575000 0.13450000 0.28062500 0.14233333 0.27687500 0.70400000 0.27462500 0.77166667 0.26775000 0.77550000
0 0.29200000 0.78050000 0.28125000 0.77950000 0.27787500 0.77333333 0.28187500 0.50600000 0.28187500 0.13866667 0.28700000 0.13383333 0.33075000 0.13750000 0.33462500 0.14266667 0.33437500 0.23266667 0.32987500 0.23666667 0.33412500 0.24100000 0.33462500 0.25033333 0.33262500 0.77200000 0.33025000 0.77750000
0 0.34750000 0.77850000 0.33800000 0.77783333 0.33537500 0.77200000 0.33687500 0.14200000 0.34150000 0.13083333 0.38625000 0.14183333 0.38937500 0.15366667 0.39012500 0.18833333 0.38987500 0.76833333 0.38900000 0.77216667 0.38150000 0.77550000
0 0.39725000 0.77150000 0.39137500 0.76800000 0.39087500 0.71733333 0.39462500 0.52966667 0.39187500 0.15433333 0.39650000 0.14883333 0.43300000 0.15683333 0.43612500 0.16366667 0.43637500 0.52300000 0.44087500 0.74833333 0.44037500 0.76433333 0.43575000 0.76783333
0 0.46225000 0.77683333 0.44525000 0.77583333 0.44262500 0.76633333 0.43712500 0.21100000 0.43787500 0.14700000 0.44225000 0.14150000 0.48675000 0.14416667 0.48862500 0.14766667 0.49487500 0.61433333 0.49287500 0.67166667 0.49662500 0.76866667 0.49025000 0.77583333
0 0.51475000 0.77683333 0.49987500 0.77400000 0.49787500 0.73966667 0.49112500 0.14933333 0.49425000 0.14250000 0.50200000 0.14083333 0.53725000 0.14650000 0.54237500 0.15033333 0.54562500 0.27933333 0.54912500 0.76966667 0.54475000 0.77350000
