0 0.04975000 0.91983333 0.02900000 0.91883333 0.01362500 0.90833333 0.00512500 0.80700000 0.00012500 0.72533333 0.00025000 0.17083333 0.06525000 0.16850000 0.07362500 0.17366667 0.09237500 0.42566667 0.12162500 0.89266667 0.11900000 0.90083333 0.10775000 0.90850000
0 0.15475000 0.90183333 0.12675000 0.89783333 0.12287500 0.87466667 0.07812500 0.19100000 0.07712500 0.15466667 0.08050000 0.14650000 0.11500000 0.14883333 0.12087500 0.17333333 0.16287500 0.88433333 0.16162500 0.89666667
0 0.18175000 0.90416667 0.16950000 0.90116667 0.16512500 0.88933333 0.14887500 0.62166667 0.12562500 0.17633333 0.12637500 0.15033333 0.13825000 0.14416667 0.19650000 0.14750000 0.20137500 0.16133333 0.23387500 0.89033333 0.23000000 0.89683333 0.21625000 0.90083333
0 0.28450000 0.90916667 0.24075000 0.90550000 0.23562500 0.89166667 0.21637500 0.41633333 0.20412500 0.20166667 0.20387500 0.15766667 0.20850000 0.15383333 0.27150000 0.15616667 0.27887500 0.16166667 0.28237500 0.17500000 0.29537500 0.58800000 0.29812500 0.84133333 0.29787500 0.90433333
0 0.32625000 0.92450000 0.30675000 0.92350000 0.30262500 0.92033333 0.30162500 0.90900000 0.28862500 0.19333333 0.28912500 0.15700000 0.29125000 0.15216667 0.30075000 0.14983333 0.33025000 0.15216667 0.33462500 0.19000000 0.34237500 0.90866667 0.34050000 0.92083333
0 0.37600000 0.92716667 0.34925000 0.92616667 0.34437500 0.91533333 0.33637500 0.16100000 0.33800000 0.15350000 0.34700000 0.15016667 0.38050000 0.15183333 0.38412500 0.16466667 0.38562500 0.91933333 0.38325000 0.92550000
0 0.41700000 0.93016667 0.38975000 0.92816667 0.38612500 0.92133333 0.38562500 0.16166667 0.38725000 0.15350000 0.39575000 0.15083333 0.42775000 0.15316667 0.43362500 0.16700000 0.42812500 0.92166667 0.42600000 0.92883333
0 0.46275000 0.93316667 0.43700000 0.93183333 0.43000000 0.92850000 0.42862500 0.92133333 0.43337500 0.67433333 0.43537500 0.17433333 0.43712500 0.15566667 0.44700000 0.15316667 0.48150000 0.15583333 0.48462500 0.17300000 0.47087500 0.92066667 0.46912500 0.92966667
0 0.49525000 0.93850000 0.47462500 0.93566667 0.47312500 0.88900000 0.48662500 0.16900000 0.49000000 0.15550000 0.50400000 0.15283333 0.53325000 0.15616667 0.53437500 0.17766667 0.51462500 0.92400000 0.51225000 0.93616667
0 0.53975000 0.94083333 0.51800000 0.93783333 0.51512500 0.93133333 0.53662500 0.16566667 0.53875000 0.15816667 0.54975000 0.15450000 0.58050000 0.15816667 0.58512500 0.16700000 0.58537500 0.18500000 0.55787500 0.93566667
0 0.58875000 0.94383333 0.56450000 0.94283333 0.56087500 0.93733333 0.58787500 0.16866667 0.59450000 0.15350000 0.62875000 0.15350000 0.63875000 0.15583333 0.64112500 0.16233333 0.60487500 0.89833333 0.60137500 0.93833333
0 0.61900000 0.94183333 0.60750000 0.94150000 0.60337500 0.93566667 0.64137500 0.20800000 0.64662500 0.16466667 0.65375000 0.15783333 0.67925000 0.15750000 0.69062500 0.16200000 0.69012500 0.18800000 0.66012500 0.64933333 0.64687500 0.91133333 0.64300000 0.93883333
0 0.67450000 0.94750000 0.64837500 0.94366667 0.64812500 0.88266667 0.69262500 0.16966667 0.69800000 0.15816667 0.72325000 0.15716667 0.74162500 0.16333333 0.74237500 0.18500000 0.68987500 0.93300000 0.68775000 0.94450000
0 0.71350000 0.94950000 0.69350000 0.94750000 0.68887500 0.93833333 0.70287500 0.77966667 0.74312500 0.17800000 0.74825000 0.16116667 0.78700000 0.15916667 0.79637500 0.16600000 0.79637500 0.18566667 0.75412500 0.66766667 0.73437500 0.93800000 0.73000000 0.94783333
0 0.77950000 0.94916667 0.74425000 0.94283333 0.73637500 0.93166667 0.80037500 0.17033333 0.80900000 0.16216667 0.86125000 0.16316667 0.86512500 0.16866667 0.86212500 0.21466667 0.83987500 0.43866667 0.78537500 0.94366667
0 0.80950000 0.95150000 0.78725000 0.94450000 0.78687500 0.93366667 0.80087500 0.82833333 0.85262500 0.33066667 0.87087500 0.18600000 0.87475000 0.18083333 0.90025000 0.18016667 0.90612500 0.18566667 0.90612500 0.20533333 0.82337500 0.93966667 0.81850000 0.94850000
0 0.86475000 0.94416667 0.83350000 0.94383333 0.82625000 0.94116667 0.82412500 0.93200000 0.90687500 0.20866667 0.91287500 0.19000000 0.91062500 0.18133333 0.91800000 0.17383333 0.96275000 0.17383333 0.97112500 0.18066667 0.97187500 0.19166667 0.95987500 0.29433333 0.87787500 0.93433333
0 0.91300000 0.94183333 0.88012500 0.93600000 0.89112500 0.82766667 0.96962500 0.21700000 0.97712500 0.18133333 0.99975000 0.17350000 0.99975000 0.45933333 0.94562500 0.83866667 0.93637500 0.93566667 0.93250000 0.93983333
