0 0.08425000 0.75483333 0.05275000 0.75283333 0.04862500 0.74833333 0.04787500 0.73300000 0.04862500 0.71333333 0.05512500 0.67633333 0.05962500 0.61166667 0.06462500 0.59400000 0.06812500 0.56100000 0.07187500 0.41166667 0.07462500 0.40466667 0.07487500 0.37200000 0.08362500 0.25200000 0.08650000 0.24716667 0.09125000 0.24583333 0.12550000 0.24716667 0.13487500 0.25233333 0.12962500 0.26333333 0.09662500 0.70033333 0.09037500 0.75066667
0 0.12075000 0.76316667 0.09550000 0.76050000 0.09362500 0.74633333 0.12987500 0.26733333 0.13325000 0.25716667 0.13950000 0.25550000 0.16075000 0.25850000 0.16362500 0.26433333 0.12862500 0.75466667 0.12675000 0.76050000
0 0.15850000 0.76583333 0.13425000 0.76250000 0.13162500 0.75866667 0.13212500 0.74566667 0.16387500 0.26433333 0.16625000 0.25916667 0.18725000 0.25950000 0.19775000 0.26283333 0.20037500 0.26766667 0.19962500 0.29466667 0.16862500 0.76000000 0.16600000 0.76483333
0 0.20125000 0.76283333 0.17250000 0.76116667 0.16987500 0.75233333 0.18712500 0.51433333 0.20137500 0.27433333 0.20237500 0.26766667 0.20500000 0.26616667 0.22875000 0.26716667 0.23300000 0.26883333 0.23537500 0.27400000 0.23337500 0.33100000 0.20612500 0.74866667 0.20462500 0.75966667
0 0.22525000 0.76250000 0.20825000 0.76116667 0.20612500 0.75200000 0.21812500 0.60733333 0.23537500 0.29966667 0.23812500 0.27166667 0.24275000 0.26750000 0.26575000 0.27050000 0.26962500 0.27566667 0.23862500 0.75400000 0.23650000 0.76116667
0 0.26775000 0.76483333 0.24125000 0.76150000 0.23937500 0.75933333 0.23937500 0.74800000 0.25362500 0.56000000 0.27012500 0.28166667 0.27137500 0.27333333 0.27650000 0.27016667 0.29900000 0.27316667 0.30137500 0.27533333 0.30162500 0.28300000 0.28062500 0.64300000 0.27262500 0.75600000
0 0.30275000 0.76716667 0.27550000 0.76516667 0.27312500 0.75900000 0.28012500 0.67066667 0.30262500 0.28500000 0.30425000 0.27516667 0.31125000 0.27383333 0.33400000 0.27716667 0.33562500 0.28933333 0.30862500 0.76233333
0 0.37100000 0.77350000 0.32800000 0.76983333 0.32462500 0.76500000 0.32487500 0.74366667 0.34387500 0.25000000 0.34950000 0.24416667 0.38475000 0.24316667 0.39250000 0.24583333 0.39437500 0.25433333 0.39287500 0.30766667 0.38937500 0.32233333 0.38737500 0.38600000 0.38437500 0.41000000 0.37662500 0.70033333 0.37812500 0.76233333 0.37712500 0.77100000
0 0.44075000 0.78116667 0.39675000 0.77816667 0.38862500 0.77166667 0.40212500 0.25066667 0.40425000 0.23983333 0.41225000 0.23783333 0.45150000 0.23950000 0.45562500 0.24966667 0.44462500 0.70700000 0.44612500 0.77033333 0.44487500 0.77933333
0 0.49950000 0.78616667 0.45550000 0.78350000 0.45000000 0.78116667 0.44812500 0.77600000 0.45987500 0.25600000 0.46200000 0.25116667 0.47000000 0.24983333 0.50600000 0.25050000 0.51012500 0.25700000 0.50387500 0.56633333 0.50387500 0.78333333
0 0.54900000 0.78983333 0.51025000 0.78750000 0.50487500 0.78033333 0.51262500 0.26666667 0.51362500 0.25900000 0.52125000 0.25516667 0.55725000 0.25850000 0.56312500 0.26666667 0.55887500 0.77600000 0.55787500 0.78733333
0 0.61225000 0.79950000 0.56475000 0.79683333 0.56112500 0.78800000 0.56687500 0.26400000 0.56737500 0.25233333 0.57225000 0.24816667 0.61550000 0.25050000 0.61762500 0.25433333 0.61662500 0.79233333
0 0.67575000 0.80750000 0.63075000 0.80516667 0.62325000 0.80316667 0.61962500 0.79633333 0.61862500 0.59166667 0.62162500 0.25400000 0.62325000 0.24716667 0.63100000 0.24283333 0.67825000 0.24683333 0.68512500 0.25233333 0.68737500 0.79833333 0.68550000 0.80516667
0 0.73150000 0.81250000 0.70400000 0.81116667 0.69350000 0.80616667 0.69137500 0.79933333 0.69362500 0.41033333 0.69137500 0.40433333 0.69187500 0.29000000 0.68887500 0.26300000 0.68987500 0.25233333 0.69750000 0.24750000 0.73400000 0.25216667 0.74112500 0.25966667 0.75437500 0.80400000 0.75175000 0.81083333
0 0.81325000 0.81483333 0.76350000 0.81150000 0.75612500 0.80666667 0.75412500 0.65933333 0.75612500 0.43333333 0.75112500 0.39666667 0.75212500 0.36933333 0.74787500 0.33200000 0.74912500 0.30666667 0.74662500 0.27833333 0.74362500 0.27000000 0.74687500 0.25633333 0.75900000 0.24750000 0.79900000 0.25116667 0.80462500 0.25933333 0.81662500 0.80566667 0.81612500 0.81233333
0 0.86300000 0.81816667 0.82250000 0.81483333 0.81887500 0.80700000 0.81262500 0.36800000 0.80812500 0.27166667 0.81037500 0.25633333 0.81800000 0.25416667 0.85300000 0.25850000 0.85787500 0.26500000 0.86437500 0.55333333 0.87412500 0.80866667 0.87275000 0.81483333
0 0.92850000 0.82350000 0.88150000 0.81883333 0.87662500 0.80700000 0.87587500 0.78333333 0.87687500 0.76833333 0.88100000 0.76683333 0.88162500 0.76300000 0.88237500 0.71666667 0.88012500 0.44933333 0.87737500 0.40766667 0.87262500 0.40433333 0.86912500 0.39000000 0.86975000 0.38583333 0.87387500 0.38500000 0.86912500 0.38400000 0.86787500 0.33000000 0.86912500 0.29300000 0.87362500 0.29200000 0.86887500 0.28733333 0.87312500 0.26833333 0.87262500 0.25600000 0.88875000 0.24850000 0.92000000 0.25183333 0.92537500 0.26266667 0.93962500 0.80566667 0.93737500 0.82133333
0 0.99975000 0.81383333 0.99412500 0.81333333 0.98987500 0.79166667 0.96662500 0.61533333 0.92762500 0.28400000 0.92737500 0.26766667 0.93175000 0.26350000 0.96450000 0.26250000 0.97087500 0.26766667 0.99362500 0.44433333 0.99812500 0.47266667 0.99975000 0.47300000
