0 0.0 0.14089240202390246 0.04730225288213438 0.14401892251977086 0.09967147118793036 0.9412816489662171 0.03245128052675944 0.9339864344758575 0.0 0.5358761580019458
0 0.07075115660114753 0.16590456599084977 0.11921222428710795 0.1638202189936042 0.15204068949372634 0.9444081694620856 0.11295918329537116 0.9454503429607083
0 0.12155711465900931 0.15444065750599892 0.18565078482431185 0.15652500450324452 0.2075364282953908 0.9485768634565768 0.1575121003614961 0.9485768634565768
0 0.18799567519621313 0.15756717800186734 0.2520893453615156 0.15860935150049013 0.26537705746895646 0.9391973019689716 0.21457109941109473 0.9402394754675942
0 0.25990564660118676 0.16486239249222698 0.3107116046590485 0.1669467394894726 0.31696464565078536 0.9225225259910067 0.2677219478408578 0.9266912199854979
0 0.314619755278884 0.16069369849773574 0.3755869049483181 0.1638202189936042 0.37402364470038396 0.9319020874786118 0.3318156180061603 0.9381551284703487
0 0.3755869049483181 0.14818761651426213 0.412323520774772 0.1502719635115077 0.40841537015493656 0.9381551284703487 0.37949505556815366 0.9360707814731031
0 0.4201398220144431 0.14922979001288492 0.4693825198243707 0.1502719635115077 0.4631294788326339 0.9298177404813662 0.41701330151857474 0.9287755669827434
0 0.4756355608161074 0.20238063844264798 0.5108089163946272 0.20446498543989358 0.49595794403925225 0.9173116584978926 0.46625599932850226 0.9214803524923838
0 0.5209701080061996 0.17841064797432346 0.5647413949483573 0.18049499497156907 0.5358210803615746 0.9193960054951382 0.4990844645351206 0.9204381789937609
0 0.5717760660640613 0.207591505935762 0.6077310517665481 0.21071802643163043 0.56943117569216 0.9225225259910067 0.5381659707334758 0.9204381789937609
0 0.6315664339765256 0.03542679884365545 0.6700035207529561 0.040426745090996 0.603441736335235 0.9241672443084381 0.5706295890870626 0.9216672711847678
