0 0.0 0.21230376049653155 0.02957283680175246 0.20646221248630886 0.037239868565169774 0.7628696604600218 0.001095290251916758 0.7599488864549105
0 0.037239868565169774 0.20938298649142023 0.104052573932092 0.20062066447608615 0.10952902519167579 0.7657904344651332 0.037239868565169774 0.7599488864549105
0 0.104052573932092 0.20646221248630886 0.16538882803943045 0.1991602774735305 0.17524644030668124 0.7774735304855787 0.11391018619934282 0.7687112084702445
0 0.16757940854326395 0.20062066447608615 0.23329682365826943 0.19623950346841912 0.24205914567360348 0.7774735304855787 0.17853231106243156 0.7774735304855787
0 0.23329682365826943 0.1918583424607521 0.3044906900328587 0.1845564074479737 0.312157721796276 0.7862358525009127 0.24315443592552027 0.7847754654983571
0 0.34501642935377874 0.17725447243519535 0.4107338444687842 0.1728733114275283 0.416210295728368 0.8008397225264695 0.34063526834611174 0.7949981745162468
0 0.43044906900328583 0.19477911646586343 0.47426067907995617 0.18893756845564072 0.4808324205914567 0.8037604965315809 0.4282584884994523 0.7979189485213581
0 0.47973713033953996 0.18747718145308506 0.5366922234392114 0.1845564074479737 0.5323110624315444 0.8154435925520263 0.48521358159912376 0.8125228185469149
0 0.5366922234392114 0.17141292442497263 0.6133625410733845 0.15826944140197152 0.6100766703176341 0.8242059145673604 0.5312157721796276 0.8198247535596933
0 0.6221248630887185 0.16995253742241695 0.6987951807228916 0.16703176341730558 0.6955093099671412 0.8285870755750273 0.6144578313253012 0.8227455275648046
0 0.7064622124863089 0.15534866739686018 0.7382256297918948 0.14950711938663747 0.7349397590361445 0.8329682365826944 0.6998904709748083 0.8271266885724717
0 0.7371303395399781 0.17141292442497263 0.8039430449069004 0.16995253742241695 0.80065717415115 0.8388097845929171 0.7338444687842278 0.8329682365826944
0 0.8105147864184008 0.16703176341730558 0.872946330777656 0.16265060240963855 0.868565169769989 0.8461117196056954 0.80065717415115 0.8358890105878057
0 0.8773274917853231 0.09985396129974443 0.940854326396495 0.09109163928441037 0.9309967141292442 0.8504928806133626 0.868565169769989 0.8417305585980285
