0 0.052430521647135464 0.10703667534722223 0.1436805216471355 0.1087033420138889 0.18868052164713547 0.8870366753472222 0.11993052164713547 0.8970366753472222
0 0.14243052164713546 0.11203667534722223 0.22743052164713545 0.11703667534722223 0.26993052164713544 0.8870366753472222 0.19368052164713545 0.8987033420138888
0 0.23618052164713546 0.12203667534722223 0.3124305216471354 0.1337033420138889 0.33118052164713546 0.8887033420138888 0.26993052164713544 0.8953700086805555
0 0.31368052164713545 0.14203667534722222 0.39368052164713546 0.14037000868055557 0.40743052164713545 0.8903700086805555 0.3336805216471354 0.8970366753472222
0 0.40368052164713547 0.16703667534722225 0.4636805216471354 0.16703667534722225 0.45743052164713544 0.9037033420138887 0.4111805216471354 0.9137033420138888
0 0.4661805216471354 0.16203667534722224 0.5186805216471354 0.16703667534722225 0.5161805216471353 0.9003700086805555 0.46493052164713544 0.9103700086805555
0 0.5236805216471354 0.17037000868055557 0.5774305216471354 0.17370334201388887 0.5649305216471354 0.9037033420138887 0.5136805216471354 0.9037033420138887
0 0.5849305216471353 0.17703667534722226 0.6299305216471354 0.17370334201388887 0.6149305216471354 0.8970366753472222 0.5711805216471354 0.9037033420138887
0 0.6374305216471354 0.17370334201388887 0.6936805216471353 0.1803700086805555 0.6711805216471354 0.9070366753472222 0.6186805216471354 0.9137033420138888
0 0.6924305216471354 0.16870334201388887 0.7536805216471354 0.17703667534722226 0.7274305216471354 0.9070366753472222 0.6711805216471354 0.9137033420138888
0 0.7557502738225629 0.17871485943775098 0.8050383351588171 0.18163563344286235 0.7798466593647316 0.9191310697334794 0.728368017524644 0.9220518437385907
0 0.8116100766703177 0.17725447243519535 0.8630887185104053 0.17579408543263966 0.8302300109529025 0.9176706827309237 0.7809419496166483 0.920591456736035
0 0.8652792990142387 0.18163563344286235 0.9178532311062432 0.1845564074479737 0.8751369112814896 0.9045271997079226 0.8335158817086528 0.9103687477181454
0 0.9244249726177437 0.15826944140197152 0.9561883899233297 0.16119021540708287 0.9123767798466593 0.9103687477181454 0.8773274917853231 0.907447973713034
0 0.9594742606790799 0.16995253742241695 0.9923329682365827 0.17579408543263966 0.9529025191675794 0.9089083607155896 0.9101861993428259 0.9132895217232566
