0 0.0 0.24521531100478466 0.058163875598086175 0.24521531100478466 0.09225478468899524 0.9126794258373205 0.03842703349282302 0.9186602870813397 0.0 0.3409090909090909
0 0.0653409090909091 0.28827751196172247 0.13352272727272732 0.2858851674641148 0.1469796650717704 0.8516746411483254 0.13441985645933016 0.9174641148325359 0.09404904306220098 0.9186602870813397
0 0.3820275119617225 0.17822966507177035 0.4717404306220096 0.17822966507177035 0.4717404306220096 0.9461722488038278 0.3820275119617225 0.9461722488038278
0 0.28244617224880386 0.17583732057416268 0.37215909090909094 0.17583732057416268 0.37215909090909094 0.9354066985645934 0.28244617224880386 0.9354066985645934
0 0.14428827751196174 0.16507177033492823 0.24566387559808614 0.16507177033492823 0.26898923444976075 0.9401913875598086 0.19093899521531102 0.9318181818181819
0 0.4959629186602872 0.18899521531100477 0.5704246411483254 0.18899521531100477 0.5704246411483254 0.9354066985645934 0.4959629186602872 0.9354066985645934
0 0.58747009569378 0.19258373205741627 0.6879485645933014 0.2033492822966507 0.6475777511961722 0.929425837320574 0.5731160287081339 0.9318181818181819
0 0.6954731588303139 0.24747178459661695 0.7697902383650566 0.2464708811685396 0.7360097476674462 0.9340915362576738 0.6646953784169356 0.9190779848365137
0 0.7818010795019846 0.25247630173700364 0.8733837431710615 0.24847268802469427 0.823088345910175 0.9501059911069113 0.7427658458069683 0.9481041842507566
0 0.8861452618790475 0.253477205165081 0.9724731825507184 0.25247630173700364 0.9116682992950198 0.9591141219596073 0.8448579954708572 0.9671213493842262
0 0.9987468975377486 0.24947359145277165 0.929684561000412 0.9801330939492315 0.9987468975377486 0.987139417945773 1.0 0.7829551186179952
