0 0.02118052164713543 0.2625922309027778 0.11868052164713543 0.26592556423611113 0.1661805216471354 0.9325922309027779 0.0911805216471354 0.9492588975694445
0 0.11993052164713543 0.33592556423611114 0.1649305216471354 0.32925889756944443 0.2099305216471354 0.9175922309027779 0.1761805216471354 0.9175922309027779
0 0.1611805216471354 0.2859255642361111 0.18743052164713542 0.27925889756944444 0.2361805216471354 0.9109255642361112 0.2124305216471354 0.9192588975694445
0 0.18868052164713542 0.27925889756944444 0.2711805216471354 0.27425889756944444 0.30618052164713544 0.9125922309027779 0.2336805216471354 0.9242588975694445
0 0.2711805216471354 0.28925889756944445 0.3436805216471354 0.2859255642361111 0.36868052164713544 0.9125922309027779 0.30868052164713544 0.9125922309027779
0 0.3536805216471354 0.34092556423611114 0.4136805216471354 0.34092556423611114 0.43368052164713544 0.9042588975694444 0.37118052164713544 0.9059255642361111
0 0.41868052164713543 0.3392588975694445 0.49368052164713544 0.33592556423611114 0.5061805216471355 0.9192588975694445 0.43368052164713544 0.9192588975694445
0 0.49618052164713544 0.2625922309027778 0.5511805216471354 0.2559255642361111 0.5586805216471353 0.9325922309027779 0.5011805216471354 0.9342588975694445
0 0.5536805216471353 0.3109255642361111 0.5886805216471354 0.30925889756944447 0.5911805216471354 0.9192588975694445 0.5599305216471354 0.9259255642361112
0 0.5911805216471354 0.3059255642361111 0.6336805216471354 0.30925889756944447 0.6299305216471354 0.9192588975694445 0.5911805216471354 0.9309255642361111
0 0.6311805216471355 0.30759223090277776 0.6611805216471354 0.30925889756944447 0.6624305216471353 0.9092588975694444 0.6261805216471353 0.9159255642361113
0 0.6661805216471354 0.30759223090277776 0.6974305216471354 0.31259223090277777 0.6849305216471354 0.8992588975694445 0.6549305216471354 0.8992588975694445
0 0.7261805216471354 0.31259223090277777 0.7599305216471354 0.31259223090277777 0.7374305216471354 0.9259255642361112 0.7061805216471354 0.9292588975694445
0 0.7568455640744798 0.31453085067542896 0.7864184008762323 0.3072289156626506 0.7656078860898138 0.8986856516976999 0.7349397590361445 0.9089083607155896
0 0.7973713033953997 0.2882438846294268 0.8948521358159912 0.2882438846294268 0.8565169769989046 0.9103687477181454 0.7754654983570646 0.9118291347207009
0 0.8937568455640744 0.33935742971887545 0.9649507119386638 0.33935742971887545 0.9211391018619933 0.9030668127053668 0.8565169769989046 0.9016064257028112
