0 0.0 0.25678911945393484 0.008592645635326199 0.25678911945393484 0.062138036941064 0.8182720421738242 0.02532558041836927 0.8130662402413219 0.0 0.5877293851630087
0 0.015843584041311528 0.264969665347867 0.06771568186874499 0.27017546728036923 0.1145678992612656 0.8212467861352541 0.06771568186874499 0.8205031001448967
0 0.06994673983981742 0.27091915327072674 0.12237660216001904 0.276124955203229 0.16309341013209044 0.8301710180195436 0.11903001520341043 0.8249652160870414
0 0.13241636302984486 0.2790996991646589 0.18317293187174213 0.28207444312608876 0.21050339201737917 0.8420699938652633 0.16699776158146717 0.8324020759906161
0 0.1881928123066551 0.28356181510680367 0.24173820361239287 0.28876761703930603 0.26293325433758075 0.8465321098074081 0.21663880143782827 0.8428136798556206
0 0.2489891420183782 0.28876761703930603 0.30532335578795655 0.2932297329814508 0.3181519391216228 0.8472757957977656 0.2724152507146385 0.8472757957977656
0 0.3092277072373332 0.2924860469910933 0.36333086303583917 0.2932297329814508 0.3694662724562882 0.8524815977302678 0.3214985260782315 0.8502505397591954
0 0.3677929789779839 0.2954607909525232 0.4224538992692579 0.29471710496216574 0.4224538992692579 0.8547126557013403 0.37337062390566494 0.8539689697109828
0 0.42747377970417083 0.2976918489235956 0.4804614065171406 0.29694816293323817 0.4715371746328509 0.8569437136724126 0.4263582507186347 0.8539689697109828
0 0.48391665000075385 0.22381143670173287 0.5534107801687528 0.22905627671441206 0.5304646051132814 0.8601853582401383 0.502273590045131 0.8654301982528175 0.47670499498332003 0.858437078235912
0 0.5547219901719226 0.300735756887694 0.5894690552559221 0.2972391968792412 0.5665228802004508 0.8829129982950814 0.5324314201180361 0.8776681582824023
0 0.6019255502860351 0.22555971670595928 0.6858429904889018 0.22643385670807245 0.6451954803906382 0.8934026783204397 0.5711121152115449 0.8802905782887418
0 0.702888720530109 0.2981133368813544 0.7822169257218815 0.3024840368919204 0.7179676355665616 0.8925285383183265 0.6524071354080722 0.8916543983162134
0 0.7953290257535793 0.3120995769151655 0.873346020942182 0.3182185569299579 0.79139539574407 0.9012699383394583 0.72845731559192 0.8977733783310056
0 0.8851469109707101 0.3173444169278447 0.9644751161624824 0.32171511693841065 0.8641675509199934 0.9178785983796091 0.7986070507615038 0.908263058356364
0 0.9710311661783314 0.32433753694475026 1.0 0.32783409695320304 1.0 0.6346572376949343 0.9526742261339544 0.9327389784155334 0.8759684409485216 0.9196268783838355
