0 0.01642935377875137 0.18017524644030666 0.09309967141292443 0.17579408543263966 0.11500547645125958 0.7599488864549105 0.05257393209200438 0.7599488864549105
0 0.104052573932092 0.15826944140197152 0.2004381161007667 0.1655713764147499 0.22015334063526834 0.7497261774370209 0.1171960569550931 0.7555677254472435
0 0.20372398685651696 0.16411098941219424 0.3012048192771084 0.1728733114275283 0.3176341730558598 0.7482657904344651 0.2289156626506024 0.7511865644395764
0 0.3044906900328587 0.18601679445052938 0.3866374589266155 0.18163563344286235 0.4173055859802848 0.7365826944140198 0.32858707557502737 0.7482657904344651
0 0.3953997809419496 0.18601679445052938 0.4786418400876232 0.18163563344286235 0.5125958378970427 0.7424242424242423 0.41949616648411825 0.7468054034319095
0 0.4808324205914567 0.17579408543263966 0.570646221248631 0.17579408543263966 0.6122672508214676 0.739503468419131 0.5180722891566265 0.7482657904344651
0 0.5717415115005476 0.17433369843008398 0.6571741511500547 0.17141292442497263 0.7042716319824753 0.739503468419131 0.6210295728368018 0.7482657904344651
0 0.664841182913472 0.1728733114275283 0.7502738225629791 0.16849215041986126 0.8050383351588171 0.739503468419131 0.7152245345016429 0.7482657904344651
0 0.7634173055859802 0.16703176341730558 0.8400876232201533 0.16703176341730558 0.9047097480832421 0.7365826944140198 0.8203723986856517 0.7482657904344651
0 0.8652792990142387 0.18017524644030666 0.9452354874041621 0.1728733114275283 0.9989047097480832 0.5730193501277838 0.9978094194961664 0.7336619204089083 0.932092004381161 0.7497261774370209
