0 0.029141296598146214 0.05338819003085965 0.07227869687844642 0.052952458714897 0.14155997611650423 0.46166843308784195 0.10789973195839123 0.4673329401953561
0 0.08829182274007295 0.061231353718186936 0.1180304850545223 0.06689586082570116 0.18273658547497254 0.47038305940709446 0.1507103337517194 0.47038305940709446
0 0.11868408202846623 0.05513111529471015 0.14874954282988756 0.05992415977029903 0.21149485232850598 0.4708187907230571 0.18600457034469228 0.47386890993479547
0 0.15005673677777548 0.05992415977029903 0.18469737639680436 0.06253854766607478 0.24515509648661898 0.47299744730287024 0.21476283719822573 0.47386890993479547
0 0.18829215975349606 0.06297427898203743 0.2170504266070295 0.06428147292992534 0.2755473557750123 0.47561183519864597 0.24940347681725464 0.4764832978305712
0 0.21933801601583328 0.058616965822411125 0.25365185714789024 0.0603598910862617 0.3075736074982654 0.4795334170423097 0.2801225345926198 0.4804048796742349
0 0.256593043530638 0.05643830924259805 0.2948284665063586 0.06558866687781326 0.34450183652609817 0.48171207362212276 0.31378277875073285 0.48563365546578646
0 0.30005724229791003 0.06210281635011219 0.33633187435179884 0.06994598003743949 0.3791424761451271 0.48214780493808546 0.35201820172645354 0.4851979241498238
0 0.34319464257821025 0.07125317398532739 0.3784888791711832 0.08083926293650517 0.4118223248423242 0.4838907302019359 0.38600524437153844 0.4865051180977117
0 0.3840444534497066 0.08258218820035575 0.4105151308944363 0.08737523267594463 0.43731260682613793 0.48868377467752483 0.4163975036599318 0.48737658072963697
0 0.4147635112250719 0.08388938214824357 0.4435217780786053 0.08693950135998196 0.4677048661145312 0.4882480433615622 0.4402537932088857 0.4882480433615622
0 0.4523453372268486 0.08563230741209406 0.48665917835890554 0.0865037700440193 0.49744352842898054 0.4878123120455996 0.47228004493213877 0.4921696252052259
0 0.49221475263742903 0.08824669530786988 0.5206462210039905 0.09347547109942143 0.52554819830857 0.4912981625733006 0.5023455057335602 0.4947840131010017
0 0.5281625862043459 0.08911815793979504 0.5546332636490755 0.09826851557501033 0.5565940545709073 0.49260535652118853 0.5301233771261776 0.4947840131010017
0 0.5611692333885149 0.09783278425904765 0.5807771426068332 0.10219009741867398 0.5794699486589453 0.49870559494466526 0.5588816439797111 0.4952197444169643
0 0.5860059183983846 0.10175436610271131 0.6124765958431143 0.1065474105783002 0.6056138276167029 0.4965269383648521 0.5837183289895808 0.4947840131010017
0 0.6203197595304416 0.10567594794637504 0.6451564445403115 0.10741887321022545 0.6314309080874887 0.49696266968081476 0.6101890064343105 0.49696266968081476
0 0.6461368400012273 0.10829033584215077 0.6552871976364426 0.10306156005059922 0.659535577967078 0.11351911163370232 0.672607517445957 0.1200550813731417 0.6569211900713025 0.49739840099677746 0.6360060869050962 0.4965269383648521
0 0.6827382705420881 0.11613349952947806 0.7079017540389299 0.11831215610929122 0.6869866508727236 0.4991413262606279 0.6608427719149661 0.5008842515244785 0.6742415098808169 0.12310520058488011
0 0.7095357464737896 0.12441239453276802 0.727509663257248 0.12571958848065584 0.7033265752213222 0.502627176788329 0.6889474417945554 0.4991413262606279
0 0.7317580435878837 0.12702678242854368 0.7608431089283891 0.12571958848065584 0.7314312451009116 0.5039343707362168 0.7075749555519578 0.5017557141564036
0 0.7686862726157163 0.12136227532102961 0.7918889651907262 0.12441239453276802 0.761169907415361 0.504805833368142 0.7366600208924632 0.5056772960000674
0 0.79581054703439 0.12702678242854368 0.806921695591437 0.11918361874121647 0.8235884184270076 0.12397666321680535 0.7869869878861467 0.5061130273160299 0.7657450862329687 0.5061130273160299
0 0.8288171942185589 0.13312702085202047 0.8575754610720926 0.14227737848723568 0.8255492093488391 0.5074202212639178 0.7948301515734739 0.5061130273160299
0 0.8605166474548401 0.13574140874779628 0.8794709596992146 0.14271310980319832 0.8461375140280734 0.5069844899479552 0.8304511866534188 0.5069844899479552
0 0.8817585491080183 0.14140591585531043 0.8994056674045047 0.146634691646862 0.8673794156812514 0.504805833368142 0.8500590958717371 0.5039343707362168
0 0.9046344431960563 0.15142773612245095 0.9239155539274025 0.15491358665015192 0.8922161006911213 0.5043701020521795 0.8735885869337189 0.5052415646841047
0 0.9268567403101505 0.15360639270226403 0.9461378510414965 0.1540421240182267 0.9124776068833835 0.504805833368142 0.8958108840478131 0.504805833368142
0 0.9487522389372722 0.16144955638959138 0.9654189617728429 0.16232101902151663 0.9360070979453655 0.504805833368142 0.9167259872140193 0.5021914454723663
0 0.06622225494969078 0.5615609173770953 0.09886145260878777 0.5615609173770953 0.12896556695455685 0.936753247749628 0.09917833802295377 0.9380207894062921
0 0.10995244210459745 0.5619834312626499 0.13625393148037468 0.5619834312626499 0.1606541083711559 0.9287254839240896 0.13498638982371067 0.9295705116951989
0 0.14037344186453254 0.5636734868048685 0.16921001455363766 0.5645185145759778 0.18790625398943112 0.9228102895263245 0.16287230627031785 0.9278804561529802
0 0.17174509786696557 0.5649410284615325 0.19931412889940675 0.5645185145759778 0.21484151419354028 0.9202752062129965 0.18917379564609507 0.9240778311829884
0 0.20311675386939865 0.5649410284615325 0.22276364954769007 0.5653635423470872 0.23575595152849566 0.9190076645563326 0.21579217043603827 0.9190076645563326
0 0.22624938910351597 0.5695886812026336 0.25286776389345916 0.5695886812026336 0.2617405554901069 0.9249228589540978 0.23670660777099364 0.9295705116951989
0 0.25698727427761703 0.567898625660415 0.2810705657542323 0.569166167317079 0.2877251594517181 0.9240778311829884 0.26332498256093684 0.9240778311829884
0 0.28423941989589224 0.5687436534315244 0.3102240238575035 0.569166167317079 0.31307599258499735 0.9202752062129965 0.290260242765046 0.9240778311829884
0 0.3127591071708314 0.569166167317079 0.3371592840616126 0.5687436534315244 0.3396943673749405 0.9168950951285593 0.31624484672665726 0.9211202339841057
0 0.34032813820327257 0.5725462784015163 0.3644114296798878 0.570433708973743 0.36694651299321573 0.9156275534718954 0.3447645340015964 0.9202752062129965
0 0.36567897133655175 0.5733913061726256 0.392297346126495 0.571701250630407 0.39198046071232895 0.9194301784418872 0.3688478254782117 0.9198526923274418
0 0.3948324294398229 0.5860667227392652 0.44870294984804127 0.5847991810826013 0.4445834394638834 0.9080223035319115 0.3951493148539889 0.9152050395863407
0 0.45218868940386714 0.5932494587936944 0.5038410119129236 0.5902918615948117 0.49655264738710586 0.9177401228996686 0.44775229360554325 0.9261904006107616
0 0.50888971169796 0.5971073487784362 0.5615804658444493 0.5952682299600596 0.5458559999473295 0.9141714330665605 0.5039240908883432 0.927413088558872
0 0.5668219544768227 0.5967395250147608 0.6159264269274777 0.5952682299600596 0.5960639436890104 0.9115966667208334 0.5505457529341898 0.9229992033947682
0 0.616754030395747 0.6055672953429685 0.6344095710521623 0.6044638240519425 0.6137194843454257 0.9093897241387814 0.5990984897393318 0.9082862528477554
0 0.6368923814569708 0.610716828034423 0.656203129049925 0.6081420616886957 0.631926760647354 0.9130679617755346 0.6175816338640165 0.9130679617755346
0 0.6606170142140289 0.6085098854523711 0.678272554870444 0.6048316478156178 0.6523409795313341 0.9112288429571581 0.6390993240390226 0.9141714330665605
