0 0.17072080047335567 0.03154004862169648 0.2730772485146739 0.0358853695291109 0.2966686574635418 0.5534173321411927 0.2154472261766033 0.5517929035154538
0 0.2930418836729497 0.026149065215188415 0.3380134546663372 0.0284913345377607 0.3444663980334782 0.5614766650654193 0.3077385754815997 0.565054050378914
0 0.34875926040967187 0.5471671238114406 0.39884265479859704 0.5482403394054891 0.4048008835283742 0.049986296239604634 0.3404646106203626 0.049986296239604634
0 0.41377806276548856 0.05136677080774475 0.47832130338770146 0.05256695503419076 0.4571290392765785 0.5518984603136284 0.40619298226789335 0.5500964771647364
0 0.4602781550361268 0.5482951546508734 0.5064905472251553 0.548616074041075 0.5399394200359621 0.059704497328165226 0.4816991101462613 0.05566470704679863
0 0.5486922989789227 0.058442062865238086 0.6082792056290786 0.060461958005921385 0.5651091352537688 0.5533582693888672 0.5171762358061697 0.5536850846123735
0 0.5681594106731614 0.5484560410362718 0.6117347738073428 0.5497633019302973 0.6660527529239847 0.06660551324108921 0.6111458016577974 0.06272058744395331
0 0.6707146638805478 0.06660551324108921 0.7287295557844439 0.0695192075889411 0.6631316483561648 0.5502664026399776 0.6147312071632726 0.5513776372592022
0 0.6700459970980064 0.5513776372592022 0.7169647921319324 0.5506368141797192 0.794102730000955 0.07381048915570938 0.7334156208671355 0.07033603634270447
0 0.7940411625324835 0.08307505364572149 0.827213641579343 0.08593886478645753 0.7495832827411623 0.5394719896684597 0.7200930873118435 0.5402242905722688
0 0.8365964296260601 0.0866673516093801 0.9284971301571724 0.08841230161946446 0.8668422298008567 0.2707595776732854 0.8342698296126142 0.38767122834894086 0.8168203295117701 0.4897508039388788 0.8168203295117701 0.5447167292565378 0.7563287291621773 0.5386094042212424
0 0.21653686038758296 0.6480513231498091 0.25441442452281265 0.6446079082284245 0.2974571110401191 0.9829234242544533 0.265892474260761 0.986366839175838
0 0.26933588918214557 0.6837767529591734 0.36689931195470693 0.6820550454984812 0.37722955671886044 0.9824929973892804 0.3468127249132972 0.9902406809623956 0.3060656483435804 0.9846451317151457
0 0.3743600442843734 0.6252386992956366 0.4013334611685521 0.6269604067563289 0.4047768760899367 0.9880885466365301 0.3835424840747321 0.9867972660410109
0 0.40649858355062884 0.6730160813298468 0.43232419546101275 0.6721552275995006 0.43461980540860246 1.0000000000000002 0.4070724860375263 1.0000000000000002
0 0.4455239526596534 0.681624618633308 0.5396439605108302 0.6842071798243464 0.5258703008252922 0.9812017167937612 0.49086224912454957 0.9902406809623956 0.444950050172756 0.9833538511196265
0 0.5522698152225735 0.6829158992288272 0.6429464081523658 0.681624618633308 0.6108078688861103 0.9738844600858191 0.5798171345936496 0.9816321436589341 0.5373483505632406 0.9773278750072036
0 0.6532766529165194 0.6842071798243464 0.6877108021303646 0.6824854723636542 0.6435203106392633 0.9725931794902999 0.6182686012157768 0.9725931794902999
0 0.6934498269993387 0.694106997723327 0.7376403184904401 0.6975504126447115 0.6882847046172619 0.9786191556027228 0.6509810429689297 0.9777583018723767
