0 0.09750000 0.83016667 0.04875000 0.82250000 0.03812500 0.81200000 0.03462500 0.79500000 0.00012500 0.06966667 0.00012500 0.02233333 0.00575000 0.01750000 0.08400000 0.02550000 0.10462500 0.03333333 0.10087500 0.07366667 0.10762500 0.09000000 0.12512500 0.58333333 0.13712500 0.80666667 0.12075000 0.82650000
0 0.18625000 0.83650000 0.15025000 0.83016667 0.14412500 0.82600000 0.14062500 0.81600000 0.10962500 0.07933333 0.11012500 0.06466667 0.11875000 0.06050000 0.16275000 0.06316667 0.19350000 0.07183333 0.20162500 0.07900000 0.19887500 0.23200000 0.20337500 0.82366667 0.19550000 0.83416667
0 0.25350000 0.83850000 0.21800000 0.83416667 0.20900000 0.83016667 0.20637500 0.82133333 0.20187500 0.09500000 0.20412500 0.08400000 0.20925000 0.08083333 0.26175000 0.08783333 0.26862500 0.09566667 0.26237500 0.82300000 0.26062500 0.83500000
0 0.30775000 0.85683333 0.27300000 0.85050000 0.26387500 0.83833333 0.26987500 0.15733333 0.27237500 0.09600000 0.27925000 0.09083333 0.32900000 0.09583333 0.33612500 0.10066667 0.33812500 0.11000000 0.32737500 0.54900000 0.31937500 0.70766667 0.31962500 0.81300000 0.31587500 0.85366667
0 0.36950000 0.88016667 0.32650000 0.87316667 0.32137500 0.86566667 0.31912500 0.84400000 0.33987500 0.11433333 0.34162500 0.09966667 0.34925000 0.09883333 0.40025000 0.10350000 0.40837500 0.10900000 0.40937500 0.12233333 0.37737500 0.86700000 0.37512500 0.87700000
0 0.42775000 0.90583333 0.38525000 0.89916667 0.37912500 0.88100000 0.41112500 0.17000000 0.41575000 0.11083333 0.43575000 0.11150000 0.43925000 0.11616667 0.47475000 0.11216667 0.48412500 0.11900000 0.48537500 0.12666667 0.47962500 0.24100000 0.43787500 0.89533333
0 0.45925000 0.92150000 0.44350000 0.91816667 0.44087500 0.90066667 0.44612500 0.78333333 0.48912500 0.13033333 0.49425000 0.11083333 0.50775000 0.10750000 0.52775000 0.11550000 0.54900000 0.11616667 0.55337500 0.12266667 0.55337500 0.13600000 0.49087500 0.90433333 0.48525000 0.91716667
0 0.52150000 0.92883333 0.49425000 0.92483333 0.48937500 0.91433333 0.49587500 0.87066667 0.54762500 0.22866667 0.56012500 0.10000000 0.59300000 0.09950000 0.61975000 0.10716667 0.62012500 0.13000000 0.54537500 0.90866667 0.54150000 0.92350000
0 0.58225000 0.94616667 0.55650000 0.94416667 0.54687500 0.93700000 0.54737500 0.88800000 0.62262500 0.13133333 0.62725000 0.10783333 0.65550000 0.10750000 0.68500000 0.11516667 0.68787500 0.12866667 0.59637500 0.93533333 0.59275000 0.94350000
0 0.64375000 0.95350000 0.60750000 0.95183333 0.59937500 0.94733333 0.59762500 0.93633333 0.67962500 0.20966667 0.68337500 0.20500000 0.69350000 0.11516667 0.74825000 0.11883333 0.75262500 0.12766667 0.74637500 0.18966667 0.64837500 0.94733333
0 0.66650000 0.96750000 0.65037500 0.95600000 0.65037500 0.93566667 0.75562500 0.13100000 0.76525000 0.12616667 0.79900000 0.13083333 0.81537500 0.13866667 0.80837500 0.20633333 0.70662500 0.91233333 0.69812500 0.95900000 0.69250000 0.96416667
0 0.74175000 0.97583333 0.70525000 0.96883333 0.70187500 0.95500000 0.81312500 0.18300000 0.82150000 0.13750000 0.86600000 0.14150000 0.87762500 0.14666667 0.87887500 0.15900000 0.85787500 0.31500000 0.75287500 0.96733333 0.74875000 0.97450000
0 0.79475000 0.98683333 0.76825000 0.98550000 0.75600000 0.97983333 0.75587500 0.94833333 0.78487500 0.78866667 0.87212500 0.23633333 0.88237500 0.15166667 0.92100000 0.15050000 0.93950000 0.15716667 0.94312500 0.16300000 0.93837500 0.20833333 0.80462500 0.97900000
0 0.85475000 0.99966667 0.82100000 0.99966667 0.80662500 0.98866667 0.80562500 0.97766667 0.88962500 0.51400000 0.92212500 0.30933333 0.93162500 0.26100000 0.94237500 0.24433333 0.95137500 0.15900000 0.99975000 0.16116667 0.99975000 0.25333333 0.86562500 0.97200000
0 0.90975000 0.99966667 0.86250000 0.99966667 0.86162500 0.99433333 0.96987500 0.42633333 0.97762500 0.40333333 0.97837500 0.39033333 0.98412500 0.38866667 0.98512500 0.36900000 0.98262500 0.36533333 0.98537500 0.36166667 0.98612500 0.33800000 0.98962500 0.33433333 0.99012500 0.32066667 0.99975000 0.31350000 0.99975000 0.57100000 0.98862500 0.61500000 0.92637500 0.92200000 0.92437500 0.94666667
