0 0.05461711711711712 0.2057057057057057 0.14132882882882883 0.21021021021021022 0.15934684684684686 0.9009009009009008 0.08727477477477477 0.903903903903904
0 0.14245495495495494 0.19969969969969972 0.20101351351351351 0.2087087087087087 0.21452702702702703 0.9069069069069069 0.16047297297297297 0.912912912912913
0 0.21677927927927929 0.21021021021021022 0.2719594594594595 0.21621621621621623 0.2730855855855856 0.882882882882883 0.22240990990990991 0.8858858858858859
0 0.2730855855855856 0.21921921921921922 0.32826576576576577 0.22072072072072074 0.3260135135135135 0.8948948948948949 0.2730855855855856 0.9009009009009008
0 0.33051801801801806 0.2147147147147147 0.3856981981981982 0.21771771771771772 0.37668918918918914 0.8963963963963963 0.3260135135135135 0.9009009009009008
0 0.3902027027027027 0.2252252252252252 0.4442567567567568 0.22822822822822825 0.42511261261261263 0.8978978978978979 0.37668918918918914 0.9084084084084084
0 0.44876126126126126 0.22822822822822825 0.5039414414414415 0.2327327327327327 0.48254504504504503 0.9024024024024024 0.4318693693693693 0.9054054054054054
0 0.509572072072072 0.23423423423423423 0.553490990990991 0.23423423423423423 0.5343468468468469 0.8903903903903904 0.4847972972972973 0.8948948948948949
0 0.5591216216216217 0.22372372372372373 0.6086711711711712 0.22822822822822825 0.5748873873873874 0.8858858858858859 0.5332207207207207 0.882882882882883
0 0.6097972972972973 0.24174174174174176 0.6604729729729729 0.24924924924924927 0.6289414414414414 0.8978978978978979 0.5793918918918919 0.8948948948948949
0 0.6706081081081081 0.24174174174174176 0.714527027027027 0.24624624624624622 0.6807432432432432 0.8993993993993994 0.6323198198198198 0.9054054054054054
0 0.7246621621621622 0.2567567567567568 0.7753378378378378 0.2627627627627628 0.7370495495495495 0.8993993993993994 0.6863738738738739 0.9009009009009008
0 0.7877252252252253 0.2552552552552553 0.8384009009009009 0.26126126126126126 0.7899774774774775 0.9069069069069069 0.7449324324324323 0.9084084084084084
0 0.8451576576576576 0.26426426426426425 0.892454954954955 0.26876876876876876 0.8474099099099098 0.912912912912913 0.8001126126126126 0.9144144144144144
0 0.9037162162162162 0.26876876876876876 0.9453828828828829 0.2777777777777778 0.8947072072072072 0.9099099099099098 0.8541666666666666 0.912912912912913
0 0.9532657657657657 0.26126126126126126 1.0 0.26426426426426425 0.9420045045045045 0.903903903903904 0.8969594594594594 0.9084084084084084
