0 0.30466667 0.44962500 0.24433333 0.44837500 0.23950000 0.44400000 0.22850000 0.04275000 0.23066667 0.03662500 0.24400000 0.03512500 0.24850000 0.02875000 0.25533333 0.02662500 0.31000000 0.02937500 0.31550000 0.03325000 0.31816667 0.04125000 0.32116667 0.44425000 0.31866667 0.44837500
0 0.39366667 0.45262500 0.34000000 0.45162500 0.32633333 0.45012500 0.32350000 0.44725000 0.32016667 0.03325000 0.32250000 0.01750000 0.33333333 0.01187500 0.40066667 0.01662500 0.40850000 0.02100000 0.41050000 0.02725000 0.40516667 0.43525000 0.40350000 0.44800000
0 0.47233333 0.45337500 0.40833333 0.45162500 0.40516667 0.44800000 0.40950000 0.11150000 0.41250000 0.05300000 0.41600000 0.04912500 0.48633333 0.05012500 0.49516667 0.06400000 0.48016667 0.43450000 0.47883333 0.44775000
0 0.54133333 0.45362500 0.48966667 0.45287500 0.48450000 0.44775000 0.50583333 0.09150000 0.50883333 0.06450000 0.51466667 0.06037500 0.56866667 0.06337500 0.57083333 0.06825000 0.54916667 0.40425000 0.54550000 0.44800000
0 0.60733333 0.45412500 0.55233333 0.45312500 0.54883333 0.45100000 0.54816667 0.44125000 0.58216667 0.08100000 0.58800000 0.07212500 0.61633333 0.07087500 0.64666667 0.07312500 0.65483333 0.07900000 0.65516667 0.08625000 0.61983333 0.42150000 0.61550000 0.45025000
0 0.29833333 0.96262500 0.25233333 0.96037500 0.24816667 0.95325000 0.24783333 0.93200000 0.25183333 0.91925000 0.25600000 0.91437500 0.26300000 0.91312500 0.26916667 0.90825000 0.26916667 0.90275000 0.26216667 0.89650000 0.26216667 0.89250000 0.26983333 0.87100000 0.26616667 0.85600000 0.26200000 0.85412500 0.24733333 0.85412500 0.24416667 0.84325000 0.23816667 0.66400000 0.23816667 0.64275000 0.24033333 0.64012500 0.29433333 0.64062500 0.30033333 0.64237500 0.30216667 0.64550000 0.30216667 0.83800000 0.30516667 0.84550000 0.30850000 0.95550000 0.30633333 0.96062500
0 0.33566667 0.97287500 0.31400000 0.97087500 0.31050000 0.96475000 0.31316667 0.95150000 0.31150000 0.93700000 0.31450000 0.93175000 0.31050000 0.92600000 0.30616667 0.66075000 0.30733333 0.65812500 0.31600000 0.65712500 0.38600000 0.65787500 0.38883333 0.65875000 0.39016667 0.67400000 0.38716667 0.96625000 0.37333333 0.97162500
0 0.44366667 0.97637500 0.40000000 0.97537500 0.39483333 0.96800000 0.39250000 0.87400000 0.39483333 0.65025000 0.39650000 0.63325000 0.40766667 0.63162500 0.47133333 0.63237500 0.47783333 0.63500000 0.47916667 0.63875000 0.47116667 0.96950000 0.46800000 0.97537500
0 0.56466667 0.98412500 0.48633333 0.98037500 0.47766667 0.97887500 0.47316667 0.97475000 0.47983333 0.68900000 0.48216667 0.65825000 0.48633333 0.65512500 0.50200000 0.65837500 0.58233333 0.66087500 0.58800000 0.66212500 0.59083333 0.66575000 0.57316667 0.95475000 0.56983333 0.97850000
0 0.61933333 0.98587500 0.58000000 0.98437500 0.57616667 0.98275000 0.57483333 0.97900000 0.59183333 0.69675000 0.59600000 0.66662500 0.63066667 0.66937500 0.64266667 0.66762500 0.64483333 0.67375000 0.62450000 0.98250000
0 0.65033333 0.98587500 0.63066667 0.98462500 0.62683333 0.98300000 0.62583333 0.97850000 0.64616667 0.67250000 0.64650000 0.66975000 0.65200000 0.66812500 0.67200000 0.66912500 0.67816667 0.67400000 0.65483333 0.97850000 0.65383333 0.98350000
0 0.72033333 0.99975000 0.66133333 0.99975000 0.65750000 0.99425000 0.66016667 0.92300000 0.68200000 0.67612500 0.71633333 0.67912500 0.75066667 0.67887500 0.75250000 0.68125000
0 0.78133333 0.99487500 0.74800000 0.99437500 0.73150000 0.99050000 0.74016667 0.93225000 0.73750000 0.91775000 0.74983333 0.82625000 0.76450000 0.67425000 0.76800000 0.67112500 0.77400000 0.67087500 0.85766667 0.67487500 0.86216667 0.67800000 0.86050000 0.69300000 0.83816667 0.83800000 0.83483333 0.84525000 0.82683333 0.92050000 0.82233333 0.92712500 0.81516667 0.92800000 0.82250000 0.93650000 0.82283333 0.94425000 0.81483333 0.98700000 0.81066667 0.99287500
