0 0.12775000 0.88216667 0.11875000 0.88116667 0.11537500 0.87233333 0.11412500 0.81400000 0.10737500 0.76466667 0.09537500 0.59333333 0.07112500 0.21100000 0.07212500 0.19566667 0.08025000 0.19350000 0.11200000 0.19350000 0.12100000 0.19716667 0.12412500 0.20766667 0.12587500 0.32133333 0.13937500 0.53266667 0.14137500 0.61566667 0.15962500 0.86733333 0.15862500 0.87666667 0.15400000 0.88050000
0 0.18725000 0.87716667 0.16600000 0.87716667 0.16162500 0.84833333 0.16012500 0.79500000 0.14562500 0.61900000 0.12612500 0.22600000 0.12662500 0.20100000 0.13850000 0.19650000 0.17050000 0.19716667 0.17612500 0.20333333 0.17737500 0.24833333 0.17487500 0.27200000 0.18987500 0.54233333 0.18937500 0.61533333 0.19237500 0.63500000 0.18937500 0.64700000 0.19362500 0.65666667 0.19362500 0.66166667 0.18962500 0.66233333 0.19362500 0.66266667 0.19462500 0.67366667 0.20537500 0.86433333 0.20375000 0.87350000
0 0.22425000 0.87450000 0.21275000 0.87383333 0.20837500 0.86466667 0.20737500 0.79100000 0.20287500 0.75366667 0.18562500 0.37066667 0.18362500 0.27533333 0.18437500 0.26766667 0.19012500 0.26400000 0.18137500 0.26000000 0.17962500 0.20133333 0.18200000 0.19650000 0.21975000 0.19750000 0.22887500 0.20833333 0.23262500 0.24333333 0.23262500 0.26066667 0.22850000 0.26550000 0.21975000 0.26383333 0.21937500 0.26800000 0.22887500 0.27500000 0.23037500 0.28333333 0.24262500 0.69433333 0.24812500 0.74433333 0.24862500 0.82700000 0.25237500 0.85633333 0.25212500 0.86233333 0.24275000 0.87316667
0 0.26950000 0.86283333 0.25950000 0.86183333 0.25612500 0.84600000 0.23412500 0.22333333 0.23450000 0.20516667 0.25075000 0.20116667 0.27225000 0.20116667 0.27637500 0.20500000 0.27737500 0.21766667 0.27662500 0.29566667 0.28312500 0.45000000 0.28362500 0.58400000 0.29437500 0.85766667 0.29100000 0.86183333
0 0.31750000 0.87816667 0.29900000 0.87550000 0.29687500 0.85433333 0.27937500 0.21633333 0.28112500 0.19733333 0.29175000 0.19450000 0.32025000 0.19716667 0.32612500 0.20566667 0.32787500 0.22066667 0.33437500 0.64200000 0.33212500 0.66266667 0.33637500 0.71700000 0.33962500 0.86966667 0.33425000 0.87716667
0 0.36150000 0.87650000 0.34462500 0.87333333 0.34262500 0.83566667 0.34412500 0.75166667 0.34062500 0.69933333 0.33987500 0.53266667 0.33212500 0.20866667 0.33500000 0.19750000 0.34900000 0.19583333 0.37675000 0.19850000 0.38137500 0.20833333 0.37887500 0.27200000 0.38312500 0.73366667 0.38237500 0.76433333 0.37362500 0.76800000 0.38075000 0.77250000 0.38362500 0.78066667 0.38437500 0.86633333 0.38100000 0.87416667
0 0.39275000 0.87516667 0.38812500 0.87000000 0.38787500 0.85600000 0.38712500 0.37133333 0.38362500 0.20133333 0.38825000 0.19583333 0.41925000 0.19583333 0.43000000 0.19716667 0.43312500 0.20133333 0.43062500 0.27100000 0.42962500 0.86300000 0.42775000 0.86950000
0 0.45175000 0.86350000 0.43525000 0.86350000 0.43212500 0.85766667 0.43437500 0.79133333 0.43712500 0.78333333 0.43437500 0.76466667 0.43762500 0.29666667 0.43487500 0.20866667 0.43725000 0.20050000 0.47125000 0.19983333 0.48012500 0.20433333 0.48112500 0.22033333 0.47737500 0.27166667 0.47862500 0.38266667 0.47137500 0.85766667 0.46775000 0.86250000
0 0.48975000 0.86616667 0.47825000 0.86583333 0.47437500 0.85600000 0.47787500 0.79300000 0.47762500 0.63866667 0.48412500 0.52600000 0.48162500 0.47000000 0.48487500 0.31100000 0.48337500 0.21233333 0.48462500 0.20133333 0.48950000 0.19716667 0.51375000 0.19683333 0.52925000 0.20050000 0.53062500 0.20533333 0.52537500 0.30200000 0.52187500 0.51533333 0.51862500 0.53633333 0.51987500 0.60466667 0.51487500 0.84800000 0.51275000 0.86183333
0 0.53550000 0.87416667 0.52925000 0.87383333 0.52137500 0.86200000 0.51987500 0.84466667 0.53162500 0.49100000 0.53512500 0.29500000 0.53212500 0.27000000 0.53312500 0.21000000 0.53600000 0.20050000 0.54325000 0.19716667 0.58475000 0.19716667 0.58812500 0.21533333 0.56487500 0.80300000 0.56562500 0.85400000 0.56100000 0.86950000
0 0.57325000 0.85950000 0.56812500 0.85633333 0.57587500 0.74033333 0.57237500 0.69900000 0.57737500 0.65700000 0.57987500 0.48333333 0.59212500 0.33033333 0.59162500 0.23633333 0.59612500 0.23633333 0.59637500 0.22866667 0.59187500 0.22366667 0.59137500 0.21700000 0.59575000 0.21183333 0.60850000 0.21083333 0.62125000 0.21283333 0.62262500 0.22300000 0.59587500 0.72500000 0.59337500 0.72833333 0.59262500 0.81500000 0.58837500 0.85666667
0 0.60775000 0.86683333 0.60000000 0.86583333 0.59187500 0.85900000 0.59162500 0.83800000 0.59587500 0.81066667 0.59975000 0.81950000 0.59862500 0.80700000 0.60512500 0.80300000 0.60637500 0.77566667 0.61062500 0.77233333 0.61087500 0.71233333 0.61437500 0.70933333 0.61137500 0.70466667 0.61487500 0.70133333 0.61462500 0.64166667 0.61562500 0.62700000 0.61987500 0.61933333 0.61537500 0.61166667 0.61862500 0.59966667 0.61612500 0.59600000 0.61912500 0.56866667 0.61637500 0.55700000 0.61837500 0.55333333 0.61662500 0.52533333 0.62212500 0.49833333 0.61937500 0.47866667 0.62762500 0.47466667 0.62587500 0.45433333 0.63037500 0.42800000 0.63037500 0.38433333 0.63512500 0.37900000 0.63637500 0.35766667 0.63287500 0.34200000 0.64087500 0.33800000 0.63550000 0.33716667 0.63337500 0.33100000 0.63662500 0.25200000 0.64087500 0.21300000 0.65475000 0.21050000 0.66325000 0.21283333 0.66487500 0.22200000 0.64487500 0.47866667 0.63637500 0.65466667 0.63512500 0.67000000 0.63100000 0.66183333 0.62862500 0.67533333 0.63137500 0.73700000 0.62662500 0.76700000 0.62387500 0.84766667 0.62075000 0.85783333
0 0.66341463 0.21138211 0.68963415 0.21626016 0.64329268 0.83658537 0.62682927 0.85203252
0 0.68902439 0.21463415 0.72073171 0.22032520 0.66219512 0.84471545 0.64146341 0.84227642
0 0.73353659 0.21219512 0.76463415 0.21463415 0.70121951 0.85691057 0.67682927 0.86178862
0 0.75914634 0.20894309 0.78963415 0.21056911 0.72317073 0.84552846 0.70121951 0.84634146 0.76707317 0.21626016
0 0.79573171 0.20406504 0.82439024 0.20894309 0.75914634 0.84959350 0.73536585 0.85365854
0 0.83841463 0.19837398 0.86585366 0.20325203 0.79939024 0.85853659 0.77560976 0.85853659
0 0.86951220 0.19674797 0.89573171 0.20487805 0.82439024 0.85528455 0.80243902 0.85934959
0 0.89878049 0.20243902 0.91768293 0.20650407 0.84817073 0.85203252 0.82865854 0.84634146
0 0.91768293 0.20650407 0.93597561 0.20975610 0.87500000 0.84227642 0.85426829 0.84227642
0 0.93719512 0.21138211 0.95426829 0.21138211 0.88658537 0.82764228 0.87743902 0.82764228
