0 0.12375000 0.99966667 0.09450000 0.99516667 0.08587500 0.96666667 0.07837500 0.79333333 0.05612500 0.48300000 0.03837500 0.10633333 0.03237500 0.06833333 0.03362500 0.05400000 0.04100000 0.04650000 0.09200000 0.04883333 0.10812500 0.05666667 0.12662500 0.49433333 0.15362500 0.98000000 0.15175000 0.99050000
0 0.21250000 0.99966667 0.16050000 0.99966667 0.15612500 0.98733333 0.12112500 0.34966667 0.11162500 0.08400000 0.11475000 0.05583333 0.17800000 0.06316667 0.18612500 0.07200000 0.19687500 0.38500000 0.22662500 0.96833333 0.22537500 0.99033333
0 0.25875000 0.99583333 0.23225000 0.99183333 0.22812500 0.96633333 0.19612500 0.31400000 0.18887500 0.09833333 0.18937500 0.07633333 0.19325000 0.07116667 0.25025000 0.07616667 0.25900000 0.08016667 0.26037500 0.08666667 0.29287500 0.98366667 0.28625000 0.99050000
0 0.33925000 0.99966667 0.30125000 0.99966667 0.29462500 0.98766667 0.26212500 0.11633333 0.26337500 0.08433333 0.26750000 0.07950000 0.32425000 0.08783333 0.33512500 0.09700000 0.33187500 0.14800000 0.36037500 0.97066667 0.35862500 0.99033333
0 0.39300000 0.99216667 0.37125000 0.99083333 0.36487500 0.98466667 0.36037500 0.94433333 0.33537500 0.18733333 0.33512500 0.12700000 0.33662500 0.10833333 0.34025000 0.10650000 0.38275000 0.11116667 0.40612500 0.11933333 0.42312500 0.96733333 0.41850000 0.98383333
0 0.47125000 0.99966667 0.43275000 0.99966667 0.42562500 0.97366667 0.42062500 0.61833333 0.40712500 0.13233333 0.40812500 0.11933333 0.41625000 0.11250000 0.45550000 0.11383333 0.46087500 0.11900000 0.47487500 0.93966667 0.47537500 0.98766667
0 0.57700000 0.99966667 0.47812500 0.99966667 0.48112500 0.93500000 0.47412500 0.72833333 0.47475000 0.72250000 0.48062500 0.72100000 0.47462500 0.70766667 0.47062500 0.57633333 0.46562500 0.11566667 0.47037500 0.09600000 0.47775000 0.09383333 0.56550000 0.09816667 0.57225000 0.09983333 0.57487500 0.10733333 0.57337500 0.69766667 0.57637500 0.70633333 0.57187500 0.71000000 0.57637500 0.71266667 0.57712500 0.73233333
0 0.63175000 0.99966667 0.58175000 0.99966667 0.58012500 0.99433333 0.57987500 0.61166667 0.58512500 0.37233333 0.58137500 0.35366667 0.58462500 0.29466667 0.57887500 0.10033333 0.58350000 0.00016667 0.64100000 0.00016667 0.64262500 0.01300000
0 0.77200000 0.99966667 0.63800000 0.99966667 0.63712500 0.99533333 0.64987500 0.31633333 0.65312500 0.30766667 0.65037500 0.28666667 0.65487500 0.26433333 0.65087500 0.16233333 0.65450000 0.12783333 0.65987500 0.13100000 0.65712500 0.14266667 0.66225000 0.15250000 0.66912500 0.13866667 0.66712500 0.09966667 0.67212500 0.05666667 0.67800000 0.05116667 0.81450000 0.06283333 0.82262500 0.06766667 0.82512500 0.07900000 0.82337500 0.19100000 0.81862500 0.25033333 0.81037500 0.27433333 0.80187500 0.40266667
0 0.84200000 0.99966667 0.78275000 0.99966667 0.77887500 0.99066667 0.77962500 0.94333333 0.78637500 0.89566667 0.79112500 0.72366667 0.80187500 0.61233333 0.80687500 0.46633333 0.81062500 0.44333333 0.81462500 0.44033333 0.81262500 0.37300000 0.82887500 0.18200000 0.82737500 0.15833333 0.86650000 0.15550000 0.88112500 0.16000000 0.88337500 0.23300000 0.85012500 0.83433333 0.83962500 0.94666667 0.83862500 0.99033333
0 0.89950000 0.99966667 0.84425000 0.99966667 0.84362500 0.98900000 0.84812500 0.96500000 0.88637500 0.19733333 0.89112500 0.18166667 0.90125000 0.17316667 0.94325000 0.17916667 0.94637500 0.20300000 0.93287500 0.48766667
0 0.96150000 0.99966667 0.90250000 0.99966667 0.90187500 0.99433333 0.91587500 0.78400000 0.92412500 0.74066667 0.92362500 0.67366667 0.92762500 0.64766667 0.93137500 0.54700000 0.94037500 0.47500000 0.93937500 0.41933333 0.94637500 0.34600000 0.94712500 0.24733333 0.95125000 0.22416667 0.99975000 0.22800000 0.99975000 0.42933333 0.99337500 0.47866667
