0 0.07725000 0.96183333 0.04975000 0.95916667 0.04537500 0.94000000 0.06237500 0.46933333 0.08037500 0.07233333 0.09125000 0.06050000 0.11650000 0.05950000 0.15050000 0.06483333 0.15637500 0.08466667 0.14537500 0.15000000 0.14087500 0.21600000 0.11787500 0.74433333 0.11412500 0.93200000 0.11125000 0.95183333
0 0.16125000 0.96916667 0.11925000 0.96750000 0.11712500 0.95733333 0.12637500 0.59166667 0.14962500 0.13933333 0.15212500 0.12666667 0.15800000 0.12083333 0.19375000 0.12150000 0.21300000 0.12616667 0.23312500 0.15833333 0.23612500 0.22500000 0.23062500 0.25933333 0.22862500 0.33400000 0.22212500 0.36533333 0.22487500 0.38166667 0.20912500 0.77766667 0.20087500 0.80633333 0.19912500 0.83800000 0.19887500 0.87500000 0.20587500 0.90033333 0.20512500 0.92833333 0.20212500 0.94066667 0.17800000 0.96716667
0 0.23150000 0.94483333 0.21125000 0.94383333 0.20787500 0.93200000 0.23587500 0.24333333 0.23650000 0.23616667 0.24475000 0.23250000 0.26487500 0.23666667 0.26537500 0.27033333 0.24487500 0.74733333 0.24412500 0.88866667 0.24112500 0.93833333
0 0.27275000 0.95716667 0.24425000 0.95416667 0.24262500 0.93433333 0.27112500 0.14066667 0.27875000 0.13083333 0.29625000 0.13083333 0.30625000 0.13783333 0.32700000 0.14150000 0.32987500 0.14666667 0.32112500 0.32233333 0.32312500 0.35166667 0.31062500 0.53900000 0.29712500 0.94600000 0.29500000 0.95450000
0 0.35400000 0.97116667 0.30575000 0.96950000 0.29900000 0.96850000 0.29737500 0.96300000 0.32987500 0.19066667 0.33337500 0.14066667 0.34400000 0.13483333 0.38825000 0.13783333 0.39412500 0.15066667 0.36162500 0.95933333 0.36012500 0.96800000
0 0.38200000 0.97083333 0.36337500 0.96733333 0.36512500 0.89933333 0.38712500 0.43566667 0.39637500 0.14666667 0.40037500 0.12200000 0.40975000 0.12183333 0.43587500 0.12800000 0.43637500 0.16966667 0.40312500 0.96166667 0.40025000 0.96950000
0 0.42875000 0.97116667 0.41050000 0.97016667 0.40687500 0.96300000 0.43887500 0.13633333 0.44112500 0.11933333 0.44500000 0.11650000 0.47475000 0.12150000 0.47912500 0.12633333 0.47962500 0.13666667 0.44812500 0.96433333 0.44400000 0.96983333
0 0.50675000 0.96550000 0.45700000 0.96383333 0.45162500 0.95900000 0.47162500 0.48933333 0.48212500 0.13600000 0.48650000 0.12383333 0.54900000 0.12716667 0.55875000 0.13083333 0.56187500 0.14233333 0.53437500 0.95633333 0.53000000 0.96383333
0 0.63200000 0.98750000 0.55675000 0.97716667 0.54437500 0.96700000 0.54312500 0.95166667 0.54987500 0.84200000 0.56812500 0.16700000 0.57187500 0.13133333 0.58475000 0.12116667 0.66250000 0.12050000 0.67787500 0.12900000 0.68062500 0.14500000 0.68237500 0.19400000 0.66262500 0.97466667 0.65825000 0.98383333
0 0.70600000 0.96983333 0.66625000 0.96750000 0.66437500 0.94966667 0.68537500 0.21600000 0.68412500 0.12633333 0.68975000 0.11883333 0.71075000 0.11716667 0.74400000 0.12416667 0.74762500 0.14500000 0.73262500 0.52133333 0.73312500 0.67433333 0.72262500 0.95166667 0.72075000 0.96750000
0 0.73700000 0.97116667 0.72625000 0.96883333 0.72362500 0.96266667 0.73362500 0.73100000 0.74712500 0.17300000 0.74937500 0.13200000 0.75750000 0.12716667 0.77287500 0.13100000 0.77112500 0.42400000 0.75412500 0.96700000
0 0.77550000 0.97050000 0.75562500 0.96700000 0.75462500 0.93766667 0.76237500 0.76000000 0.77262500 0.23033333 0.77462500 0.21333333 0.77800000 0.21283333 0.79550000 0.21650000 0.80462500 0.22466667 0.80862500 0.31066667 0.79587500 0.95500000 0.79125000 0.96783333
0 0.81925000 0.96450000 0.79975000 0.96316667 0.79737500 0.95600000 0.79862500 0.87633333 0.80212500 0.85766667 0.80262500 0.79766667 0.80537500 0.79133333 0.80662500 0.60566667 0.81050000 0.62150000 0.81487500 0.60400000 0.81162500 0.59300000 0.81487500 0.58766667 0.81075000 0.57816667 0.80662500 0.60233333 0.80637500 0.57700000 0.80662500 0.52900000 0.81237500 0.50233333 0.80787500 0.23266667 0.81225000 0.22050000 0.83825000 0.22450000 0.84262500 0.25100000 0.84212500 0.45966667 0.83912500 0.49400000 0.84212500 0.54666667 0.83837500 0.58800000 0.83962500 0.68633333 0.83337500 0.76100000 0.83400000 0.82583333 0.83025000 0.78283333 0.82812500 0.80666667 0.82962500 0.84166667 0.83400000 0.82716667 0.83587500 0.84333333 0.83537500 0.89600000 0.83237500 0.95533333 0.82675000 0.96316667
0 0.88100000 0.97183333 0.85350000 0.96783333 0.84737500 0.95333333 0.85037500 0.82500000 0.84837500 0.23100000 0.84937500 0.21300000 0.86000000 0.20883333 0.88525000 0.21250000 0.88862500 0.22100000 0.89287500 0.32200000 0.89337500 0.93366667 0.89037500 0.96600000
0 0.96775000 0.97350000 0.93750000 0.97116667 0.91550000 0.95950000 0.90712500 0.95100000 0.90187500 0.92466667 0.90887500 0.86900000 0.89637500 0.50333333 0.89737500 0.36966667 0.89087500 0.22066667 0.88850000 0.21050000 0.87837500 0.20533333 0.88312500 0.18166667 0.88062500 0.08900000 0.89075000 0.07883333 0.93350000 0.07983333 0.93937500 0.10333333 0.98387500 0.95500000 0.98100000 0.96816667
0 0.99975000 0.96383333 0.98900000 0.96316667 0.98487500 0.94966667 0.94512500 0.17900000 0.94612500 0.14300000 0.97450000 0.13150000 0.98725000 0.13483333 0.99562500 0.14433333 0.99412500 0.19900000 0.99975000 0.28133333
