0 0.010234899328859022 0.22281879194630874 0.08473154362416103 0.22013422818791947 0.10788590604026842 0.8053691275167786 0.04144295302013419 0.8093959731543625
0 0.09580536912751673 0.2375838926174497 0.16828859060402682 0.2389261744966443 0.17936241610738252 0.8067114093959732 0.11493288590604024 0.8120805369127517
0 0.17231543624161072 0.22684563758389262 0.23775167785234896 0.2389261744966443 0.2437919463087248 0.7986577181208054 0.1843959731543624 0.8093959731543625
0 0.24077181208053688 0.24026845637583893 0.30620805369127513 0.24832214765100674 0.3031879194630872 0.8053691275167786 0.24580536912751674 0.8080536912751678
0 0.311241610738255 0.2536912751677852 0.33842281879194624 0.2550335570469799 0.3374161073825503 0.8174496644295303 0.31023489932885906 0.8147651006711409
0 0.34647651006711405 0.24832214765100674 0.3776845637583892 0.251006711409396 0.3726510067114094 0.8134228187919463 0.3424496644295302 0.8134228187919463
0 0.385738255033557 0.2563758389261745 0.41493288590604027 0.25771812080536916 0.4078859060402684 0.8120805369127517 0.37869127516778517 0.8107382550335571
0 0.425 0.2657718120805369 0.4521812080536913 0.2671140939597315 0.44312080536912746 0.8147651006711409 0.4169463087248322 0.8201342281879196
0 0.45922818791946307 0.2671140939597315 0.48439597315436245 0.27114093959731544 0.4823825503355704 0.7986577181208054 0.4501677852348993 0.804026845637584
0 0.4914429530201342 0.24563758389261747 0.5296979865771811 0.2536912751677852 0.5115771812080536 0.7825503355704698 0.4833892617449664 0.7838926174496644
0 0.5498322147651006 0.26174496644295303 0.577013422818792 0.2563758389261745 0.5679530201342281 0.8107382550335571 0.5387583892617449 0.8107382550335571
0 0.5307046979865772 0.2684563758389262 0.5407718120805368 0.2684563758389262 0.537751677852349 0.7879194630872484 0.5156040268456376 0.7986577181208054
0 0.6011744966442953 0.2671140939597315 0.6263422818791946 0.2671140939597315 0.6203020134228188 0.804026845637584 0.5870805369127516 0.8067114093959732
0 0.5810402684563758 0.2697986577181208 0.5981543624161073 0.27114093959731544 0.5860738255033557 0.8053691275167786 0.5699664429530201 0.8013422818791947
0 0.6354026845637584 0.28859060402684567 0.6716442953020134 0.29127516778523493 0.6565436241610738 0.8147651006711409 0.6233221476510067 0.804026845637584 0.6213087248322148 0.8120805369127517
0 0.6776845637583893 0.33288590604026846 0.6947986577181208 0.33288590604026846 0.686744966442953 0.8093959731543625 0.6635906040268457 0.804026845637584
0 0.7008389261744967 0.29127516778523493 0.7280201342281879 0.2859060402684564 0.725 0.8 0.6968120805369127 0.804026845637584
0 0.7330536912751678 0.2939597315436242 0.7552013422818792 0.28993288590604027 0.7511744966442954 0.804026845637584 0.7290268456375838 0.804026845637584
0 0.7703020134228187 0.2953020134228188 0.799496644295302 0.2953020134228188 0.7944630872483222 0.8120805369127517 0.763255033557047 0.8120805369127517
0 0.8125838926174497 0.28993288590604027 0.8598993288590604 0.29261744966442954 0.8488255033557046 0.8134228187919463 0.801510067114094 0.8147651006711409
0 0.8719798657718121 0.28859060402684567 0.9011744966442954 0.2859060402684564 0.8941275167785235 0.8134228187919463 0.8598993288590604 0.8107382550335571
0 0.9072147651006711 0.28724832214765106 0.9263422818791947 0.28859060402684567 0.9213087248322148 0.8013422818791947 0.8971476510067113 0.8093959731543625
0 0.9354026845637584 0.3100671140939597 0.9726510067114095 0.31543624161073824 0.9635906040268456 0.7986577181208054 0.9263422818791947 0.8013422818791947
