0 0.013168394361302198 0.15885470368139928 0.0419183943613022 0.15552137034806596 0.058168394361302195 0.795521370348066 0.026918394361302198 0.7988547036813993
0 0.0481683943613022 0.17385470368139927 0.0919183943613022 0.17052137034806597 0.09941839436130219 0.800521370348066 0.058168394361302195 0.7988547036813993
0 0.09691839436130219 0.1488547036813993 0.13691839436130218 0.14218803701473262 0.1469183943613022 0.805521370348066 0.1056683943613022 0.8071880370147326
0 0.14066839436130218 0.1388547036813993 0.19316839436130218 0.1388547036813993 0.19316839436130218 0.8121880370147326 0.15066839436130217 0.8155213703480659
0 0.19566839436130218 0.1438547036813993 0.2381683943613022 0.1438547036813993 0.2406683943613022 0.8088547036813993 0.19566839436130218 0.8138547036813993
0 0.24191839436130216 0.1438547036813993 0.2931683943613022 0.15218803701473263 0.2831683943613022 0.8088547036813993 0.24441839436130217 0.8121880370147326
0 0.2931683943613022 0.15552137034806596 0.3306683943613022 0.15552137034806596 0.3256683943613022 0.8155213703480659 0.28441839436130223 0.8138547036813993
0 0.3344183943613022 0.20552137034806595 0.3794183943613022 0.20218803701473262 0.3731683943613022 0.8121880370147326 0.3269183943613022 0.8088547036813993
0 0.3881683943613022 0.1871880370147326 0.4981683943613022 0.19052137034806593 0.4906683943613022 0.8155213703480659 0.37816839436130223 0.8221880370147326
0 0.5006683943613022 0.21052137034806595 0.5744183943613022 0.20552137034806595 0.5681683943613022 0.8205213703480659 0.4956683943613022 0.8255213703480659
0 0.5769183943613021 0.19885470368139926 0.6456683943613022 0.19552137034806594 0.6544183943613021 0.8371880370147327 0.5806683943613021 0.8371880370147327
0 0.6444183943613021 0.15885470368139928 0.6906683943613021 0.16052137034806596 0.6956683943613021 0.8288547036813994 0.6544183943613021 0.8321880370147327
0 0.6969183943613021 0.16052137034806596 0.7444183943613022 0.16052137034806596 0.7594183943613021 0.8321880370147327 0.7106683943613021 0.840521370348066
0 0.7481683943613021 0.17385470368139927 0.8031683943613022 0.16052137034806596 0.8181683943613022 0.835521370348066 0.7656683943613022 0.835521370348066
0 0.8019183943613022 0.1688547036813993 0.8506683943613021 0.1688547036813993 0.8681683943613021 0.8255213703480659 0.8231683943613022 0.830521370348066
0 0.8531683943613021 0.1688547036813993 0.8756683943613022 0.1688547036813993 0.9006683943613022 0.8288547036813994 0.8731683943613021 0.8288547036813994
0 0.8831683943613021 0.2221880370147326 0.9381683943613022 0.2171880370147326 0.9706683943613021 0.8288547036813994 0.9131683943613021 0.830521370348066
0 0.9419183943613022 0.25552137034806593 0.9756683943613021 0.24885470368139928 0.9919183943613021 0.8155213703480659 0.9706683943613021 0.8205213703480659
