0 0.23372483221476506 0.1248322147651006 0.273993288590604 0.12617449664429523 0.2588926174496644 0.3865771812080537 0.2246644295302013 0.38523489932885896
0 0.27701342281879193 0.12214765100671136 0.312248322147651 0.12617449664429523 0.29714765100671137 0.38926174496644295 0.2609060402684564 0.3865771812080537
0 0.31627516778523485 0.12751677852348983 0.3525167785234899 0.13020134228187913 0.33942953020134226 0.38523489932885896 0.3011744966442953 0.38523489932885896
0 0.3545302013422819 0.12751677852348983 0.3897651006711409 0.13020134228187913 0.3807046979865772 0.3865771812080537 0.34144295302013417 0.38926174496644295
0 0.39077181208053696 0.12751677852348983 0.42600671140939594 0.13154362416107376 0.4179530201342282 0.3865771812080537 0.385738255033557 0.38523489932885896
0 0.4290268456375839 0.12617449664429523 0.462248322147651 0.12751677852348983 0.460234899328859 0.3838926174496644 0.41996644295302016 0.38926174496644295
0 0.46828859060402683 0.11946308724832208 0.5025167785234899 0.12214765100671136 0.49848993288590604 0.38255033557046975 0.46325503355704695 0.38523489932885896
0 0.5065436241610739 0.11140939597315429 0.5447986577181209 0.11946308724832208 0.5447986577181209 0.3838926174496644 0.5085570469798658 0.3798657718120805
0 0.5478187919463088 0.11946308724832208 0.5830536912751678 0.12214765100671136 0.5820469798657717 0.38255033557046975 0.5447986577181209 0.3838926174496644
0 0.5860738255033557 0.12617449664429523 0.6192953020134228 0.12617449664429523 0.6213087248322149 0.38523489932885896 0.5830536912751678 0.38255033557046975
0 0.20506214919171178 0.4816274941779987 0.23954267285544137 0.47967115240984376 0.22560373775733794 0.7838822973579261 0.19332409858278254 0.7838822973579261
0 0.24247718550767366 0.4767366397576115 0.27182231202999674 0.48064932329392124 0.2622851459102417 0.7838822973579261 0.22780462224651216 0.7887731517783133
0 0.27475682468222906 0.48064932329392124 0.3048355793676102 0.47869298152576634 0.2982329259000875 0.7877949808942358 0.2630187740732998 0.7897513226623908
0 0.3070364638567844 0.47771481064168897 0.341516987520514 0.47771481064168897 0.3378488467052236 0.7887731517783133 0.303368323041494 0.7858386391260811
0 0.3495868973141529 0.4826056650620761 0.3818665364887082 0.4816274941779987 0.37746476751035973 0.7868168100101585 0.3407833593574559 0.7858386391260811
0 0.38626830546705665 0.47967115240984376 0.41854794464161205 0.48064932329392124 0.41708068831549583 0.7858386391260811 0.37966565199953395 0.7829041264738488
0 0.42221608545690237 0.4826056650620761 0.4552293527945159 0.4835838359461535 0.45229484014228355 0.7829041264738488 0.41634706015243783 0.7858386391260811
0 0.4596311217728643 0.48554017771430835 0.49044350462130354 0.484562006830231 0.48970987645824543 0.7799696138216163 0.456696609120632 0.7858386391260811
0 0.49264438911047775 0.4826056650620761 0.5263912846111493 0.484562006830231 0.5300594254264397 0.7799696138216163 0.49484527359965197 0.7799696138216163
0 0.5293257972633816 0.484562006830231 0.5594045519487627 0.484562006830231 0.562339064600995 0.7799696138216163 0.5315266817525558 0.7809477847056938
0 0.563072692764053 0.4826056650620761 0.5953523319386085 0.47967115240984376 0.6004877290800149 0.7838822973579261 0.5660072054162854 0.7780132720534616
0 0.5990204727538988 0.4826056650620761 0.6298328556023381 0.4826056650620761 0.638636393559035 0.7829041264738488 0.6034222417322472 0.7819259555897713
0 0.6320337400915123 0.4826056650620761 0.6643133792660676 0.4826056650620761 0.6760514298749969 0.7858386391260811 0.6430381625373834 0.7819259555897713
0 0.6679815200813579 0.4816274941779987 0.6987939029297973 0.4826056650620761 0.7134664661909588 0.778991442937539 0.6789859425272291 0.7819259555897713
0 0.7024620437450876 0.4816274941779987 0.7318071702674106 0.4835838359461535 0.7508815025069207 0.7799696138216163 0.7186018633323653 0.7809477847056938
0 0.735475311082701 0.4826056650620761 0.7670213220941984 0.48651834859838583 0.7831611416814761 0.7770351011693841 0.753082386996095 0.7780132720534616
0 0.7714230910725469 0.4835838359461535 0.8059036147362765 0.4835838359461535 0.8235106906496703 0.7780132720534616 0.7890301669859406 0.7780132720534616
0 0.8198425498343799 0.4816274941779987 0.8462531637044706 0.47771481064168897 0.9086115575644073 0.7780132720534616 0.8770655465529099 0.7868168100101585
0 0.8528558171719933 0.48064932329392124 0.8814673155312583 0.4767366397576115 0.9423584530650786 0.7799696138216163 0.9122796983796976 0.7799696138216163
0 0.8932053661401876 0.48064932329392124 0.9232841208255687 0.47380212710537917 0.9863761428485632 0.7780132720534616 0.9496947346956595 0.7838822973579261
0 0.9269522616408591 0.47869298152576634 0.9555637600001241 0.47282395622130174 1.0 0.6586764241960145 1.0 0.7799696138216163 0.9893106555007957 0.778991442937539
