0 0.04112820976148543 0.1247600473344437 0.10313278068438038 0.1247600473344437 0.10313278068438038 0.9542434183473938 0.04112820976148543 0.9542434183473938
0 0.10933323777666988 0.05311032093465398 0.19200599900719648 0.05311032093465398 0.19200599900719648 0.9390867454551306 0.10933323777666988 0.9390867454551306
0 0.19923986561486753 0.058621838350022416 0.26744489363005197 0.058621838350022416 0.26744489363005197 0.9390867454551306 0.19923986561486753 0.9390867454551306
0 0.27054512217619675 0.06688911447307508 0.35115106437596016 0.06688911447307508 0.35115106437596016 0.9445982628704991 0.27054512217619675 0.9445982628704991
0 0.3552847024374865 0.06688911447307508 0.4152224543296183 0.06688911447307508 0.4327904160911052 0.9404646248089726 0.36561879759130234 0.9363309867474463
0 0.4255565494834341 0.061377597057706644 0.4865277108909475 0.06413335576539086 0.5071959011985792 0.9432203835166569 0.4389908731833947 0.9404646248089726
0 0.4958283965293817 0.07929002865765407 0.5609331959984214 0.07929002865765407 0.5754009292137635 0.9225521932090253 0.5164965868370134 0.9280637106243937
0 0.5754009292137635 0.07791214930381196 0.6405057286828032 0.07791214930381196 0.6601405094750532 0.9294415899782359 0.5940023004906321 0.9308194693320779
0 0.6498064143212374 0.10271397767296994 0.6839089283288297 0.10271397767296994 0.707677347182606 0.9280637106243937 0.6653075570519612 0.9280637106243937
0 0.6828755188134481 0.0820457873653383 0.7417798611901983 0.07653426994996984 0.76244805149783 0.9129070377321304 0.7169780328210403 0.9129070377321304
0 0.7510805468286326 0.12200428862675947 0.8099848892053827 0.12338216798060159 0.8285862604822511 0.9060176409629199 0.7727821466516458 0.9087733996706042
0 0.8161853462976723 0.06688911447307508 0.9660297260280017 0.06826699382691719 0.987731325851015 0.8963724854860252 0.8399537651514486 0.9005061235475516
