0 0.1315971883138021 0.02648111979166676 0.1653471883138021 0.02648111979166676 0.14034718831380208 0.9781477864583333 0.1053471883138021 0.9731477864583333
0 0.1678471883138021 0.03148111979166676 0.1978471883138021 0.03648111979166676 0.17784718831380208 0.974814453125 0.14159718831380208 0.9814811197916666
0 0.20534718831380208 0.05814778645833343 0.2303471883138021 0.05148111979166676 0.20909718831380208 0.9681477864583333 0.1853471883138021 0.9664811197916666
0 0.2278471883138021 0.08314778645833343 0.3078471883138021 0.08481445312500009 0.2953471883138021 0.979814453125 0.20409718831380208 0.9814811197916666
0 0.3078471883138021 0.08481445312500009 0.40034718831380206 0.09148111979166676 0.39784718831380206 0.984814453125 0.3053471883138021 0.994814453125
0 0.40034718831380206 0.08814778645833343 0.4903471883138021 0.09148111979166676 0.509097188313802 0.9914811197916666 0.41034718831380207 0.9981477864583334
0 0.49951385498046874 0.024814453125 0.6070138549804688 0.023147786458333333 0.6320138549804688 0.9981477864583334 0.5220138549804687 1.0
0 0.6020138549804688 0.028147786458333334 0.6320138549804688 0.021481119791666666 0.6695138549804688 0.9981477864583334 0.6307638549804687 0.9981477864583334
0 0.6345138549804688 0.044814453125 0.6620138549804687 0.048147786458333335 0.7032638549804687 0.999814453125 0.6720138549804687 1.0
0 0.6670138549804687 0.04148111979166667 0.6945138549804688 0.04314778645833333 0.7370138549804688 1.0 0.7057638549804688 1.0
0 0.6982638549804687 0.05148111979166667 0.7245138549804687 0.049814453125 0.7732638549804688 1.0 0.7420138549804688 1.0
0 0.7270138549804688 0.044814453125 0.7595138549804688 0.04148111979166667 0.8070138549804687 0.9981477864583334 0.7782638549804688 0.9981477864583334
0 0.7595138549804688 0.03814778645833333 0.8795138549804687 0.064814453125 0.9345138549804688 0.994814453125 0.8045138549804688 0.994814453125
0 0.8970138549804687 0.04148111979166667 0.9670138549804688 0.048147786458333335 0.9995138549804687 0.634814453125 1.0 1.0 0.9607638549804688 0.9981477864583334
