0 0.11375000 0.79616667 0.09200000 0.79283333 0.08562500 0.77966667 0.08162500 0.63700000 0.03675000 0.00016667 0.06775000 0.00016667 0.06987500 0.02066667 0.09512500 0.39666667 0.12987500 0.78266667 0.12725000 0.79216667
0 0.05825000 0.79950000 0.01350000 0.79183333 0.00650000 0.78750000 0.00437500 0.78066667 0.00387500 0.71700000 0.00012500 0.68866667 0.00025000 0.10350000 0.03725000 0.10283333 0.04212500 0.11933333 0.04537500 0.15733333 0.06687500 0.50633333 0.08012500 0.65400000 0.08487500 0.78666667 0.07875000 0.79516667
0 0.15975000 0.80483333 0.14000000 0.80283333 0.13337500 0.78766667 0.09462500 0.35033333 0.07412500 0.06866667 0.07625000 0.05616667 0.11200000 0.05650000 0.11537500 0.06100000 0.11462500 0.08900000 0.14912500 0.52233333 0.17562500 0.79466667 0.17125000 0.80350000
0 0.20450000 0.80950000 0.18200000 0.80683333 0.17762500 0.79933333 0.15012500 0.51533333 0.11687500 0.10266667 0.11787500 0.06466667 0.12750000 0.06150000 0.14700000 0.06050000 0.15862500 0.06500000 0.16412500 0.07966667 0.17137500 0.13600000 0.17187500 0.14666667 0.16537500 0.15700000 0.16887500 0.23633333 0.21912500 0.79466667 0.21700000 0.80483333
0 0.25150000 0.82016667 0.22850000 0.81516667 0.22437500 0.80800000 0.22012500 0.78166667 0.17137500 0.25600000 0.16612500 0.16133333 0.16737500 0.15433333 0.17350000 0.15016667 0.20975000 0.15050000 0.21887500 0.15833333 0.22112500 0.19033333 0.21462500 0.21633333 0.21437500 0.25600000 0.23262500 0.40066667 0.26037500 0.67666667 0.26962500 0.80700000 0.26750000 0.81450000
0 0.31975000 0.82283333 0.28275000 0.81950000 0.27462500 0.81100000 0.27037500 0.78000000 0.26487500 0.68400000 0.21912500 0.27133333 0.22012500 0.25566667 0.21612500 0.21766667 0.21687500 0.21233333 0.22300000 0.20716667 0.26250000 0.20383333 0.27062500 0.21033333 0.28512500 0.36500000 0.29412500 0.42233333 0.30062500 0.51933333 0.32812500 0.78466667 0.32712500 0.81766667
0 0.35900000 0.83050000 0.34175000 0.82783333 0.33812500 0.81866667 0.32112500 0.67000000 0.26287500 0.06466667 0.26600000 0.05683333 0.27650000 0.05416667 0.32625000 0.05350000 0.33237500 0.06066667 0.33612500 0.08800000 0.40562500 0.81433333 0.40462500 0.82066667 0.39650000 0.82750000
0 0.44000000 0.84016667 0.41600000 0.83816667 0.41137500 0.82700000 0.33637500 0.07266667 0.33712500 0.06333333 0.34375000 0.06016667 0.40825000 0.05516667 0.41237500 0.05666667 0.41662500 0.07633333 0.47987500 0.82433333 0.47937500 0.83366667 0.47475000 0.83683333
0 0.51900000 0.84983333 0.48625000 0.84650000 0.48212500 0.83100000 0.41500000 0.00016667 0.46800000 0.00016667 0.47100000 0.01050000 0.47587500 0.00600000 0.53387500 0.79933333 0.53387500 0.84233333
0 0.58525000 0.87716667 0.54900000 0.87350000 0.54062500 0.85800000 0.48962500 0.13933333 0.48512500 0.01366667 0.49575000 0.00016667 0.54300000 0.00016667 0.54637500 0.01000000 0.59412500 0.82900000 0.59437500 0.87300000
0 0.62725000 0.88283333 0.60475000 0.88150000 0.60037500 0.87566667 0.57987500 0.54500000 0.55662500 0.09000000 0.56125000 0.08350000 0.58325000 0.07950000 0.59350000 0.08016667 0.59587500 0.09433333 0.63287500 0.84266667 0.63362500 0.87800000
0 0.65950000 0.88883333 0.63825000 0.88516667 0.63437500 0.86633333 0.59787500 0.09466667 0.59925000 0.08716667 0.61250000 0.08283333 0.63500000 0.08283333 0.63962500 0.11833333 0.67087500 0.87600000 0.66975000 0.88550000
0 0.69400000 0.90683333 0.68075000 0.90450000 0.67387500 0.88133333 0.66962500 0.69733333 0.66612500 0.68566667 0.66912500 0.68166667 0.66137500 0.56066667 0.66237500 0.50566667 0.65762500 0.47100000 0.65462500 0.26266667 0.65012500 0.24833333 0.64762500 0.21300000 0.65012500 0.20900000 0.64662500 0.20633333 0.64237500 0.12966667 0.64675000 0.12150000 0.65850000 0.11650000 0.71675000 0.11016667 0.72062500 0.11400000 0.72187500 0.12933333 0.74062500 0.89333333 0.73650000 0.89983333 0.72475000 0.90383333
0 0.74800000 0.86583333 0.74237500 0.86200000 0.74087500 0.82466667 0.72212500 0.11433333 0.72325000 0.10750000 0.73150000 0.10583333 0.74950000 0.10816667 0.75412500 0.13000000 0.76087500 0.40166667 0.76462500 0.43566667 0.76737500 0.66333333 0.77187500 0.73366667 0.77287500 0.85800000 0.76775000 0.86383333
0 0.81850000 0.91483333 0.79900000 0.91283333 0.79112500 0.90400000 0.78062500 0.86200000 0.78162500 0.77166667 0.77612500 0.63866667 0.77087500 0.30666667 0.76362500 0.24833333 0.76337500 0.19733333 0.76537500 0.18600000 0.77150000 0.18183333 0.80175000 0.17383333 0.82925000 0.17283333 0.83600000 0.17383333 0.83962500 0.18500000 0.83887500 0.90000000 0.83600000 0.91250000
0 0.85400000 0.92783333 0.84562500 0.92300000 0.84112500 0.90566667 0.84387500 0.55200000 0.84037500 0.19266667 0.84275000 0.18716667 0.86650000 0.18450000 0.87062500 0.18900000 0.87187500 0.22800000 0.86562500 0.87000000 0.86437500 0.92033333
0 0.91200000 0.92183333 0.86925000 0.91983333 0.86612500 0.91233333 0.87337500 0.21500000 0.87062500 0.18466667 0.85250000 0.18150000 0.84787500 0.16166667 0.85500000 0.10750000 0.87275000 0.09916667 0.93650000 0.09150000 0.94437500 0.09533333 0.94462500 0.18766667 0.93037500 0.90833333 0.92775000 0.92016667
0 0.96650000 0.92616667 0.93925000 0.92483333 0.93212500 0.91800000 0.94137500 0.55433333 0.94562500 0.18933333 0.94637500 0.18100000 0.95050000 0.17783333 0.99475000 0.17350000 0.99637500 0.23666667 0.98312500 0.64366667 0.97187500 0.91366667
