0 0.8998468433253431 0.21029512059765662 0.9710968433253431 0.20362845393098997 0.9685968433253431 0.9052951205976565 0.8973468433253431 0.9019617872643232
0 0.8185968433253431 0.09862845393098998 0.8960968433253431 0.09529512059765664 0.8935968433253432 0.9202951205976565 0.8185968433253431 0.9102951205976565
0 0.7348468433253431 0.09529512059765664 0.8098468433253431 0.08696178726432331 0.8098468433253431 0.9102951205976565 0.7410968433253431 0.9002951205976565
0 0.6435968433253432 0.06696178726432332 0.7260968433253431 0.04862845393098998 0.7360968433253431 0.9102951205976565 0.6623468433253431 0.8969617872643232
0 0.5785968433253431 0.11362845393098998 0.6410968433253431 0.10362845393098997 0.6610968433253431 0.8836284539309898 0.6010968433253431 0.8836284539309898
0 0.5448468433253432 0.10196178726432331 0.5735968433253431 0.10029512059765665 0.5985968433253431 0.8902951205976565 0.5585968433253431 0.8902951205976565
0 0.47109684332534313 0.16029512059765666 0.5435968433253431 0.15362845393098998 0.5598468433253431 0.8719617872643232 0.4973468433253431 0.8769617872643232
0 0.3760968433253431 0.1269617872643233 0.4610968433253431 0.1269617872643233 0.4873468433253431 0.8686284539309899 0.4060968433253431 0.8736284539309898
0 0.29359684332534314 0.11696178726432331 0.3810968433253431 0.11029512059765664 0.3998468433253431 0.8702951205976565 0.3210968433253431 0.8719617872643232
0 0.20359684332534314 0.12862845393098998 0.29109684332534314 0.11362845393098998 0.3110968433253431 0.8619617872643232 0.23109684332534314 0.8636284539309899
0 0.13734684332534314 0.13696178726432331 0.20234684332534314 0.12362845393098998 0.23734684332534314 0.8619617872643232 0.17109684332534314 0.8536284539309899
0 0.03984684332534314 0.10529512059765665 0.11984684332534315 0.09862845393098998 0.16609684332534314 0.8652951205976565 0.07734684332534314 0.8669617872643232
0 0.003596843325343144 0.15029512059765665 0.03859684332534315 0.14696178726432332 0.07734684332534314 0.8636284539309899 0.037346843325343146 0.8669617872643232
