0 0.94475000 0.86350000 0.91250000 0.85383333 0.91187500 0.84600000 0.93362500 0.60500000 0.95762500 0.25933333 0.96300000 0.25016667 0.97425000 0.24783333 0.99000000 0.25183333 0.99087500 0.26100000 0.95212500 0.84200000 0.94987500 0.85933333
0 0.90958333 0.86222222 0.88958333 0.85555556 0.93541667 0.25555556 0.96291667 0.25777778
0 0.03291667 0.26777778 0.01041667 0.88111111 0.00000000 0.88111111 0.00041667 0.26777778
0 0.03458333 0.31666667 0.06791667 0.31777778 0.04708333 0.86777778 0.01208333 0.87111111 0.02625000 0.31222222
0 0.07125000 0.24222222 0.10458333 0.24111111 0.08208333 0.88222222 0.04875000 0.88222222
0 0.11208333 0.32111111 0.15541667 0.31777778 0.13791667 0.81777778 0.12375000 0.87444444 0.09458333 0.87222222
0 0.24958333 0.27111111 0.28625000 0.27888889 0.15625000 0.88333333 0.12541667 0.87444444
0 0.17800000 0.87816667 0.16512500 0.87300000 0.17137500 0.82966667 0.27787500 0.33466667 0.28375000 0.32783333 0.29500000 0.32883333 0.30587500 0.33800000 0.30362500 0.35366667 0.19612500 0.84800000 0.19387500 0.87300000 0.18925000 0.87716667
0 0.23275000 0.87783333 0.21325000 0.87450000 0.19675000 0.86716667 0.19612500 0.85300000 0.22837500 0.70400000 0.23287500 0.70166667 0.23462500 0.67366667 0.24412500 0.63233333 0.24662500 0.63000000 0.25137500 0.59633333 0.29637500 0.38533333 0.31387500 0.31466667 0.31850000 0.30950000 0.34600000 0.31383333 0.35437500 0.32233333 0.35387500 0.33233333 0.33462500 0.41200000 0.32287500 0.47533333 0.31762500 0.49033333 0.31487500 0.51366667 0.30087500 0.56800000 0.29687500 0.59600000 0.28512500 0.63800000 0.27987500 0.67400000 0.26962500 0.70966667 0.23787500 0.87166667
0 0.27950000 0.87783333 0.24400000 0.86816667 0.24112500 0.86566667 0.24137500 0.85733333 0.27087500 0.72033333 0.27762500 0.69966667 0.28287500 0.66600000 0.35612500 0.32933333 0.36425000 0.30650000 0.37350000 0.30650000 0.39600000 0.31450000 0.39937500 0.31866667 0.39687500 0.33966667 0.35862500 0.53333333 0.32012500 0.70366667 0.28787500 0.86533333 0.28487500 0.87533333
0 0.32650000 0.87783333 0.29350000 0.86950000 0.28962500 0.86533333 0.29012500 0.85766667 0.31187500 0.76366667 0.31387500 0.74466667 0.32837500 0.68500000 0.40337500 0.32200000 0.40812500 0.30666667 0.41225000 0.30450000 0.43575000 0.30950000 0.44462500 0.31733333 0.43587500 0.37766667 0.34262500 0.83500000 0.33337500 0.87333333
0 0.37700000 0.87816667 0.36700000 0.87716667 0.33937500 0.86533333 0.33812500 0.86133333 0.34487500 0.82633333 0.37137500 0.71200000 0.38062500 0.65833333 0.38462500 0.64200000 0.38787500 0.63866667 0.39637500 0.58533333 0.40362500 0.56066667 0.41187500 0.50900000 0.45012500 0.32233333 0.45650000 0.30616667 0.48950000 0.31250000 0.49187500 0.31566667 0.49162500 0.33000000 0.48637500 0.36166667 0.48062500 0.38066667 0.38987500 0.83600000 0.38112500 0.87366667
0 0.43225000 0.87850000 0.40900000 0.87350000 0.40050000 0.86650000 0.39987500 0.86166667 0.40937500 0.82366667 0.43162500 0.69800000 0.43512500 0.69333333 0.43587500 0.67400000 0.44612500 0.61933333 0.45137500 0.61133333 0.45437500 0.58000000 0.46162500 0.55333333 0.51737500 0.23033333 0.52175000 0.22083333 0.54150000 0.22216667 0.54912500 0.22666667 0.54912500 0.24533333 0.53812500 0.29100000 0.48262500 0.61666667 0.46387500 0.69800000 0.44037500 0.85233333 0.43562500 0.87700000
0 0.48675000 0.88283333 0.45525000 0.87350000 0.45362500 0.85333333 0.49687500 0.59166667 0.49787500 0.56900000 0.51687500 0.43666667 0.54512500 0.27566667 0.55325000 0.25283333 0.56700000 0.25183333 0.58400000 0.25950000 0.58437500 0.26600000 0.56662500 0.37333333 0.54537500 0.53200000 0.51987500 0.68133333 0.51362500 0.73700000 0.49887500 0.81600000 0.49562500 0.85433333 0.49087500 0.88100000
0 0.53725000 0.88550000 0.51575000 0.88183333 0.50200000 0.87450000 0.50037500 0.85300000 0.58612500 0.26400000 0.59450000 0.24416667 0.60750000 0.24416667 0.62450000 0.25116667 0.62737500 0.26066667 0.61512500 0.32633333 0.59887500 0.47133333 0.56287500 0.71366667 0.55012500 0.81900000 0.54587500 0.83066667 0.54312500 0.87033333 0.54112500 0.88200000
0 0.57650000 0.87483333 0.54700000 0.86716667 0.54512500 0.85433333 0.54837500 0.83033333 0.55212500 0.82700000 0.55662500 0.77033333 0.60437500 0.43933333 0.62237500 0.29100000 0.62900000 0.26350000 0.64375000 0.26350000 0.65550000 0.26750000 0.65862500 0.27800000 0.64837500 0.34166667 0.59337500 0.77966667 0.58137500 0.86533333
0 0.61550000 0.87450000 0.58700000 0.86716667 0.58362500 0.86300000 0.58337500 0.85333333 0.65687500 0.29933333 0.66587500 0.26233333 0.67775000 0.25916667 0.69350000 0.26550000 0.69612500 0.27200000 0.67637500 0.42766667 0.67087500 0.50200000 0.66037500 0.56033333 0.65437500 0.62733333 0.64162500 0.71333333 0.63937500 0.75166667 0.62062500 0.86866667
0 0.66225000 0.87316667 0.63250000 0.86616667 0.62637500 0.85633333 0.63637500 0.80166667 0.66212500 0.57266667 0.67512500 0.49033333 0.68887500 0.33833333 0.70412500 0.26366667 0.70625000 0.25983333 0.71725000 0.25916667 0.73625000 0.26616667 0.73737500 0.27500000 0.67137500 0.82933333 0.66662500 0.86566667
0 0.69708333 0.87333333 0.66708333 0.86555556 0.74041667 0.26444444 0.76708333 0.27000000
0 0.69708333 0.85888889 0.72541667 0.86555556 0.79041667 0.27000000 0.76791667 0.26666667
0 0.79625000 0.26000000 0.72875000 0.85888889 0.75958333 0.86666667 0.82041667 0.26555556
0 0.81958333 0.25666667 0.76208333 0.86111111 0.79291667 0.86777778 0.84791667 0.26000000
0 0.85291667 0.25555556 0.79541667 0.86222222 0.82541667 0.86888889 0.88041667 0.25666667
0 0.88041667 0.25000000 0.82625000 0.86333333 0.85708333 0.87222222 0.90875000 0.25555556
0 0.91125000 0.24777778 0.85958333 0.86222222 0.89041667 0.87111111 0.93541667 0.24888889
