0 0.91625000 0.21555556 0.99975000 0.21987918 0.99975000 0.38555556 0.94875000 0.95111111 0.85541667 0.95000000
0 0.82125000 0.20666667 0.91791667 0.20888889 0.85625000 0.95888889 0.77291667 0.96000000
0 0.70975000 0.97016667 0.68100000 0.96716667 0.67637500 0.95166667 0.69662500 0.40400000 0.70812500 0.19033333 0.71512500 0.17433333 0.71925000 0.17316667 0.81500000 0.18083333 0.81987500 0.18733333 0.81937500 0.21566667 0.76712500 0.95166667 0.76200000 0.95916667 0.74850000 0.96450000
0 0.64300000 0.97250000 0.63050000 0.97116667 0.62537500 0.96400000 0.62487500 0.95266667 0.64987500 0.23300000 0.65012500 0.18666667 0.63812500 0.17766667 0.64650000 0.15983333 0.64800000 0.16650000 0.65162500 0.16600000 0.65600000 0.12683333 0.69425000 0.12583333 0.70150000 0.12883333 0.70387500 0.13766667 0.68912500 0.46666667 0.67537500 0.92033333 0.67112500 0.96700000
0 0.58400000 0.97783333 0.57037500 0.97500000 0.56737500 0.94066667 0.57687500 0.52566667 0.58012500 0.19500000 0.58175000 0.18950000 0.59225000 0.18616667 0.63475000 0.18550000 0.64650000 0.18916667 0.64737500 0.20233333 0.62237500 0.96333333 0.61675000 0.97183333
0 0.52400000 0.97150000 0.50950000 0.97083333 0.50437500 0.95633333 0.50912500 0.17366667 0.51775000 0.16816667 0.57275000 0.16850000 0.57737500 0.17366667 0.57737500 0.19100000 0.57087500 0.41466667 0.56337500 0.95766667 0.55725000 0.96816667
0 0.47200000 0.96150000 0.45937500 0.95866667 0.45737500 0.92866667 0.44837500 0.18100000 0.45350000 0.16583333 0.48425000 0.16516667 0.49475000 0.16616667 0.50037500 0.17600000 0.50212500 0.95300000 0.49850000 0.95950000
0 0.43350000 0.96750000 0.42000000 0.96550000 0.41537500 0.95233333 0.40162500 0.21033333 0.40450000 0.18550000 0.44350000 0.18750000 0.44537500 0.19700000 0.45587500 0.95933333 0.45125000 0.96483333
0 0.39425000 0.96716667 0.38150000 0.96616667 0.37462500 0.95900000 0.35637500 0.20366667 0.35750000 0.18550000 0.37375000 0.18350000 0.39550000 0.18450000 0.39862500 0.18833333 0.40562500 0.42300000 0.41412500 0.95200000 0.41225000 0.96316667
0 0.35000000 0.96516667 0.33000000 0.96116667 0.32637500 0.94033333 0.29637500 0.22233333 0.29662500 0.18600000 0.30225000 0.17983333 0.34200000 0.17783333 0.34975000 0.18150000 0.35137500 0.18700000 0.37212500 0.95400000 0.36550000 0.96283333
0 0.26575000 0.97616667 0.24700000 0.97583333 0.23937500 0.97066667 0.23612500 0.83433333 0.23862500 0.17133333 0.24050000 0.16050000 0.25600000 0.15750000 0.28350000 0.16183333 0.29187500 0.17733333 0.28562500 0.41600000 0.28962500 0.47066667 0.28387500 0.48266667 0.28237500 0.58700000 0.28087500 0.85366667 0.28662500 0.92000000 0.28362500 0.92766667 0.28737500 0.93200000 0.27912500 0.97066667
0 0.21200000 0.97916667 0.19425000 0.97850000 0.18787500 0.97133333 0.18137500 0.19366667 0.18162500 0.16200000 0.18650000 0.15250000 0.22525000 0.15383333 0.23387500 0.16166667 0.23462500 0.97100000 0.22875000 0.97750000
0 0.16400000 0.97816667 0.14487500 0.97466667 0.14087500 0.86600000 0.13337500 0.24300000 0.13137500 0.18133333 0.12687500 0.16000000 0.14125000 0.15016667 0.17450000 0.15250000 0.17887500 0.15833333 0.18762500 0.96800000 0.18450000 0.97583333
0 0.13925000 0.96883333 0.11800000 0.96716667 0.11537500 0.95233333 0.09862500 0.23700000 0.09962500 0.19266667 0.10412500 0.18000000 0.11125000 0.17516667 0.12425000 0.17916667 0.12937500 0.18966667 0.13737500 0.78766667 0.14287500 0.93866667 0.14287500 0.96733333
0 0.00791667 0.17333333 0.03875000 0.17222222 0.05708333 0.95555556 0.03208333 0.95555556
0 0.04041667 0.17000000 0.06708333 0.17333333 0.08458333 0.96555556 0.06208333 0.96222222
0 0.06958333 0.16888889 0.10375000 0.17222222 0.11458333 0.96333333 0.08708333 0.96666667
