0 0.0 0.14093959731543626 0.0 0.2966442953020134 0.043456375838926135 0.6778523489932886 0.0827181208053691 0.6872483221476511 0.039429530201342246 0.14362416107382553
0 0.043456375838926135 0.14630872483221477 0.09580536912751673 0.15302013422818792 0.13104026845637579 0.6778523489932886 0.0897651006711409 0.6859060402684565
0 0.10587248322147647 0.15436241610738255 0.15822147651006707 0.15436241610738255 0.19244966442953018 0.6859060402684565 0.15520134228187915 0.6885906040268457
0 0.17030201342281875 0.20268456375838928 0.19546979865771807 0.19865771812080538 0.22466442953020133 0.6872483221476511 0.20050335570469796 0.6939597315436241
0 0.198489932885906 0.15570469798657718 0.236744966442953 0.1597315436241611 0.2609060402684564 0.6926174496644295 0.22969798657718118 0.6926174496644295
0 0.2447986577181208 0.16107382550335572 0.28909395973154356 0.16778523489932887 0.31023489932885906 0.7046979865771812 0.26493288590604025 0.6993288590604028
0 0.3011744966442953 0.1691275167785235 0.348489932885906 0.17315436241610738 0.350503355704698 0.712751677852349 0.31224832214765097 0.7060402684563758
0 0.34748322147651006 0.08859060402684564 0.4018456375838926 0.09261744966442954 0.3907718120805369 0.7261744966442953 0.3565436241610738 0.7248322147651007
0 0.4098993288590604 0.11140939597315437 0.4401006711409396 0.11677852348993288 0.4209731543624161 0.7208053691275168 0.4008389261744966 0.7181208053691276
0 0.4421140939597315 0.2389261744966443 0.48640939597315436 0.2389261744966443 0.47130872483221475 0.7288590604026847 0.42600671140939594 0.72751677852349
0 0.49345637583892615 0.21879194630872484 0.5337248322147651 0.2214765100671141 0.5196308724832214 0.7208053691275168 0.49043624161073823 0.7181208053691276
0 0.5427852348993288 0.23489932885906042 0.5649328859060403 0.2375838926174497 0.5558724832214765 0.7248322147651007 0.5276845637583892 0.7248322147651007
0 0.5719798657718121 0.24026845637583893 0.6092281879194631 0.24026845637583893 0.5890939597315435 0.7395973154362417 0.5609060402684564 0.7342281879194631
0 0.6112416107382551 0.2295302013422819 0.6575503355704698 0.23087248322147655 0.6313758389261745 0.748993288590604 0.5941275167785235 0.7395973154362417
0 0.6746644295302013 0.23624161073825503 0.7401006711409396 0.23624161073825503 0.691778523489933 0.7651006711409397 0.6364093959731544 0.7543624161073826
0 0.7552013422818792 0.2295302013422819 0.7964765100671141 0.23221476510067116 0.7401006711409396 0.7651006711409397 0.7008389261744967 0.7624161073825503
0 0.8045302013422819 0.23489932885906042 0.8508389261744967 0.23489932885906042 0.7783557046979865 0.7651006711409397 0.7421140939597316 0.7704697986577181
0 0.8619127516778524 0.24026845637583893 0.909228187919463 0.2389261744966443 0.8236577181208053 0.7812080536912752 0.7843959731543624 0.7758389261744966
0 0.9102348993288591 0.24966442953020135 0.9253355704697986 0.251006711409396 0.836744966442953 0.7771812080536914 0.8276845637583893 0.7718120805369127
0 0.9313758389261746 0.251006711409396 0.9464765100671141 0.2563758389261745 0.8538590604026846 0.7825503355704698 0.838758389261745 0.7798657718120806
0 0.951510067114094 0.251006711409396 0.9726510067114095 0.2563758389261745 0.875 0.7906040268456377 0.8588926174496644 0.7879194630872484
0 0.9786912751677852 0.2523489932885906 0.9968120805369127 0.2536912751677852 0.8951342281879194 0.7879194630872484 0.8770134228187919 0.7825503355704698
0 0.9978187919463087 0.25771812080536916 0.9999999999999999 0.363758389261745 0.9172818791946309 0.7919463087248323 0.8971476510067113 0.7879194630872484
