0 0.011944502643232642 0.014910033522673598 0.061964127593061545 0.017784724611744226 0.07748745947404301 0.45531270836829374 0.03221107482118056 0.45646258480392204
0 0.0701569971969129 0.013760157087045321 0.11888301115666002 0.01720978639393009 0.1279382880872325 0.4581873994573644 0.0813682924442883 0.4604871523286209
0 0.12578226977042953 0.019509539265186584 0.17407708006681605 0.021809292136443077 0.17882032036378256 0.46278690519987736 0.13052551006739602 0.4604871523286209
0 0.1792515240271432 0.022959168572071347 0.22970235264033276 0.025833859661141975 0.23228957462049624 0.46393678163550567 0.1870131899676339 0.4616370287642491
0 0.23401438927393864 0.031008303621469103 0.28101558858024345 0.031008303621469103 0.2823091995703252 0.46451171985331985 0.23789522224418402 0.46738641094239036
0 0.2866212362039311 0.035607809363982085 0.33189762085679353 0.03675768579961036 0.3344848428369571 0.46508665807113386 0.28705243986729173 0.46566159628894804
0 0.33707206481712065 0.036182747581796224 0.384504467786786 0.0373326240174245 0.384504467786786 0.469686163813647 0.3366408611537601 0.46738641094239036
0 0.390972522737195 0.04078225332430921 0.4375425183801391 0.04480682084900811 0.4358177037266967 0.47026110203146104 0.38838530075703137 0.4685362873780187
0 0.4414233513503846 0.047681511938078736 0.48626853233988626 0.049406326591521096 0.4806628847161985 0.4719859166849035 0.4384049257068603 0.4708360402492752
0 0.4918741799635739 0.049406326591521096 0.5349945462996333 0.051706079462777645 0.5293888986759456 0.47543554599178817 0.4836813103597226 0.4737107313383458
0 0.5397377865965999 0.05400583233403414 0.5871701895662652 0.05573064698747649 0.576821301645611 0.47543554599178817 0.5319761206561092 0.47601048420960235
0 0.5923769077545754 0.05379255459746968 0.6385873094760366 0.06069755715355005 0.6246445158531819 0.4744665564755988 0.5820194039204548 0.47287309434727254
0 0.6505382754384834 0.056448324811346734 0.6867895388579055 0.06972717588073214 0.6732451107671324 0.47499771051837425 0.6342052886231394 0.47499771051837425
0 0.6951552150316184 0.06441563545297797 0.735390133771856 0.07185179205183384 0.7210489746169199 0.47499771051837425 0.6804156903446006 0.4792469428605776
0 0.7461460031380583 0.07025832992350753 0.7911613082632745 0.0723829460946092 0.7728364937875228 0.47606001860392505 0.7250326299377354 0.4781846347750267
0 0.7955433291161719 0.07025832992350753 0.8421520963697146 0.07025832992350753 0.8238272818939626 0.47606001860392505 0.7776168801725014 0.47234194030449717
0 0.8485259448830194 0.07078948396628296 0.8991183674573778 0.07185179205183384 0.8784033597891366 0.47606001860392505 0.8286076682789415 0.47287309434727254
0 0.9158497198048036 0.06654025162407966 0.9684339700395695 0.0681337137524059 0.9385565551334524 0.4771223266894759 0.8911510568157468 0.479778096903353
0 0.02500791273082138 0.5739566606510055 0.08399112175721415 0.5724539037331355 0.09075352788762862 0.9766955146401333 0.04153823882739005 0.9822056233389894
0 0.09037783865816115 0.5759603365414986 0.1459798446193467 0.5754594175688753 0.14898535845508648 0.9766955146401333 0.10089713708325031 0.9781982715580031
0 0.14898535845508648 0.5769621744867452 0.20421167518680458 0.5764612555141219 0.2102227028582841 0.9731890818317702 0.15574776458550094 0.9751927577222633
0 0.21172545977615398 0.5779640124319918 0.26131643806585997 0.5754594175688753 0.2616921272953274 0.9656752972424207 0.21585804130029612 0.9721872438865236
0 0.26732746573733956 0.5864796349665877 0.32743774245213475 0.5854777970213412 0.32480791784586244 0.9681798921055372 0.2680788441962745 0.9736900008043935
0 0.3345758378120166 0.5784649314046151 0.3849181945606576 0.5789658503772384 0.37702872074184074 0.9756936766948867 0.33420014858254915 0.9817047043663663
0 0.38905077608479977 0.5809695262677316 0.4386417543745058 0.5809695262677316 0.4277467667199492 0.9686808110781605 0.38228836995438537 0.9706844869686536
0 0.442774335898648 0.5814704452403548 0.49612220648302874 0.583474121130848 0.4822217049927323 0.9746918387496402 0.436387618997701 0.9802019474484963
0 0.5017575449250408 0.5839750401034712 0.5547297262799541 0.5854777970213412 0.5366966432655155 0.971185405941277 0.4889841111231468 0.9751927577222633
