0 0.0 0.24004975124378108 0.07960199004975121 0.24004975124378108 0.13598673300165837 0.8146766169154229 0.06301824212271973 0.8184079601990049
0 0.08623548922056384 0.24378109452736316 0.15422885572139297 0.2462686567164179 0.19734660033167495 0.7997512437810944 0.14096185737976782 0.8059701492537311
0 0.1658374792703151 0.2388059701492537 0.2271973466003316 0.23507462686567163 0.263681592039801 0.8146766169154229 0.20398009950248755 0.8208955223880596
0 0.23880597014925373 0.24129353233830844 0.30845771144278605 0.2388059701492537 0.3399668325041459 0.8196517412935322 0.2686567164179104 0.8233830845771142
0 0.3167495854063018 0.21766169154228854 0.3814262023217247 0.21766169154228854 0.39303482587064675 0.8109452736318408 0.33665008291873955 0.8159203980099502
0 0.38474295190713104 0.21890547263681592 0.45107794361525705 0.21766169154228854 0.4527363184079602 0.8084577114427859 0.3946932006633499 0.8159203980099502
0 0.4543946932006633 0.21890547263681592 0.5174129353233831 0.21766169154228854 0.5091210613598672 0.8109452736318408 0.4560530679933665 0.8121890547263682
0 0.5210681260387509 0.2168875778568133 0.5851413691623017 0.21786829076176564 0.5629118766500494 0.8111995982579123 0.5132224227991324 0.8190453014975307
0 0.5942946896085233 0.2168875778568133 0.6531374639056617 0.21884900366671795 0.6322155886000126 0.8151224498777215 0.5772956659226832 0.8190453014975307
0 0.6649060187650895 0.21492615204690874 0.7315944963018465 0.21492615204690874 0.6936735973103572 0.8141417369727691 0.6322155886000126 0.8190453014975307
0 0.7355173479216557 0.2129647262370041 0.8048210598716188 0.2139454391419564 0.7512087544008926 0.8190453014975307 0.6975964489301664 0.8210067273074354
0 0.8100515286980311 0.21786829076176564 0.875432389028185 0.21884900366671795 0.8113591459046341 0.8141417369727691 0.7577468404339079 0.8170838756876262
0 0.8793552406479942 0.21884900366671795 0.9381980149451327 0.2168875778568133 0.8715095374083758 0.8111995982579123 0.8126667631112373 0.8151224498777215
0 0.942120866564942 0.21884900366671795 1.0 0.21884900366671795 0.926429460085705 0.8072767466381031 0.875432389028185 0.8111995982579123
