0 0.02774411731728614 0.20679671402888145 0.059536699875064686 0.20607415533438653 0.10289022154476272 0.7740052892074306 0.05471964191176491 0.7776180826799055 0.01521976661270669 0.3159030768976215
0 0.06607969809681834 0.23523266728413833 0.17172243115220492 0.23523266728413833 0.19838952881667146 0.7783183677970237 0.1071060021959976 0.7783183677970237
0 0.17685071916460232 0.22138628965066534 0.30095528906461955 0.22523250565996342 0.3163401531018118 0.7752413949895852 0.20249215922658936 0.7806260974026026
0 0.30505791947453753 0.30369531224964375 0.37172566363570375 0.3044645554515033 0.39223881568529345 0.779856854200743 0.3306993595365245 0.783703070210041
0 0.3727513212381833 0.2844642322031534 0.44967564142414435 0.2836949890012938 0.4722401086786929 0.7767798813933046 0.4055723645175267 0.7775491245951641
0 0.45890655984645967 0.2683101249641016 0.5265999616101054 0.26907936816596123 0.5481387712621745 0.7844723134119006 0.4824966847034877 0.7852415566137602
0 0.5399335104423386 0.2967721234329072 0.602498624193587 0.295233637029188 0.6107038850134229 0.7867800430174794 0.5614723200944077 0.7906262590267774
0 0.6086525698084639 0.3390804995351858 0.6732689987646713 0.3336957971221685 0.6948078084167404 0.7852415566137602 0.6240374338456561 0.7875492862193391
0 0.687628205199384 0.34831141795750115 0.7368597701183991 0.34754217475564153 0.7522446341555913 0.8067803662658294 0.7030130692365761 0.8029341502565314
0 0.7583985797704681 0.3083107714608014 0.8701952584407316 0.30600304185522254 0.8722465736456907 0.801395663852812 0.7696808133977424 0.8083188526695485
0 0.8855801224779238 0.3236956354979936 1.0 0.31908017628683594 1.0 0.8129343118807062 0.8866057800804035 0.8160112846881447
