0 0.545305023923445 0.1471291866028708 0.6206638755980862 0.1471291866028708 0.6206638755980862 0.94377990430622 0.545305023923445 0.94377990430622
0 0.45379784688995217 0.04904306220095694 0.5345394736842105 0.04904306220095694 0.5345394736842105 0.9712918660287081 0.45379784688995217 0.9712918660287081
0 0.3918959330143541 0.11602870813397129 0.44751794258373206 0.11602870813397129 0.44751794258373206 0.9533492822966506 0.3918959330143541 0.9533492822966506
0 0.6825657894736843 0.1590909090909091 0.7274222488038278 0.1590909090909091 0.7274222488038278 0.9401913875598086 0.6825657894736843 0.9401913875598086
0 0.7337021531100479 0.06220095693779904 0.816238038277512 0.06220095693779904 0.816238038277512 0.9425837320574163 0.7337021531100479 0.9425837320574163
0 0.06982655502392347 0.03588516746411483 0.20529306220095697 0.02990430622009569 0.21875000000000003 0.9557416267942583 0.10840311004784692 0.9521531100478469
0 0.21247009569377995 0.041866028708133975 0.3802332535885168 0.0430622009569378 0.37215909090909094 0.9605263157894736 0.2959031100478469 0.9688995215311005 0.2250299043062201 0.958133971291866
0 0.6323265550239234 0.11602870813397129 0.677183014354067 0.12320574162679425 0.6735944976076556 0.9425837320574163 0.6305322966507177 0.9473684210526315
0 0.8368720095693779 0.05861244019138756 0.8808313397129186 0.05980861244019138 0.8619916267942584 0.9485645933014354 0.8404605263157895 0.958133971291866 0.8216208133971291 0.9449760765550239
0 0.8853169856459331 0.12679425837320574 0.9176136363636364 0.1291866028708134 0.9023624401913876 0.9389952153110048 0.8691686602870814 0.937799043062201
0 0.9274820574162681 0.1770334928229665 0.9777212918660287 0.18301435406698563 0.9651614832535886 0.9389952153110048 0.9068480861244019 0.9330143540669855
