0 0.04330819201233164 0.18732189258474224 0.10033458251525482 0.18988487642757024 0.07534549004768175 0.8904337934672261 0.022163575309000566 0.8887251375720073
0 0.11443099365080887 0.19073920437517958 0.16312768666454106 0.19415651616561694 0.13429411843272596 0.8793275301483047 0.08495667945828678 0.8793275301483047
0 0.17337962203585305 0.23003828996520906 0.23296899638160426 0.2351642576508651 0.19708722258201214 0.8793275301483047 0.13813859419696795 0.8742015624626485
0 0.2483468994385723 0.2317469458604277 0.30793627378432353 0.23943589738891174 0.26564704037766135 0.8759102183578673 0.2073391579533242 0.8682212668293833
0 0.31690671723422154 0.2232036663843344 0.37521459965855875 0.22747530612238104 0.3277993985662406 0.8759102183578673 0.2707730080633174 0.8648039550389458
0 0.38482578906916376 0.26506573581719184 0.4405706876506729 0.2719003593980665 0.3912332486762338 0.8716385786198205 0.3335661122126036 0.8656582829865551
0 0.457230082629055 0.21551471485585033 0.5123342352498572 0.21295173101302234 0.5200231867783413 0.87249290656743 0.466200526078953 0.8716385786198205
0 0.5283528842675322 0.21038874717019432 0.5840977828490415 0.2078257633273663 0.5808940530455065 0.8733472345150393 0.5283528842675322 0.8733472345150393
0 0.5892237505346976 0.21551471485585033 0.6398426814305507 0.21038874717019432 0.6321537299020666 0.8699299227246018 0.5847385288097484 0.8699299227246018
0 0.6494538708411557 0.21038874717019432 0.7045580234619578 0.212097403065413 0.6891801204049898 0.8716385786198205 0.6424056652733786 0.8733472345150393
0 0.7135284669118559 0.21380605896063165 0.7647881437684161 0.21636904280345967 0.744284273025792 0.8690755947769925 0.6962283259727668 0.8699299227246018
0 0.775040079139728 0.21807769869867835 0.8275812479177023 0.219786354593897 0.7987476796858872 0.8622409711961179 0.753895462436397 0.8639496270913366
0 0.8307849777212373 0.22662097817477173 0.8724334651671923 0.22576665022716236 0.8378331832890143 0.8460087401915404 0.8025921554501292 0.8494260519819778
0 0.8807631626563834 0.2240579943319437 0.9301006016308225 0.22576665022716236 0.8878113682241604 0.8494260519819778 0.8461628807782053 0.8477173960867591
0 0.9358673152771856 0.23003828996520906 0.9852047542516248 0.22918396201759975 0.9409932829628416 0.8417371004534937 0.8948595737919375 0.8485717240343685
