0 0.20900000 0.75283333 0.19700000 0.75216667 0.19262500 0.74266667 0.14212500 0.23700000 0.13100000 0.09550000 0.15950000 0.09450000 0.16512500 0.09933333 0.16412500 0.13500000 0.17237500 0.24033333 0.22112500 0.73600000 0.22012500 0.74833333
0 0.23925000 0.75616667 0.22875000 0.75516667 0.22312500 0.74900000 0.16687500 0.13933333 0.16487500 0.10533333 0.16875000 0.09916667 0.19225000 0.09950000 0.19462500 0.10366667 0.24912500 0.74566667 0.24825000 0.75316667
0 0.26500000 0.75950000 0.25225000 0.75750000 0.25012500 0.75266667 0.19687500 0.10800000 0.20075000 0.10216667 0.22525000 0.10183333 0.22862500 0.10366667 0.23037500 0.11166667 0.25112500 0.41066667 0.26887500 0.61100000 0.27162500 0.65766667 0.27962500 0.74700000 0.27625000 0.75616667
0 0.29625000 0.76016667 0.28250000 0.75816667 0.27912500 0.74266667 0.26187500 0.48766667 0.25937500 0.48266667 0.23487500 0.15866667 0.23212500 0.11166667 0.23725000 0.10550000 0.25950000 0.10516667 0.26512500 0.11166667 0.30712500 0.74300000 0.30537500 0.75566667
0 0.32525000 0.75783333 0.31225000 0.75683333 0.30962500 0.75233333 0.26612500 0.11600000 0.26900000 0.11116667 0.28325000 0.10883333 0.29862500 0.11133333 0.33712500 0.74733333 0.33550000 0.75616667
0 0.35650000 0.76050000 0.34012500 0.75600000 0.33787500 0.72966667 0.32387500 0.47400000 0.30037500 0.13100000 0.30037500 0.11466667 0.30775000 0.11150000 0.33000000 0.11150000 0.33312500 0.11833333 0.37012500 0.73566667 0.36537500 0.75466667
0 0.39300000 0.75116667 0.37700000 0.75050000 0.37187500 0.74500000 0.33637500 0.15466667 0.33537500 0.12333333 0.33850000 0.11783333 0.36175000 0.11883333 0.36587500 0.14366667 0.38937500 0.57966667 0.39512500 0.73033333 0.39537500 0.74833333
0 0.41625000 0.75650000 0.39950000 0.75383333 0.39612500 0.73633333 0.36637500 0.13133333 0.36925000 0.12316667 0.38050000 0.11816667 0.39675000 0.11816667 0.39862500 0.12300000 0.42462500 0.74600000 0.42375000 0.75250000
0 0.44000000 0.75716667 0.42662500 0.75200000 0.40037500 0.13166667 0.40375000 0.12216667 0.42937500 0.12500000 0.42612500 0.14933333 0.42662500 0.19066667 0.44637500 0.72866667 0.44662500 0.75200000 0.44525000 0.75616667
0 0.47575000 0.77083333 0.45450000 0.76816667 0.44962500 0.75666667 0.44212500 0.59900000 0.43737500 0.36633333 0.42912500 0.17066667 0.43037500 0.12700000 0.45925000 0.12116667 0.46700000 0.12150000 0.46962500 0.12566667 0.48437500 0.75833333 0.48387500 0.76733333
0 0.50500000 0.77350000 0.49025000 0.77283333 0.48487500 0.76766667 0.47137500 0.16266667 0.47162500 0.12733333 0.47975000 0.12350000 0.50600000 0.12383333 0.51012500 0.13466667 0.52062500 0.75733333 0.51850000 0.76983333
0 0.54325000 0.77283333 0.52525000 0.77250000 0.52187500 0.76766667 0.51137500 0.15500000 0.51275000 0.13016667 0.53675000 0.12716667 0.54812500 0.13133333 0.54937500 0.14566667 0.55562500 0.73533333 0.55512500 0.76766667
0 0.58400000 0.77416667 0.56075000 0.77316667 0.55562500 0.76400000 0.55062500 0.16233333 0.55062500 0.13500000 0.55275000 0.13316667 0.58425000 0.13250000 0.58837500 0.13800000 0.59037500 0.76833333
0 0.60750000 0.77483333 0.59400000 0.77383333 0.59087500 0.76766667 0.59012500 0.13900000 0.62375000 0.13450000 0.62812500 0.14200000 0.62437500 0.76633333 0.62125000 0.77316667
0 0.64675000 0.77683333 0.62850000 0.77550000 0.62487500 0.77166667 0.62462500 0.76533333 0.62987500 0.14533333 0.63225000 0.13883333 0.66250000 0.13783333 0.66737500 0.14233333 0.66787500 0.15200000 0.65937500 0.76800000 0.65600000 0.77383333
0 0.68625000 0.77383333 0.66525000 0.77316667 0.66012500 0.76533333 0.66837500 0.15900000 0.67050000 0.14383333 0.70150000 0.14216667 0.70537500 0.14700000 0.70562500 0.17366667 0.69387500 0.76766667
0 0.71700000 0.77016667 0.69675000 0.76983333 0.69412500 0.76433333 0.70312500 0.43233333 0.70212500 0.38133333 0.70562500 0.34966667 0.70362500 0.27566667 0.70612500 0.15433333 0.70875000 0.14716667 0.73400000 0.14650000 0.73887500 0.15366667 0.73987500 0.21700000 0.73612500 0.25900000 0.73662500 0.41200000 0.72912500 0.64866667 0.72637500 0.66566667 0.72637500 0.75333333 0.72487500 0.76533333
0 0.75450000 0.76050000 0.72737500 0.75666667 0.72712500 0.69966667 0.73887500 0.41266667 0.73962500 0.15433333 0.76375000 0.15216667 0.76612500 0.15700000 0.76312500 0.23966667 0.76587500 0.35800000 0.76087500 0.72333333 0.75937500 0.75600000
0 0.81450000 0.77350000 0.78450000 0.76816667 0.77762500 0.75633333 0.76912500 0.16600000 0.76987500 0.15833333 0.77725000 0.15416667 0.81475000 0.14916667 0.81937500 0.15266667 0.82162500 0.16533333 0.82512500 0.76400000 0.82300000 0.76950000
0 0.84925000 0.77483333 0.83050000 0.77183333 0.82687500 0.76466667 0.82362500 0.24300000 0.82187500 0.16133333 0.81887500 0.14666667 0.82075000 0.14250000 0.83025000 0.13950000 0.86575000 0.13583333 0.87112500 0.14266667 0.87287500 0.15766667 0.87387500 0.58466667 0.87137500 0.76400000 0.86250000 0.77216667
0 0.89300000 0.77250000 0.87875000 0.77183333 0.87237500 0.76700000 0.87487500 0.60800000 0.87462500 0.17000000 0.88125000 0.16383333 0.90425000 0.16183333 0.90862500 0.16600000 0.90887500 0.19233333 0.90337500 0.74833333 0.90187500 0.76700000
0 0.92600000 0.77583333 0.90800000 0.77250000 0.90462500 0.76500000 0.91037500 0.18166667 0.90937500 0.16233333 0.90212500 0.15466667 0.92000000 0.14716667 0.94750000 0.14416667 0.95262500 0.14866667 0.95337500 0.17400000 0.94137500 0.74833333 0.93987500 0.76900000
0 0.96350000 0.77716667 0.95075000 0.77583333 0.94262500 0.76766667 0.94287500 0.71100000 0.95362500 0.21533333 0.95737500 0.19566667 0.96250000 0.18950000 0.96875000 0.18916667 0.98650000 0.19450000 0.98912500 0.21033333 0.97487500 0.77166667 0.97175000 0.77616667
