0 0.07406741910944316 0.0 0.14134190933700425 0.0 0.17497915445078477 0.9547552356192255 0.10645884033012072 0.9613996297157748
0 0.1425877332301072 0.011251273909233368 0.20861639956456532 0.01291237243337068 0.23477870131972792 0.9597385311916374 0.17622497834388776 0.9613996297157748
0 0.2160913429231832 0.029523357674743782 0.2846116570438472 0.022878963578194543 0.3057906632265979 0.9530941370950882 0.24349946857144883 0.9530941370950882
0 0.2958240720817741 0.06274532815748998 0.3319529649817606 0.06108422963335268 0.3518861472714083 0.9398053489019897 0.31326560658521585 0.9364831518537151
0 0.33444461276796655 0.03948994881956765 0.3954899835300127 0.03948994881956765 0.4042107507817336 0.9796717134812852 0.35437779505761424 0.9796717134812852
0 0.3992274552093216 0.052778737012666124 0.45030623482654397 0.04945653996439151 0.4527978826127499 0.9780106149571478 0.4054565746748366 0.9796717134812852
0 0.45030623482654397 0.042812145867842266 0.515089077267899 0.042812145867842266 0.5101057816954871 0.9879772061019717 0.4527978826127499 0.9846550090536971
0 0.518826548947208 0.051117638488528815 0.589838510854078 0.04945653996439151 0.5748886241368422 0.9929605016743837 0.5101057816954871 0.9929605016743837
0 0.59482180642649 0.08433960897127502 0.6770461833712869 0.08267851044713771 0.6521297055092272 0.9896383046261091 0.5798719197092541 0.9863161075778344
0 0.6845211267299047 0.07437301782645116 0.7692371514609075 0.07769521487472578 0.734354082454024 0.994621600198521 0.6546213532954331 0.9996048957709328
0 0.7679913275678045 0.10261169273678543 0.8327741700091597 0.10427279126092275 0.7916619815367613 0.9796717134812852 0.7331082585609211 0.9829939105295598
0 0.8340199939022627 0.11922267797815854 0.9062777797022357 0.12254487502643316 0.8626739434436311 0.9896383046261091 0.7941536293229672 0.9879772061019717
0 0.9262109619918834 0.10593388978506005 1.0 0.10593388978506005 0.9461441442815312 0.9979437972467955 0.8676572390160432 0.9996048957709328
