0 0.9079956188389923 0.1655713764147499 0.9748083242059146 0.16265060240963855 0.9890470974808323 0.7657904344651332 0.9167579408543263 0.7657904344651332
0 0.8335158817086528 0.1728733114275283 0.8970427163198248 0.17433369843008398 0.9036144578313252 0.7570281124497992 0.8411829134720701 0.7614092734574662
0 0.764512595837897 0.16995253742241695 0.8291347207009858 0.16703176341730558 0.8357064622124862 0.7614092734574662 0.7743702081051479 0.7687112084702445
0 0.6944140197152245 0.17579408543263966 0.7612267250821467 0.16411098941219424 0.7656078860898138 0.7599488864549105 0.700985761226725 0.7687112084702445
0 0.624315443592552 0.16995253742241695 0.6889375684556408 0.1728733114275283 0.6867469879518072 0.7526469514421321 0.6221248630887185 0.7614092734574662
0 0.5575027382256298 0.17433369843008398 0.6166484118291348 0.16995253742241695 0.6133625410733845 0.7497261774370209 0.5509309967141293 0.7482657904344651
0 0.4874041621029573 0.17433369843008398 0.5443592552026286 0.17871485943775098 0.5465498357064622 0.7453450164293537 0.47426067907995617 0.7409638554216867
0 0.41949616648411825 0.18601679445052938 0.4753559693318729 0.1845564074479737 0.47207009857612264 0.735122307411464 0.40744797371303393 0.7380430814165754
0 0.3428258488499452 0.17871485943775098 0.4052573932092004 0.1728733114275283 0.40963855421686746 0.7322015334063526 0.3417305585980284 0.7380430814165754
0 0.2552026286966046 0.16265060240963855 0.348302300109529 0.15680905439941584 0.3384446878422782 0.7336619204089083 0.24534501642935377 0.7278203723986856
0 0.15443592552026286 0.16703176341730558 0.2552026286966046 0.16703176341730558 0.24315443592552027 0.7219788243884628 0.1456736035049288 0.713216502373129
0 0.07776560788608981 0.18017524644030666 0.1511500547645126 0.17579408543263966 0.14786418400876233 0.7102957283680176 0.06681270536692223 0.7059145673603504
0 0.0 0.17871485943775098 0.06900328587075574 0.17871485943775098 0.06352683461117195 0.7088353413654618 0.001095290251916758 0.7015334063526835
