0 0.12875000 0.42783333 0.08550000 0.42616667 0.08075000 0.42416667 0.08012500 0.42033333 0.08362500 0.12300000 0.08212500 0.03233333 0.08337500 0.01000000 0.08750000 0.00016667 0.13925000 0.00016667 0.15175000 0.00950000 0.15562500 0.01733333 0.15037500 0.15033333 0.14512500 0.42033333 0.14250000 0.42683333
0 0.18525000 0.42816667 0.16150000 0.42783333 0.15050000 0.42483333 0.14962500 0.41966667 0.15037500 0.35900000 0.15262500 0.35733333 0.15037500 0.34766667 0.15587500 0.16300000 0.15762500 0.02800000 0.15812500 0.01766667 0.16175000 0.01483333 0.19925000 0.02150000 0.20162500 0.02566667 0.19362500 0.32533333 0.19237500 0.34200000 0.18737500 0.34600000 0.19237500 0.35300000 0.19237500 0.36000000 0.18987500 0.41333333 0.18812500 0.42400000
0 0.21675000 0.42916667 0.19350000 0.42883333 0.19037500 0.42466667 0.18987500 0.41800000 0.19662500 0.31966667 0.19612500 0.26366667 0.20337500 0.02166667 0.20575000 0.01716667 0.22250000 0.01550000 0.23700000 0.01750000 0.23887500 0.02833333 0.22962500 0.31633333 0.22937500 0.42400000 0.22775000 0.42816667
0 0.28350000 0.42883333 0.23525000 0.42816667 0.23112500 0.42400000 0.23137500 0.32800000 0.23962500 0.04366667 0.24137500 0.01766667 0.24425000 0.01183333 0.24800000 0.00983333 0.28775000 0.01383333 0.29650000 0.01750000 0.29862500 0.02166667 0.29462500 0.03966667 0.29612500 0.06266667 0.29087500 0.20500000 0.28812500 0.41333333 0.28712500 0.42400000
0 0.32600000 0.43016667 0.29075000 0.42916667 0.28862500 0.42500000 0.29487500 0.10233333 0.29762500 0.06000000 0.29662500 0.04100000 0.30012500 0.02166667 0.30225000 0.01916667 0.33925000 0.02150000 0.34525000 0.02516667 0.34637500 0.02900000 0.34287500 0.08333333 0.34262500 0.17500000 0.33587500 0.36033333 0.33587500 0.42066667 0.33425000 0.42850000
0 0.37700000 0.42850000 0.36125000 0.42816667 0.34925000 0.42483333 0.34137500 0.40700000 0.34962500 0.09533333 0.35287500 0.02000000 0.35575000 0.00016667 0.39675000 0.00016667 0.39737500 0.00466667 0.39687500 0.09633333 0.39387500 0.13133333 0.39287500 0.19000000 0.38612500 0.28033333 0.38537500 0.38400000 0.38212500 0.42400000
0 0.42425000 0.42916667 0.39525000 0.42550000 0.39262500 0.42166667 0.39212500 0.41033333 0.41212500 0.02533333 0.41650000 0.00383333 0.43925000 0.00016667 0.44737500 0.00533333 0.44787500 0.01433333 0.44187500 0.09166667 0.43662500 0.22166667 0.42937500 0.32600000 0.42712500 0.40933333
0 0.48250000 0.43016667 0.46150000 0.42950000 0.45787500 0.42533333 0.45887500 0.32333333 0.45537500 0.11400000 0.45600000 0.00016667 0.47937500 0.00033333 0.48087500 0.24166667 0.48487500 0.40033333 0.48487500 0.42766667
0 0.51650000 0.43016667 0.50200000 0.43016667 0.49862500 0.42766667 0.48100000 0.00016667 0.50762500 0.00033333 0.52862500 0.40133333 0.52812500 0.42766667
0 0.09525000 0.99966667 0.07200000 0.99966667 0.07137500 0.99500000 0.05937500 0.51800000 0.05937500 0.49000000 0.06075000 0.48616667 0.06575000 0.48450000 0.08425000 0.48450000 0.08887500 0.48966667 0.08937500 0.69400000
0 0.12350000 0.99966667 0.09762500 0.99966667 0.09112500 0.55133333 0.08887500 0.51800000 0.08887500 0.49066667 0.09200000 0.48583333 0.11525000 0.48583333 0.11887500 0.49300000 0.11687500 0.52466667 0.11762500 0.66400000 0.12437500 0.94266667
0 0.15100000 0.99966667 0.12862500 0.99966667 0.12612500 0.92533333 0.12737500 0.81433333 0.12512500 0.66266667 0.12037500 0.51266667 0.12162500 0.49033333 0.13050000 0.48750000 0.14912500 0.49033333 0.14362500 0.63433333 0.14662500 0.67900000
0 0.19400000 0.99966667 0.15312500 0.99966667 0.14762500 0.62833333 0.14812500 0.56533333 0.15050000 0.55550000 0.18875000 0.55483333 0.19162500 0.55700000
0 0.22925000 0.99966667 0.19637500 0.99966667 0.19462500 0.59566667 0.19287500 0.56833333 0.19312500 0.56066667 0.19850000 0.55683333 0.22475000 0.55716667 0.23000000 0.55916667 0.23212500 0.56533333 0.23762500 0.99300000
0 0.24925000 0.99816667 0.24112500 0.99500000 0.23937500 0.98300000 0.23287500 0.56466667 0.23650000 0.55683333 0.26775000 0.55650000 0.27512500 0.56033333 0.27637500 0.57066667 0.27887500 0.98800000 0.27725000 0.99216667 0.27175000 0.99483333
0 0.31075000 0.99483333 0.28725000 0.99383333 0.28212500 0.99033333 0.28037500 0.98233333 0.27762500 0.56833333 0.27950000 0.56016667 0.28675000 0.55883333 0.31500000 0.55916667 0.31837500 0.56433333 0.31712500 0.86666667 0.31937500 0.98800000 0.31825000 0.99216667
0 0.35275000 0.99966667 0.32112500 0.99966667 0.31937500 0.87633333 0.32012500 0.56066667 0.32225000 0.55583333 0.32500000 0.55516667 0.34900000 0.55516667 0.35212500 0.56000000
0 0.38975000 0.99966667 0.35687500 0.99966667 0.35462500 0.56033333 0.35750000 0.55516667 0.38475000 0.55516667 0.38812500 0.56300000
0 0.42750000 0.99966667 0.39450000 0.99966667 0.39187500 0.97200000 0.39037500 0.56166667 0.39175000 0.55650000 0.39825000 0.55416667 0.42000000 0.55416667 0.42437500 0.55966667 0.42487500 0.86966667
0 0.46375000 0.99966667 0.43000000 0.99966667 0.42962500 0.99766667 0.42537500 0.59733333 0.42537500 0.56066667 0.42775000 0.55616667 0.45875000 0.55650000 0.46312500 0.56400000
0 0.49500000 0.99966667 0.46675000 0.99966667 0.46562500 0.99533333 0.46362500 0.56500000 0.46575000 0.55983333 0.47050000 0.55750000 0.48250000 0.55850000 0.48837500 0.56433333 0.49712500 0.97900000 0.49712500 0.99466667
0 0.52525000 0.99966667 0.50075000 0.99966667 0.49987500 0.99500000 0.48987500 0.58400000 0.49112500 0.57200000 0.49450000 0.56783333 0.51000000 0.56850000 0.51412500 0.57100000 0.51512500 0.57866667 0.52612500 0.93500000 0.52712500 0.99466667
0 0.55000000 0.99966667 0.52900000 0.99966667 0.52787500 0.98366667 0.51637500 0.58500000 0.51762500 0.57100000 0.52450000 0.56683333 0.53850000 0.56750000 0.54187500 0.57566667 0.55587500 0.98500000 0.55512500 0.99433333
0 0.57150000 0.99716667 0.56050000 0.99683333 0.55687500 0.98166667 0.54312500 0.60100000 0.54312500 0.57300000 0.54525000 0.56850000 0.55000000 0.56750000 0.56125000 0.56750000 0.56587500 0.57233333 0.58187500 0.97866667 0.58012500 0.99566667
0 0.61150000 0.99966667 0.58650000 0.99966667 0.58362500 0.97933333 0.56762500 0.60133333 0.56837500 0.57233333 0.57575000 0.56816667 0.59275000 0.56883333 0.59612500 0.58200000 0.61287500 0.97966667
0 0.66675000 0.99966667 0.66150000 0.99750000 0.64600000 0.99683333 0.64212500 0.99033333 0.63337500 0.76000000 0.62212500 0.60800000 0.62325000 0.56783333 0.62700000 0.56983333 0.65025000 0.56683333 0.66225000 0.57216667 0.66362500 0.57633333 0.66612500 0.76166667 0.66487500 0.78766667 0.66712500 0.83766667
0 0.64075000 0.99966667 0.61600000 0.99966667 0.61537500 0.99533333 0.59862500 0.64266667 0.59637500 0.57100000 0.59950000 0.56716667 0.61575000 0.56583333 0.61925000 0.56783333 0.62012500 0.57166667 0.62862500 0.75600000 0.64012500 0.93666667 0.64212500 0.99100000
0 0.69725000 0.99966667 0.67275000 0.99966667 0.66987500 0.97966667 0.66787500 0.76333333 0.67112500 0.75466667 0.66612500 0.74900000 0.66587500 0.74466667 0.66837500 0.71166667 0.66387500 0.60066667 0.66412500 0.57200000 0.66575000 0.56816667 0.67025000 0.56816667 0.67537500 0.57233333 0.67862500 0.59100000 0.68362500 0.72466667 0.68562500 0.73600000 0.68987500 0.82833333 0.69112500 0.89666667 0.69387500 0.91566667
0 0.72550000 0.99966667 0.69837500 0.99966667 0.69087500 0.79066667 0.68687500 0.75033333 0.68037500 0.60900000 0.67962500 0.57266667 0.68500000 0.56783333 0.70100000 0.56883333 0.70525000 0.57150000 0.70687500 0.57633333
0 0.75500000 0.99966667 0.72562500 0.99966667 0.71737500 0.77533333 0.70687500 0.58500000 0.70737500 0.57033333 0.71275000 0.56616667 0.72525000 0.56583333 0.73425000 0.56883333 0.73612500 0.57200000
0 0.78500000 0.99966667 0.75562500 0.99966667 0.74687500 0.77533333 0.73637500 0.58500000 0.73762500 0.56233333 0.74575000 0.55650000 0.75750000 0.55650000 0.76000000 0.56016667 0.76375000 0.56016667 0.76612500 0.56433333 0.76812500 0.58033333 0.77712500 0.85033333 0.78362500 0.94333333
0 0.82000000 0.99966667 0.78512500 0.99966667 0.76912500 0.61700000 0.76812500 0.57200000 0.77150000 0.56850000 0.79925000 0.56883333 0.80212500 0.57233333 0.80337500 0.57966667 0.80712500 0.69366667 0.81487500 0.83233333
0 0.86525000 0.99966667 0.82512500 0.99966667 0.81837500 0.88200000 0.81712500 0.81833333 0.81362500 0.77966667 0.81012500 0.63366667 0.80387500 0.57500000 0.80062500 0.56733333 0.79637500 0.56466667 0.79925000 0.56016667 0.84350000 0.55850000 0.84975000 0.55983333 0.85212500 0.56400000 0.85362500 0.71300000 0.85912500 0.81500000 0.86212500 0.83933333 0.86587500 0.95933333
0 0.86950000 0.99683333 0.86662500 0.97400000 0.86337500 0.84066667 0.85487500 0.70666667 0.85337500 0.56333333 0.85000000 0.55750000 0.83487500 0.55300000 0.83612500 0.50200000 0.83800000 0.49850000 0.84362500 0.49833333 0.83800000 0.49816667 0.83537500 0.49433333 0.83750000 0.49350000 0.86125000 0.49416667 0.86337500 0.51333333 0.86462500 0.62366667 0.87712500 0.94633333 0.87662500 0.98466667 0.87462500 0.99433333
0 0.91100000 0.99966667 0.88650000 0.99966667 0.88537500 0.99466667 0.87812500 0.72000000 0.87362500 0.63366667 0.86912500 0.62600000 0.86837500 0.61500000 0.86862500 0.56866667 0.87200000 0.56716667 0.90500000 0.56750000 0.90862500 0.57166667 0.91687500 0.87900000 0.92012500 0.93133333 0.91812500 0.96933333 0.91187500 0.99000000
0 0.94675000 0.99966667 0.93275000 0.99966667 0.92350000 0.99516667 0.92212500 0.98900000 0.92287500 0.93000000 0.92362500 0.91966667 0.92687500 0.91633333 0.92362500 0.90833333 0.92712500 0.90433333 0.92512500 0.89266667 0.92862500 0.88566667 0.92612500 0.87766667 0.92512500 0.70466667 0.91962500 0.59966667 0.92112500 0.56000000 0.92375000 0.55516667 0.93950000 0.55583333 0.94362500 0.56233333 0.94912500 0.85800000 0.95412500 0.98166667 0.95337500 0.99500000
0 0.99975000 0.99966667 0.96150000 0.99966667 0.95712500 0.99400000 0.95612500 0.98333333 0.95087500 0.75333333 0.95262500 0.71266667 0.95037500 0.64266667 0.95312500 0.63100000 0.94687500 0.62366667 0.94562500 0.57533333 0.94612500 0.56066667 0.95587500 0.55666667 0.95412500 0.53666667 0.95900000 0.52750000 0.96250000 0.52616667 0.99975000 0.52733333
