0 0.18700000 0.99975000 0.10483333 0.99975000 0.00016667 0.54500000 0.00033333 0.10812500 0.01116667 0.12650000 0.06616667 0.43525000
0 0.30766667 0.99975000 0.19650000 0.99975000 0.04050000 0.25525000 0.02183333 0.13625000 0.02483333 0.11925000 0.03466667 0.11687500 0.11600000 0.12087500 0.13516667 0.12700000
0 0.37566667 0.99975000 0.32133333 0.99975000 0.31850000 0.99400000 0.16116667 0.23925000 0.14350000 0.13175000 0.15433333 0.11712500 0.22500000 0.11487500 0.25650000 0.11950000 0.42150000 0.97100000 0.41200000 0.99062500
0 0.44966667 0.99512500 0.43950000 0.99025000 0.42750000 0.95550000 0.34416667 0.51850000 0.29750000 0.31900000 0.26316667 0.12350000 0.26583333 0.11150000 0.27633333 0.10712500 0.37633333 0.11087500 0.38983333 0.17475000 0.53750000 0.96300000 0.52666667 0.97487500
0 0.56600000 0.97587500 0.54683333 0.96675000 0.53183333 0.90475000 0.41483333 0.29600000 0.38450000 0.12375000 0.38483333 0.11125000 0.39200000 0.10362500 0.40433333 0.10187500 0.46833333 0.10362500 0.49033333 0.10862500 0.49416667 0.11450000 0.64683333 0.93200000 0.64683333 0.95075000 0.63900000 0.95537500
0 0.70566667 0.97087500 0.68166667 0.96887500 0.65850000 0.95075000 0.64983333 0.86150000 0.63416667 0.83400000 0.50083333 0.13125000 0.50116667 0.10350000 0.52666667 0.08012500 0.59300000 0.08012500 0.62100000 0.08787500 0.62516667 0.09600000 0.76750000 0.93075000 0.76333333 0.95412500
0 0.78466667 0.92987500 0.77150000 0.92775000 0.73583333 0.73250000 0.62950000 0.11475000 0.62916667 0.10350000 0.63800000 0.09462500 0.71050000 0.09600000 0.73350000 0.20600000 0.84216667 0.86750000 0.84216667 0.91075000 0.82633333 0.92037500
0 0.72101449 0.12717391 0.80362319 0.12173913 0.90942029 0.89239130 0.84565217 0.89891304
0 0.80942029 0.11956522 0.89347826 0.10978261 0.99966667 0.72528207 0.99966667 0.89239130 0.93695652 0.90652174
0 0.90507246 0.10978261 0.97608696 0.10869565 0.99966667 0.29956934 0.99966667 0.72391304
