0 0.00654329639770753 0.0 0.07779329639770752 0.0 0.07904329639770752 0.8756566528060643 0.010293296397707529 0.8856566528060643
0 0.08279329639770752 0.013989986139397862 0.1565432963977075 0.027323319472731197 0.17404329639770755 0.8656566528060644 0.09779329639770752 0.867323319472731
0 0.16029329639770754 0.04232331947273119 0.23154329639770754 0.04065665280606453 0.23779329639770755 0.857323319472731 0.17404329639770755 0.8606566528060644
0 0.24404329639770753 0.05565665280606453 0.3190432963977075 0.04898998613939786 0.3415432963977075 0.8423233194727312 0.2715432963977075 0.8423233194727312
0 0.33154329639770747 0.02065665280606453 0.4052932963977075 0.01898998613939786 0.41279329639770745 0.8689899861393977 0.34779329639770745 0.8739899861393977
0 0.41029329639770745 0.02898998613939786 0.4940432963977075 0.0323233194727312 0.4965432963977075 0.8689899861393977 0.41779329639770746 0.872323319472731
0 0.5065432963977075 0.03398998613939786 0.5852932963977074 0.03565665280606453 0.5765432963977074 0.8756566528060643 0.5065432963977075 0.872323319472731
0 0.5915432963977074 0.03565665280606453 0.6640432963977074 0.04398998613939786 0.6565432963977075 0.8756566528060643 0.5890432963977075 0.8789899861393977
0 0.6677932963977075 0.053989986139397865 0.7515432963977074 0.05898998613939786 0.7365432963977074 0.8739899861393977 0.6640432963977074 0.877323319472731
0 0.7665432963977075 0.015656652806064528 0.8615432963977074 0.02065665280606453 0.8240432963977075 0.8806566528060643 0.7577932963977074 0.8856566528060643
0 0.8740432963977074 0.05565665280606453 0.9427932963977074 0.062323319472731196 0.9140432963977074 0.8856566528060643 0.8515432963977074 0.887323319472731
0 0.9552932963977074 0.0 1.0 0.002323319472731195 1.0 0.39398998613939784 0.9890432963977074 0.8839899861393977 0.9152932963977074 0.877323319472731
