0 0.09575000 0.89216667 0.07787500 0.88866667 0.06762500 0.76366667 0.03687500 0.15966667 0.03712500 0.12600000 0.04075000 0.11850000 0.04750000 0.11716667 0.06200000 0.11816667 0.06462500 0.12733333
0 0.06458333 0.10666667 0.09208333 0.10777778 0.12708333 0.90555556 0.10041667 0.90555556
0 0.10208333 0.11444444 0.12875000 0.11666667 0.16458333 0.90333333 0.13708333 0.90333333
0 0.13125000 0.12000000 0.16208333 0.11555556 0.19125000 0.90666667 0.16625000 0.90444444
0 0.16041667 0.10666667 0.19041667 0.10777778 0.22041667 0.91222222 0.19208333 0.91555556
0 0.20041667 0.12111111 0.23208333 0.12222222 0.25458333 0.90333333 0.22875000 0.89888889
0 0.22875000 0.11777778 0.25375000 0.11444444 0.28041667 0.91444444 0.25625000 0.91111111
0 0.26291667 0.11777778 0.28708333 0.11777778 0.31291667 0.91333333 0.28291667 0.91666667
0 0.29375000 0.11444444 0.32291667 0.11333333 0.34041667 0.91777778 0.31208333 0.91777778
0 0.32291667 0.11777778 0.35375000 0.11444444 0.37041667 0.91777778 0.34208333 0.91888889
0 0.35625000 0.11777778 0.38708333 0.11888889 0.40041667 0.91888889 0.37375000 0.92000000
0 0.39041667 0.11777778 0.42291667 0.11888889 0.43625000 0.91555556 0.40375000 0.91666667
0 0.42375000 0.12111111 0.45541667 0.12000000 0.46041667 0.91444444 0.43458333 0.91777778
0 0.45708333 0.12000000 0.48625000 0.11888889 0.49208333 0.91666667 0.46875000 0.92000000
0 0.49041667 0.16888889 0.56208333 0.16888889 0.56875000 0.91777778 0.49458333 0.91888889
0 0.57458333 0.14222222 0.63375000 0.14555556 0.62791667 0.92555556 0.57125000 0.92888889
0 0.64125000 0.14444444 0.69875000 0.14444444 0.68875000 0.93000000 0.63458333 0.93333333
0 0.69625000 0.15444444 0.76291667 0.15333333 0.74458333 0.91888889 0.68958333 0.92222222
0 0.76208333 0.15444444 0.83041667 0.15333333 0.80541667 0.92333333 0.74875000 0.92000000
0 0.83291667 0.15333333 0.93375000 0.16000000 0.90041667 0.93000000 0.80958333 0.92555556
0 0.93208333 0.15888889 0.99541667 0.15888889 0.94541667 0.93000000 0.90458333 0.92888889
0 0.99875000 0.16666667 0.96125000 0.93000000 0.99875000 0.93000000
