0 0.1144278606965174 0.07462686567164178 0.25041459369817576 0.07960199004975124 0.2868988391376451 0.890547263681592 0.1724709784411277 0.8992537313432836
0 0.2669983416252073 0.0012437810945273632 0.3200663349917081 0.0012437810945273632 0.3283582089552239 0.890547263681592 0.29187396351575456 0.890547263681592
0 0.3200663349917081 0.12313432835820895 0.3731343283582089 0.12189054726368158 0.3781094527363184 0.8706467661691542 0.32669983416252074 0.8731343283582089
0 0.38474295190713104 0.12810945273631838 0.44610281923714756 0.12810945273631838 0.4444444444444444 0.8594527363184079 0.3814262023217247 0.8594527363184079
0 0.4560530679933665 0.12562189054726366 0.5107794361525704 0.12686567164179105 0.4975124378109453 0.8594527363184079 0.44610281923714756 0.8569651741293531
0 0.5174129353233831 0.12935323383084577 0.5870646766169154 0.12935323383084577 0.5489220563847429 0.8594527363184079 0.4958540630182421 0.8606965174129353
0 0.5903814262023217 0.12064676616915422 0.6434494195688225 0.11940298507462685 0.603648424543947 0.8681592039800995 0.5555555555555555 0.8718905472636815
0 0.6567164179104478 0.12437810945273631 0.7114427860696517 0.12064676616915422 0.6567164179104478 0.8694029850746269 0.6069651741293532 0.8706467661691542
0 0.7147595356550579 0.12810945273631838 0.7728026533996682 0.13059701492537312 0.7097844112769485 0.86318407960199 0.6567164179104478 0.8656716417910447
0 0.7761194029850745 0.14427860696517414 0.8325041459369816 0.14676616915422883 0.75787728026534 0.8407960199004975 0.7097844112769485 0.8407960199004975
0 0.859038142620232 0.14303482587064675 0.9253731343283581 0.13930348258706468 0.824212271973466 0.8544776119402984 0.7678275290215588 0.8519900497512437
