0 0.06024096385542168 0.11299744432274551 0.10186199342825848 0.11299744432274551 0.08433734939759036 0.7336619204089083 0.04271631982475355 0.730741146403797
0 0.10514786418400876 0.11737860533041256 0.14129244249726175 0.11737860533041256 0.12595837897042717 0.7380430814165754 0.08871851040525738 0.7336619204089083
0 0.15005476451259583 0.11153705732018986 0.18729463307776562 0.11007667031763416 0.17196056955093098 0.7453450164293537 0.1325301204819277 0.739503468419131
0 0.19167579408543264 0.11299744432274551 0.23001095290251916 0.10277473530485579 0.2157721796276013 0.7482657904344651 0.17743702081051477 0.7453450164293537
0 0.23329682365826943 0.1013143483023001 0.27053669222343923 0.09693318729463307 0.2552026286966046 0.7570281124497992 0.21686746987951808 0.7570281124497992
0 0.2792990142387733 0.09547280029207739 0.32092004381161005 0.09547280029207739 0.30668127053669225 0.7570281124497992 0.2661555312157722 0.7541073384446878
0 0.32311062431544363 0.09109163928441037 0.3713033953997809 0.09255202628696603 0.3537787513691128 0.7687112084702445 0.3088718510405257 0.7657904344651332
0 0.3713033953997809 0.08671047827674333 0.43702081051478636 0.0823293172690763 0.4293537787513691 0.7760131434830229 0.3559693318729463 0.7701715954728003
0 0.45235487404162106 0.08378970427163199 0.5268346111719605 0.08086893026652063 0.5093099671412924 0.7833150784958014 0.4359255202628697 0.78039430449069
0 0.5345016429353778 0.07940854326396495 0.5991237677984665 0.0823293172690763 0.5947426067907995 0.7920774005111354 0.5093099671412924 0.7847754654983571
0 0.6144578313253012 0.16849215041986126 0.6757940854326395 0.18163563344286235 0.6757940854326395 0.7920774005111354 0.5991237677984665 0.7935377875136912
0 0.6856516976998904 0.1524278933917488 0.7491785323110625 0.15826944140197152 0.7579408543263965 0.8008397225264695 0.6856516976998904 0.7964585615188026
0 0.7557502738225629 0.16703176341730558 0.8170865279299014 0.16411098941219424 0.8247535596933188 0.7993793355239137 0.7612267250821467 0.8023001095290251
0 0.8247535596933188 0.16703176341730558 0.8893756845564075 0.16411098941219424 0.8992332968236583 0.8008397225264695 0.8302300109529025 0.7993793355239137
0 0.8882803943044907 0.17141292442497263 0.9627601314348302 0.16411098941219424 0.9824753559693319 0.8125228185469149 0.9025191675794085 0.8081416575392478
