0 0.04417364207487972 0.11494790904031989 0.1292911445251916 0.11773864682557603 0.16277999794826514 0.9084476859814787 0.08533702440740759 0.9168198993372471
0 0.1488263090219845 0.12238987646766956 0.22487391367021398 0.12704110610976313 0.2430137092743788 0.8907730133415233 0.1746406335356037 0.9000754726257104
0 0.23673454925755252 0.1261108601813444 0.3190613139226083 0.13262258168027535 0.3204566828152363 0.8805403081289175 0.24999055373751913 0.8935637511267794
0 0.32534047393943455 0.13355282760869408 0.3985973408024079 0.1363435653939502 0.3909228118929535 0.8730983407015679 0.32534047393943455 0.8870520296278483
0 0.40766723860449033 0.13262258168027535 0.4781333676822075 0.13820405725078763 0.46208662541698475 0.869377356987893 0.399992709695036 0.8758890784868238
0 0.4934824255011162 0.08704053118775863 0.5597624479009493 0.09541274454352701 0.5206921189073634 0.8517026843479375 0.46557504764855495 0.8554236680616124
0 0.5541809723304371 0.08983126897301474 0.5527856034378089 0.045179464408916716 0.5925536168777087 0.04983069405101025 0.556274025669379 0.8451909628490066 0.5262735944778757 0.8507724384195188 0.5625531856862053 0.10657569568455151 0.5625531856862053 0.09448249861510831
0 0.600228145787163 0.048900448122591554 0.6483683725828313 0.05169118590784767 0.6044142524650473 0.8451909628490066 0.5604601323472633 0.8479817006342626
0 0.6602290081701698 0.03959798883840446 0.7069738660732099 0.047039956265754135 0.6497637414754593 0.8582144058468685 0.6183679413913279 0.8647261273457995
0 0.7111599727510942 0.03680725105314833 0.7627886217783325 0.04052823476682317 0.7013923905026977 0.8675168651310555 0.6616243770627979 0.8656563732742181
0 0.7669747284562167 0.04052823476682317 0.8018589507719184 0.043318972552079296 0.7411604039425975 0.8600748977037059 0.7097646038584661 0.8600748977037059
0 0.8102311641276867 0.048900448122591554 0.8555806531380988 0.048900448122591554 0.7823237862751254 0.8572841599184498 0.7446488261741677 0.853563176204775
0 0.8576737064770409 0.05820290740677864 0.903023195487453 0.06099364519203477 0.8255802219465954 0.8424002250637505 0.7872075773993237 0.8451909628490066
0 0.9051162488263951 0.05169118590784767 0.9400004711420966 0.05727266147835994 0.8618598131549251 0.8377489954216568 0.83674317308762 0.8424002250637505
0 0.9462796311589229 0.06099364519203477 0.991629120169335 0.06657512076254703 0.903023195487453 0.8358885035648194 0.8681389731717514 0.840539733206913
