0 0.0 0.22999962681182798 0.026036270802574587 0.23117097238397252 0.06205514714601932 0.7910741558690647 0.03657838095187549 0.7934168470133538
0 0.03482136259365867 0.31082247128980156 0.07523278483264545 0.30847978014551247 0.10334507856411453 0.7922455014412092 0.06556918386245296 0.7922455014412092
0 0.07874682154907908 0.31082247128980156 0.11915824378806587 0.31082247128980156 0.1437565008031013 0.7934168470133538 0.10773762445965655 0.7945881925854983
0 0.12003675296717428 0.30847978014551247 0.16835475781813672 0.309651125717657 0.1850464322211965 0.7934168470133538 0.14727053751953492 0.7969308837297874
0 0.17186879453457038 0.31550785357837974 0.21579425348999076 0.31550785357837974 0.22721487281840005 0.7899028102969201 0.1903174872958469 0.7945881925854983
0 0.21491574431088237 0.30730843457336793 0.25708418490808593 0.30847978014551247 0.2649907675200616 0.7992735748740765 0.23072890953483371 0.8051303027347992
0 0.25796269408719436 0.30730843457336793 0.2931030612515307 0.30847978014551247 0.3036451714008316 0.798102229301932 0.26586927669917004 0.8027876115905102
0 0.30013113468439795 0.31316516243409065 0.3343929926696259 0.3143365080062352 0.3405425569233847 0.7934168470133538 0.3062806989381568 0.8004449204462211
0 0.3405425569233847 0.31082247128980156 0.3721688873712874 0.31316516243409065 0.38446801587880514 0.7899028102969201 0.3502061578935772 0.7992735748740765
0 0.3756829240877211 0.3201932358669579 0.40906627289384057 0.3166791991505242 0.4240009289386835 0.7758466634311857 0.3879820525952388 0.7793607001476193
0 0.4117018004311658 0.33893476502127057 0.43190751155065915 0.335420728304837 0.45387024102836937 0.7770180090033302 0.4266364564760088 0.772332626714752
0 0.43893558498352647 0.33893476502127057 0.46177682364034506 0.33424938273269245 0.4828610439389469 0.7711612811426075 0.45914129610301985 0.772332626714752
0 0.4688048970732123 0.33893476502127057 0.48813209901359733 0.33893476502127057 0.5100948284913075 0.7664758988540293 0.48637508065538054 0.7711612811426075
0 0.49516017244646454 0.33659207387698153 0.5206369386406084 0.33424938273269245 0.5425996681183186 0.7711612811426075 0.5180014111032832 0.7746753178590411
0 0.5250294845361505 0.33659207387698153 0.5487492323720775 0.33659207387698153 0.5707119618497877 0.7746753178590411 0.5478707231929691 0.7793607001476193
0 0.5531417782676196 0.3330780371605479 0.5777400352826549 0.3330780371605479 0.6023382922976904 0.7781893545754748 0.5751045077453297 0.7840460824361974
0 0.5812540719990886 0.335420728304837 0.6049738198350156 0.33190669158840336 0.6234225125962922 0.7746753178590411 0.6040953106559072 0.7758466634311857
0 0.6120018932678829 0.335420728304837 0.6348431319247014 0.335420728304837 0.6480207696113276 0.7746753178590411 0.6269365493127258 0.7805320457197639
0 0.6453852420740024 0.3307353460162588 0.6734975358054714 0.32956400044411427 0.6805256092383388 0.7817033912919084 0.6559273522233033 0.7817033912919084
0 0.6743760449845798 0.32136458143910246 0.6980957928205068 0.3201932358669579 0.7016098295369405 0.7699899355704629 0.6831611367756639 0.772332626714752
0 0.7024883387160489 0.33424938273269245 0.73499317834306 0.335420728304837 0.7358716875221685 0.7699899355704629 0.7051238662533741 0.7758466634311857
0 0.7420212517759273 0.3248786181555361 0.7877037290895647 0.31902189029481337 0.7824326740149141 0.7781893545754748 0.7402642334177105 0.7758466634311857
0 0.8096664585672747 0.3330780371605479 0.8430498073733943 0.3330780371605479 0.8307506788658766 0.7735039722868966 0.7982458392388654 0.7735039722868966
0 0.8860967571497063 0.29208094213548885 0.9484709088664032 0.2909095965633443 0.9177230875976089 0.7629618621375956 0.859741481776454 0.7664758988540293
0 0.8632555184928876 0.3248786181555361 0.8799471928959474 0.3248786181555361 0.8614985001346708 0.7617905165654512 0.8412927890151773 0.7664758988540293
0 0.9537419639410536 0.3436201473098488 0.9713121475232218 0.33893476502127057 0.9721906567023301 0.46778277795717044 0.9484709088664032 0.7641332077097402 0.922115633493151 0.7571051342768729
