0 0.11225000 0.46950000 0.10137500 0.46733333 0.09787500 0.43766667 0.08312500 0.18966667 0.08087500 0.14033333 0.08237500 0.11500000 0.07787500 0.09933333 0.07337500 0.02900000 0.07625000 0.02016667 0.08225000 0.01816667 0.10075000 0.02016667 0.10537500 0.02600000 0.11287500 0.19166667 0.12437500 0.34666667 0.12962500 0.44933333 0.12962500 0.46333333 0.12725000 0.46683333
0 0.13825000 0.46983333 0.13325000 0.46916667 0.13112500 0.46366667 0.12812500 0.38800000 0.10812500 0.06566667 0.10662500 0.02533333 0.11025000 0.02250000 0.12325000 0.02250000 0.12737500 0.02533333 0.13362500 0.16966667 0.15162500 0.46300000 0.14850000 0.46883333
0 0.17075000 0.47116667 0.15475000 0.47083333 0.15212500 0.46700000 0.15037500 0.44766667 0.12712500 0.03766667 0.12712500 0.02900000 0.13050000 0.02516667 0.14650000 0.02450000 0.15137500 0.03333333 0.15987500 0.24400000 0.17412500 0.45400000 0.17437500 0.46766667
0 0.18700000 0.47316667 0.17612500 0.47000000 0.17262500 0.42666667 0.17212500 0.39200000 0.15562500 0.11200000 0.15412500 0.03700000 0.15800000 0.03183333 0.16975000 0.03116667 0.17137500 0.03333333 0.17887500 0.20400000 0.19362500 0.46066667 0.19337500 0.47100000
0 0.20525000 0.47483333 0.19700000 0.47483333 0.19412500 0.47133333 0.19137500 0.39233333 0.17087500 0.03400000 0.17325000 0.02916667 0.19150000 0.02916667 0.19537500 0.03733333 0.19662500 0.05066667 0.20162500 0.14966667 0.19987500 0.18333333 0.20437500 0.29566667 0.20712500 0.33433333 0.21087500 0.34433333 0.21787500 0.45500000 0.21787500 0.47100000
0 0.23675000 0.47550000 0.22150000 0.47483333 0.21912500 0.46866667 0.19862500 0.04866667 0.20000000 0.03983333 0.21275000 0.03716667 0.21762500 0.04133333 0.21912500 0.06466667 0.23787500 0.44133333 0.23887500 0.47100000
0 0.24775000 0.47650000 0.23987500 0.47433333 0.23587500 0.41033333 0.21737500 0.04500000 0.21875000 0.04050000 0.22425000 0.03916667 0.23625000 0.03850000 0.23787500 0.04100000 0.24087500 0.09200000 0.25912500 0.46666667 0.25800000 0.47550000
0 0.26775000 0.47683333 0.25887500 0.47466667 0.23762500 0.04266667 0.24000000 0.03716667 0.25000000 0.03550000 0.25625000 0.03550000 0.25837500 0.04033333 0.26987500 0.31733333 0.27812500 0.46400000 0.27700000 0.47583333
0 0.29550000 0.47783333 0.27762500 0.47466667 0.25912500 0.03733333 0.26375000 0.03283333 0.30525000 0.03083333 0.30987500 0.03333333 0.31112500 0.04100000 0.32787500 0.47333333 0.32325000 0.47716667
0 0.36500000 0.47983333 0.33400000 0.47950000 0.32937500 0.47500000 0.31362500 0.07966667 0.31287500 0.04066667 0.31475000 0.03583333 0.34650000 0.03716667 0.35212500 0.04133333 0.35437500 0.04966667 0.36712500 0.45300000 0.36737500 0.47466667
0 0.38975000 0.48283333 0.37450000 0.48216667 0.36762500 0.47866667 0.35762500 0.12033333 0.35837500 0.09600000 0.35612500 0.06933333 0.35662500 0.06433333 0.36025000 0.06250000 0.39600000 0.06383333 0.40062500 0.07266667 0.41112500 0.47633333 0.40750000 0.48183333
0 0.44975000 0.48483333 0.41600000 0.48350000 0.41237500 0.47866667 0.41137500 0.44766667 0.41312500 0.44266667 0.40812500 0.31700000 0.40287500 0.09233333 0.40337500 0.06533333 0.40800000 0.06050000 0.44625000 0.05950000 0.45137500 0.06466667 0.45237500 0.07200000 0.45637500 0.42400000 0.45912500 0.47200000 0.45762500 0.48233333
0 0.46300000 0.48550000 0.45987500 0.48266667 0.45837500 0.43500000 0.45337500 0.10066667 0.45387500 0.08033333 0.45850000 0.07583333 0.47100000 0.07650000 0.47512500 0.08333333 0.47912500 0.37333333 0.47937500 0.48200000 0.47675000 0.48450000
0 0.49275000 0.48550000 0.48250000 0.48550000 0.47962500 0.48266667 0.47587500 0.09233333 0.47850000 0.07050000 0.49475000 0.07116667 0.49737500 0.07300000 0.49862500 0.07933333 0.50062500 0.48266667 0.49850000 0.48516667
0 0.51400000 0.48516667 0.50112500 0.48266667 0.49887500 0.08733333 0.49987500 0.07266667 0.50500000 0.07083333 0.51800000 0.07150000 0.52012500 0.08800000 0.52012500 0.46966667 0.51937500 0.48266667
0 0.53150000 0.48716667 0.52375000 0.48650000 0.52112500 0.48300000 0.52087500 0.47600000 0.52037500 0.07466667 0.52112500 0.05333333 0.52500000 0.04950000 0.53437500 0.05300000 0.53437500 0.46700000 0.53387500 0.48533333
0 0.54275000 0.48750000 0.53425000 0.48650000 0.53362500 0.47933333 0.53537500 0.29633333 0.53412500 0.05900000 0.53437500 0.05333333 0.53700000 0.05083333 0.54575000 0.05216667 0.54637500 0.06166667 0.54612500 0.46633333 0.54587500 0.48633333
0 0.55325000 0.48816667 0.54675000 0.48716667 0.54537500 0.48266667 0.54812500 0.26000000 0.54637500 0.05300000 0.54875000 0.05150000 0.55825000 0.05250000 0.55962500 0.06366667 0.55862500 0.47966667 0.55737500 0.48633333
0 0.56500000 0.48916667 0.56000000 0.48783333 0.55812500 0.48366667 0.55937500 0.11066667 0.56037500 0.09833333 0.56875000 0.09550000 0.57187500 0.09933333 0.57262500 0.11000000 0.57087500 0.48300000 0.56875000 0.48883333
0 0.57650000 0.48950000 0.56987500 0.48666667 0.57187500 0.11333333 0.57012500 0.07666667 0.57212500 0.05533333 0.57600000 0.05183333 0.58675000 0.05150000 0.59212500 0.05466667 0.59312500 0.07633333 0.58987500 0.48433333 0.58775000 0.48850000
0 0.63525000 0.48950000 0.59525000 0.48816667 0.59175000 0.48716667 0.59037500 0.48266667 0.59362500 0.22366667 0.59337500 0.08400000 0.59525000 0.07883333 0.60325000 0.07650000 0.63950000 0.07850000 0.64275000 0.07983333 0.64362500 0.08400000 0.64387500 0.21433333 0.64012500 0.48500000
0 0.68725000 0.49116667 0.65000000 0.49083333 0.64275000 0.48683333 0.64162500 0.48333333 0.64537500 0.25233333 0.64562500 0.08333333 0.65125000 0.07616667 0.68950000 0.07850000 0.69325000 0.07983333 0.69562500 0.08633333 0.69187500 0.48666667
0 0.71000000 0.49116667 0.69350000 0.48950000 0.69187500 0.47100000 0.69687500 0.09666667 0.69737500 0.08833333 0.70525000 0.08150000 0.72450000 0.08316667 0.72912500 0.09000000 0.72687500 0.11500000 0.71637500 0.47200000 0.71562500 0.48666667 0.71350000 0.49050000
0 0.74925000 0.49283333 0.72012500 0.49033333 0.72037500 0.45533333 0.72362500 0.41766667 0.72787500 0.21533333 0.72987500 0.20600000 0.72837500 0.20133333 0.72887500 0.15400000 0.73037500 0.11466667 0.73212500 0.10766667 0.73112500 0.09800000 0.73450000 0.09183333 0.74325000 0.08783333 0.75225000 0.08783333 0.76075000 0.09116667 0.76412500 0.09533333 0.76512500 0.10266667 0.75462500 0.45400000 0.75312500 0.48900000
0 0.77200000 0.49483333 0.75525000 0.49450000 0.75262500 0.49033333 0.76687500 0.12533333 0.76791667 0.09722222 0.76791667 0.08166667 0.76708333 0.05111111 0.77175000 0.04183333 0.78325000 0.04050000 0.79137500 0.04166667 0.79237500 0.06466667 0.77512500 0.49033333
0 0.79500000 0.06444444 0.80666667 0.06444444 0.79041667 0.49333333 0.77583333 0.49277778 0.79458333 0.06444444
0 0.81375000 0.49416667 0.79500000 0.49250000 0.79212500 0.49033333 0.79212500 0.48233333 0.80012500 0.30333333 0.80537500 0.11033333 0.80387500 0.06066667 0.81075000 0.05083333 0.81850000 0.04983333 0.83025000 0.05150000 0.83212500 0.05833333 0.82812500 0.22566667 0.81762500 0.49033333
0 0.85825000 0.49616667 0.82200000 0.49383333 0.81787500 0.49133333 0.81687500 0.48300000 0.82787500 0.22900000 0.83112500 0.11033333 0.83425000 0.09383333 0.83825000 0.09516667 0.84600000 0.09183333 0.87750000 0.08983333 0.87987500 0.09200000 0.88037500 0.10200000 0.87887500 0.15466667 0.86212500 0.48866667 0.86137500 0.49433333
0 0.88416667 0.05722222 0.89583333 0.05500000 0.87291667 0.49666667 0.86291667 0.49555556 0.88416667 0.05777778
0 0.88925000 0.49250000 0.87650000 0.49150000 0.87437500 0.48700000 0.87437500 0.47866667 0.88312500 0.34866667 0.89412500 0.10700000 0.89600000 0.09816667 0.90450000 0.09716667 0.90737500 0.10200000 0.90737500 0.13100000 0.90312500 0.20400000 0.89412500 0.47100000 0.89312500 0.48700000
0 0.11575000 0.99966667 0.09575000 0.99966667 0.09412500 0.99200000 0.09287500 0.84966667 0.09012500 0.80766667 0.08387500 0.53833333 0.08412500 0.53233333 0.08725000 0.52950000 0.11100000 0.52716667 0.11775000 0.52850000 0.12012500 0.53233333 0.12437500 0.82933333 0.12487500 0.98933333 0.12325000 0.99450000
0 0.13225000 0.99450000 0.12712500 0.99033333 0.12637500 0.98133333 0.12112500 0.54100000 0.12350000 0.53116667 0.14025000 0.53016667 0.15175000 0.53316667 0.15412500 0.54066667 0.15187500 0.55833333 0.15112500 0.74766667 0.15337500 0.97100000 0.15312500 0.98466667 0.15050000 0.99050000
0 0.17050000 0.99583333 0.15750000 0.99550000 0.15437500 0.99033333 0.15362500 0.98266667 0.15262500 0.55566667 0.15425000 0.55116667 0.15775000 0.54983333 0.20125000 0.54916667 0.20737500 0.55266667 0.20262500 0.56800000 0.20337500 0.98733333 0.20100000 0.99183333
0 0.20333333 0.55944444 0.24500000 0.99222222
0 0.26800000 0.98816667 0.25625000 0.98783333 0.25087500 0.98266667 0.25187500 0.62000000 0.25287500 0.61166667 0.25575000 0.60850000 0.27575000 0.60850000 0.27712500 0.61266667 0.27512500 0.82566667 0.27587500 0.98266667 0.27400000 0.98650000
0 0.30125000 0.99966667 0.27750000 0.99966667 0.27612500 0.98266667 0.27837500 0.78466667 0.27762500 0.54833333 0.27975000 0.54083333 0.29775000 0.53916667 0.30725000 0.53983333 0.31062500 0.54466667 0.30887500 0.56633333 0.31037500 0.58400000 0.30587500 0.59466667 0.30487500 0.60733333 0.30187500 0.80200000 0.30312500 0.96366667
0 0.32575000 0.99966667 0.30612500 0.99966667 0.30675000 0.99583333 0.31050000 0.99716667 0.31237500 0.99433333 0.31075000 0.99150000 0.30662500 0.99266667 0.30587500 0.98066667 0.30487500 0.79900000 0.30662500 0.60033333 0.30975000 0.59116667 0.32725000 0.58650000 0.33087500 0.58800000 0.33137500 0.60100000 0.32912500 0.65933333 0.32712500 0.99533333
0 0.35375000 0.99966667 0.35125000 0.99716667 0.33750000 0.99783333 0.33100000 0.99550000 0.32887500 0.98366667 0.32912500 0.78733333 0.33237500 0.58566667 0.33362500 0.57633333 0.34150000 0.57316667 0.36550000 0.57350000 0.36787500 0.57633333 0.36237500 0.96666667 0.35962500 0.99300000
0 0.40825000 0.99966667 0.36287500 0.99966667 0.36837500 0.57300000 0.36912500 0.56366667 0.37325000 0.56050000 0.41250000 0.56183333 0.41812500 0.56466667 0.40962500 0.84800000
0 0.44650000 0.99966667 0.41125000 0.99966667 0.41087500 0.99633333 0.41162500 0.87666667 0.41412500 0.83033333 0.41487500 0.69633333 0.41812500 0.58466667 0.42225000 0.57883333 0.43775000 0.57616667 0.45125000 0.57616667 0.45537500 0.58000000
0 0.47400000 0.99966667 0.44775000 0.99966667 0.44762500 0.99800000 0.45237500 0.86566667 0.45637500 0.54900000 0.45875000 0.54683333 0.48275000 0.54583333 0.48512500 0.54933333 0.47587500 0.86600000
0 0.52400000 0.99966667 0.47587500 0.99966667 0.48387500 0.58033333 0.48537500 0.56900000 0.48900000 0.56716667 0.53025000 0.56716667 0.53462500 0.57266667
0 0.55275000 0.99966667 0.52512500 0.99966667 0.53287500 0.74800000 0.53537500 0.57833333 0.53287500 0.55300000 0.53675000 0.55016667 0.56000000 0.55150000 0.56287500 0.55600000 0.55412500 0.83366667 0.55287500 0.93966667 0.54862500 0.93933333 0.55212500 0.94733333 0.55087500 0.97500000
0 0.59850000 0.99966667 0.55362500 0.99966667 0.55662500 0.82600000 0.56287500 0.64133333 0.56687500 0.61600000 0.56587500 0.55900000 0.56825000 0.54083333 0.60750000 0.54250000 0.61287500 0.54533333 0.61387500 0.55500000 0.61562500 0.59633333
0 0.64500000 0.99966667 0.60050000 0.99966667 0.60012500 0.99700000 0.61012500 0.73500000 0.61462500 0.65400000 0.61737500 0.64300000 0.62062500 0.55166667 0.62325000 0.54650000 0.62900000 0.54450000 0.66175000 0.54783333 0.66337500 0.55200000 0.65937500 0.62600000 0.66037500 0.65900000 0.65762500 0.74766667
0 0.69375000 0.99966667 0.64812500 0.99966667 0.66012500 0.75700000 0.66187500 0.68300000 0.66412500 0.65066667 0.66862500 0.62733333 0.66862500 0.54900000 0.67325000 0.54416667 0.71000000 0.54616667 0.71462500 0.54900000 0.71587500 0.55700000 0.70512500 0.81200000
0 0.72675000 0.99966667 0.69487500 0.99966667 0.69787500 0.94700000 0.70212500 0.93966667 0.70162500 0.89200000 0.71537500 0.59600000 0.71887500 0.58533333 0.71937500 0.55666667 0.72425000 0.55250000 0.74800000 0.55550000 0.75012500 0.56366667 0.73812500 0.74300000
