0 0.004532638039375172 0.11311706235884476 0.042032638039375174 0.10978372902551144 0.06578263803937517 0.8697837290255114 0.022032638039375173 0.8681170623588448
0 0.050782638039375175 0.0764503956921781 0.13953263803937518 0.0764503956921781 0.16578263803937518 0.8631170623588448 0.06703263803937518 0.8764503956921781
0 0.15203263803937517 0.11478372902551143 0.21828263803937517 0.10978372902551144 0.24078263803937516 0.8647837290255114 0.16703263803937518 0.8631170623588448
0 0.22828263803937518 0.10978372902551144 0.31953263803937515 0.10311706235884477 0.32453263803937515 0.8631170623588448 0.24078263803937516 0.8614503956921781
0 0.3182826380393752 0.1064503956921781 0.4057826380393752 0.10478372902551143 0.41078263803937515 0.8714503956921781 0.3332826380393752 0.8747837290255114
0 0.4057826380393752 0.13478372902551145 0.49578263803937517 0.13311706235884477 0.5020326380393751 0.8831170623588447 0.4120326380393752 0.8764503956921781
0 0.5020326380393751 0.1664503956921781 0.5720326380393751 0.16811706235884477 0.5782826380393751 0.8797837290255114 0.5120326380393752 0.8764503956921781
0 0.5732826380393751 0.11811706235884477 0.6107826380393752 0.11811706235884477 0.6157826380393752 0.8931170623588447 0.5845326380393752 0.8964503956921781
0 0.6207826380393752 0.12978372902551144 0.6770326380393751 0.12978372902551144 0.6757826380393751 0.8897837290255114 0.6282826380393751 0.8897837290255114
0 0.6857826380393751 0.09311706235884477 0.7582826380393751 0.09478372902551144 0.7507826380393751 0.9181170623588447 0.6845326380393751 0.9064503956921781
0 0.7682826380393751 0.12811706235884476 0.8382826380393751 0.1264503956921781 0.8220326380393751 0.9131170623588447 0.7545326380393751 0.9031170623588447
0 0.8495326380393751 0.13478372902551145 0.9157826380393751 0.13978372902551142 0.9020326380393752 0.916450395692178 0.8282826380393751 0.9114503956921781
0 0.9157826380393751 0.2464503956921781 0.9720326380393751 0.2464503956921781 0.9657826380393751 0.9064503956921781 0.9107826380393751 0.8931170623588447
