0 0.08875000 0.87450000 0.04975000 0.86950000 0.03975000 0.86550000 0.03562500 0.85733333 0.01937500 0.68533333 0.01412500 0.56700000 0.00012500 0.41200000 0.00012500 0.05966667 0.00575000 0.05716667 0.05325000 0.06350000 0.06850000 0.07183333 0.06587500 0.07633333 0.06987500 0.08033333 0.10137500 0.65600000 0.11687500 0.83800000 0.11600000 0.86950000
0 0.13550000 0.88150000 0.12750000 0.87783333 0.12537500 0.87033333 0.12462500 0.81500000 0.08712500 0.26400000 0.08012500 0.13166667 0.07987500 0.03333333 0.08725000 0.02950000 0.11700000 0.03283333 0.12487500 0.04500000 0.11712500 0.08800000 0.11712500 0.13800000 0.13112500 0.34966667 0.15587500 0.86100000 0.15450000 0.87516667
0 0.17475000 0.88183333 0.16150000 0.87850000 0.15687500 0.86533333 0.14687500 0.60766667 0.14187500 0.56200000 0.12062500 0.13133333 0.12037500 0.08400000 0.13000000 0.08083333 0.16850000 0.08183333 0.18725000 0.08716667 0.19187500 0.09600000 0.19487500 0.14400000 0.19062500 0.15833333 0.19137500 0.20800000 0.22362500 0.87000000 0.21925000 0.87750000
0 0.25750000 0.88450000 0.23250000 0.88316667 0.22762500 0.87366667 0.19287500 0.19166667 0.19237500 0.15833333 0.19700000 0.15316667 0.24050000 0.15183333 0.24912500 0.15800000 0.27912500 0.87266667 0.27600000 0.88150000
0 0.31150000 0.88716667 0.28725000 0.88616667 0.28137500 0.88100000 0.24737500 0.09233333 0.24662500 0.06400000 0.25175000 0.05616667 0.32225000 0.05650000 0.33562500 0.06400000 0.35937500 0.87600000 0.35425000 0.88350000
0 0.37800000 0.88850000 0.36412500 0.88500000 0.36037500 0.79533333 0.35487500 0.50966667 0.33837500 0.06100000 0.33987500 0.04166667 0.34950000 0.03650000 0.38850000 0.04016667 0.39337500 0.04900000 0.39062500 0.16700000 0.40462500 0.62400000 0.40587500 0.87366667 0.40050000 0.88516667
0 0.42925000 0.88216667 0.41950000 0.88116667 0.41512500 0.87400000 0.41362500 0.70100000 0.39587500 0.18966667 0.39562500 0.07233333 0.40050000 0.06716667 0.43675000 0.06850000 0.44700000 0.07783333 0.45175000 0.07616667 0.45362500 0.08233333 0.44512500 0.10266667 0.44387500 0.13333333 0.46087500 0.87200000 0.45800000 0.87783333
0 0.49900000 0.89316667 0.47100000 0.89016667 0.46662500 0.87133333 0.44687500 0.12433333 0.45125000 0.10583333 0.50200000 0.10816667 0.50762500 0.11333333 0.51087500 0.12533333 0.52462500 0.87766667 0.52150000 0.88583333
0 0.55325000 0.88383333 0.52925000 0.88150000 0.52537500 0.87400000 0.51437500 0.12700000 0.51512500 0.06066667 0.51825000 0.05516667 0.56050000 0.07783333 0.56262500 0.09900000 0.56362500 0.61666667 0.57087500 0.84366667 0.57012500 0.87733333
0 0.59475000 0.88316667 0.57462500 0.87700000 0.57762500 0.85733333 0.56862500 0.61933333 0.56387500 0.05866667 0.56850000 0.04350000 0.58350000 0.03983333 0.61650000 0.04116667 0.62337500 0.04733333 0.62512500 0.05633333 0.63112500 0.38466667 0.63362500 0.79200000 0.63237500 0.81466667 0.62887500 0.81866667 0.63037500 0.86966667 0.62700000 0.87983333
0 0.65450000 0.89183333 0.64212500 0.88566667 0.63862500 0.85933333 0.64137500 0.72766667 0.62937500 0.02300000 0.63250000 0.00016667 0.66600000 0.00016667 0.66637500 0.00500000 0.67512500 0.87766667 0.67175000 0.88916667
0 0.71300000 0.88750000 0.69725000 0.88250000 0.68412500 0.85766667 0.67987500 0.46766667 0.66962500 0.12366667 0.67012500 0.11166667 0.67300000 0.11016667 0.71600000 0.11150000 0.71862500 0.13200000 0.74437500 0.87000000 0.74025000 0.88350000
0 0.77000000 0.87416667 0.75250000 0.87283333 0.74712500 0.86566667 0.73362500 0.42733333 0.71937500 0.12866667 0.72262500 0.11400000 0.71787500 0.10733333 0.71612500 0.09366667 0.72100000 0.08416667 0.74475000 0.07750000 0.76000000 0.07816667 0.76387500 0.09366667 0.78837500 0.75866667 0.79112500 0.86533333 0.78725000 0.87083333
0 0.82375000 0.88350000 0.79925000 0.87983333 0.79287500 0.86933333 0.76337500 0.07700000 0.76850000 0.05883333 0.79875000 0.04916667 0.82387500 0.05300000 0.82137500 0.06066667 0.82737500 0.10600000 0.85862500 0.86133333 0.85525000 0.87550000
0 0.92475000 0.86650000 0.89325000 0.85316667 0.87750000 0.86650000 0.86175000 0.86450000 0.85887500 0.85800000 0.82837500 0.09300000 0.82862500 0.07200000 0.83362500 0.05566667 0.84975000 0.04883333 0.88975000 0.05250000 0.89900000 0.05683333 0.90050000 0.06416667 0.92000000 0.06716667 0.92537500 0.07500000 0.93287500 0.37266667 0.93162500 0.47566667 0.93612500 0.53266667 0.94437500 0.84800000 0.94125000 0.86016667
0 0.98575000 0.87950000 0.96325000 0.87883333 0.94962500 0.87233333 0.94687500 0.82300000 0.94587500 0.75200000 0.94987500 0.71633333 0.94387500 0.56466667 0.94462500 0.49666667 0.93937500 0.47133333 0.94112500 0.41966667 0.92812500 0.12333333 0.95950000 0.11050000 0.98950000 0.11050000 0.99975000 0.11500000 0.99975000 0.87866667
