0 0.0 0.09284000887583818 0.07906205265535733 0.09211084819871496 0.1643738518787693 0.7972092229768282 0.10476496652394947 0.8052299904251836
0 0.08562449874946602 0.09575665158433096 0.17148316848072026 0.09721497293857743 0.2332795358669097 0.791375937559843 0.17093629797287793 0.7986675443310749
0 0.18296744914541013 0.10669406174117864 0.24804503957865404 0.10961070444967139 0.28741971614330564 0.7818968487572415 0.23546701789827926 0.7848134914657345
0 0.25898244973550166 0.11179818648104091 0.33171622727853867 0.11106902580391768 0.34757547200596783 0.7848134914657345 0.2928884212217294 0.7884592948513504
0 0.34046615540401676 0.11398566851241031 0.4142936739627386 0.11398566851241031 0.41046558040784203 0.7906467768827198 0.35741914114713086 0.7935634195912123
0 0.41866863802547766 0.2007557890900686 0.44163719935485773 0.19929746773582224 0.436168494276434 0.7884592948513504 0.4159342854862658 0.7891884555284735
0 0.44323682450628477 0.19659625123175722 0.4590842894759813 0.19691640203922584 0.44807410716529 0.7688697335129292 0.43770543576129683 0.7691702747130447
0 0.4620492729706721 0.2510372457135022 0.4872947337803947 0.24953453971292344 0.4716103224291063 0.7675742896519843 0.44985930875231267 0.769664477152457
0 0.49397657240000725 0.250987561942179 0.53238284016161 0.2526573996709444 0.5135971657129998 0.7753166087744964 0.47894803284111903 0.7825525722658129
0 0.5398971099410541 0.25432723739970975 0.5770509994060828 0.25432723739970975 0.548663758017072 0.7680806452831797 0.5177717600349132 0.7714203207407107
0 0.5866525663464836 0.2554404625522199 0.620466780353982 0.2548838499759648 0.5874874852108662 0.7630711320968838 0.5565954872287073 0.7669674201306698
0 0.6329905633197218 0.25878013800975064 0.6726492093778988 0.25655368770473025 0.6279810501334258 0.7675240327069249 0.5954192144225016 0.7669674201306698
0 0.6790957264504242 0.25540244950121904 0.7169375043399024 0.2562295921873278 0.6681717643166801 0.763820137091736 0.6381104002334801 0.7696747847783517
0 0.7313133933636942 0.26005751517307735 0.7691677066189837 0.26152758559075856 0.7106742341588793 0.7701097593676529 0.678088190578938 0.7759286957212139
0 0.7733062787033829 0.25448248920981664 0.811133625882168 0.2566753789013403 0.7512440952476129 0.7658041453740688 0.7193329899789861 0.770639161323861
0 0.7560816504051497 0.7657571654796486 0.7876040779737843 0.7601060860275686 0.8560024524413967 0.2662625938954255 0.8196744397875523 0.2643630899658127
0 0.8584955513490138 0.26388821398340945 0.8933989360556489 0.2676872218426351 0.8187726279576732 0.7622272267021093 0.790283193940515 0.7599110125543728
0 0.8319750485997709 0.7645434408498457 0.8639388038385335 0.7608374982134674 0.9538584733738891 0.20972732100602504 0.9165279944558649 0.21068451277315384
