0 0.1126126126126126 0.07507507507507508 0.26876876876876876 0.07207207207207207 0.3328328328328328 0.8858858858858858 0.19269269269269268 0.8933933933933935
0 0.27877877877877877 0.03153153153153153 0.3588588588588589 0.036036036036036036 0.4009009009009009 0.8783783783783783 0.33683683683683685 0.8813813813813813
0 0.36486486486486486 0.034534534534534526 0.44894894894894916 0.036036036036036036 0.4729729729729729 0.882882882882883 0.4069069069069069 0.8858858858858858
0 0.46496496496496514 0.05555555555555555 0.561061061061061 0.04954954954954954 0.575075075075075 0.8408408408408408 0.478978978978979 0.8453453453453454
0 0.5701991997108804 0.09394819858195903 0.6268658663775469 0.09519819858195903
0 0.5690690690690691 0.0960960960960961 0.6291291291291291 0.09009009009009009 0.6391391391391391 0.8618618618618619 0.585085085085085 0.8633633633633633
0 0.6311311311311311 0.09909909909909909 0.683183183183183 0.0960960960960961 0.6871871871871872 0.8618618618618619 0.6411411411411412 0.8618618618618619
0 0.6911911911911911 0.08258258258258258 0.7492492492492493 0.08258258258258258 0.7472472472472471 0.8648648648648648 0.6951951951951951 0.8648648648648648
0 0.7532532532532532 0.1051051051051051 0.8253253253253253 0.1111111111111111 0.8253253253253253 0.8228228228228228 0.7492492492492493 0.8303303303303303
0 0.8313313313313314 0.1081081081081081 0.8653653653653653 0.1066066066066066 0.8693693693693693 0.8168168168168167 0.8253253253253253 0.8228228228228228
0 0.8973973973973973 0.01051051051051051 0.9394394394394394 0.006006006006006006 0.9474474474474475 0.8828828828828829 0.9074074074074074 0.8798798798798798
