0 0.03434684684684684 0.2327327327327327 0.04786036036036036 0.2252252252252252 0.15596846846846849 0.7717717717717718 0.13907657657657657 0.7717717717717718
0 0.04335585585585586 0.2132132132132132 0.07826576576576576 0.2057057057057057 0.1829954954954955 0.7867867867867867 0.15709459459459457 0.7927927927927928
0 0.0838963963963964 0.2132132132132132 0.11993243243243243 0.20420420420420418 0.21452702702702703 0.7912912912912913 0.18862612612612611 0.7942942942942942
0 0.12443693693693693 0.2087087087087087 0.20101351351351351 0.20270270270270271 0.28209459459459457 0.7867867867867867 0.2179054054054054 0.8063063063063063
0 0.21452702702702703 0.20420420420420418 0.3158783783783784 0.1981981981981982 0.38344594594594594 0.7912912912912913 0.28772522522522526 0.8198198198198199
0 0.33051801801801806 0.27627627627627627 0.3462837837837838 0.27627627627627627 0.4025900900900901 0.7987987987987989 0.38682432432432434 0.8063063063063063
0 0.34290540540540543 0.24324324324324323 0.3856981981981982 0.23723723723723725 0.4442567567567568 0.8048048048048048 0.40709459459459457 0.8138138138138138
0 0.3902027027027027 0.23873873873873874 0.42736486486486486 0.23423423423423423 0.48254504504504503 0.8153153153153153 0.4442567567567568 0.8213213213213213
0 0.5501126126126126 0.1921921921921922 0.6007882882882883 0.1906906906906907 0.589527027027027 0.8288288288288287 0.5512387387387386 0.8228228228228228
0 0.6199324324324323 0.05555555555555555 0.6548423423423424 0.05555555555555555 0.6334459459459459 0.8423423423423424 0.5917792792792793 0.8453453453453453
0 0.6559684684684685 0.1906906906906907 0.6875 0.18768768768768768 0.669481981981982 0.8468468468468469 0.6413288288288288 0.8468468468468469
0 0.6931306306306306 0.18618618618618618 0.7516891891891891 0.18618618618618618 0.7280405405405406 0.8498498498498499 0.669481981981982 0.8498498498498499
0 0.7550675675675677 0.1921921921921922 0.7899774774774775 0.1921921921921922 0.7640765765765766 0.8528528528528528 0.7235360360360361 0.8513513513513514 0.7528153153153153 0.27477477477477474
0 0.7877252252252253 0.2522522522522523 0.8282657657657657 0.2522522522522523 0.8023648648648649 0.8483483483483483 0.7640765765765766 0.8528528528528528
0 0.8338963963963965 0.06006006006006006 0.8778153153153153 0.05855855855855856 0.8485360360360361 0.8558558558558559 0.8068693693693694 0.8558558558558559
0 0.8766891891891891 0.24024024024024024 0.9183558558558558 0.24324324324324323 0.8947072072072072 0.8528528528528528 0.8496621621621622 0.8528528528528528
0 0.9217342342342343 0.23423423423423423 0.9634009009009009 0.23723723723723725 0.9431306306306306 0.8528528528528528 0.8969594594594594 0.8618618618618619
