0 0.1039004735020943 0.0710054837208363 0.1433589813634432 0.06695845727351848 0.2108937352030595 0.8389287520993951 0.1797822193893037 0.8348817256520773
0 0.14639425119893157 0.065946700661689 0.19799383840223395 0.06189967421437116 0.2662874097007224 0.8601756409478137 0.21999954470952465 0.8682696938424493
0 0.20861728282644323 0.06088791760254172 0.2382111637224549 0.055829134543394436 0.2981577429733503 0.8571403711123253 0.2776696715838038 0.8561286145004959
0 0.2404876160990712 0.04773508164875876 0.27994612396042 0.04571156842509985 0.33913388575244335 0.8824342864080618 0.30271064772658285 0.8874930694672091
0 0.2882931160080131 0.059876160990712274 0.3512749650943969 0.044699811813270394 0.40211573483882707 0.8824342864080618 0.3467220603411643 0.8824342864080618
0 0.37859239361379227 0.05684089115522388 0.46282113154859456 0.06088791760254172 0.4908973775268621 0.9046929318683098 0.4157744490985248 0.9087399583156277
0 0.46813285376069924 0.12260507092413869 0.5053149092454318 0.11956980108865028 0.5288382504704667 0.9269515773285579 0.4946914648212225 0.9259398207167284
0 0.5039674382973521 0.0 0.560324780219437 0.0 0.5754655586462658 0.9346965093250501 0.5325666864369176 0.9369395876105062
0 0.5670540150758053 0.04643750828442872 0.6368698267106269 0.05765289971170929 0.637710981067673 0.9436688224668744 0.5847182565737722 0.9369395876105062
0 0.6452813702810873 0.09354215227900711 0.6839744707052052 0.09017753485082296 0.6814510076340672 0.9571272921796112 0.6435990615669953 0.9537626747514271
0 0.6907037055615737 0.1047575437062877 0.7394906582702441 0.09578523056446324 0.7319202690568297 0.9638565270359796 0.6856567794192975 0.952641135608699
0 0.7537902823400269 0.10924370027719991 0.7899599196930067 0.11036523941992799 0.775660295623224 0.9649780661787076 0.7411729669843362 0.9660996053214358
0 0.8093064699050657 0.1126083177053841 0.874916509754657 0.10812216113447187 0.8421114898298614 0.990773466461453 0.7865953022648225 0.9851657707478126
0 0.8774399728257951 0.2146683796936373 0.9186565363210513 0.2146683796936373 0.8858515163962557 0.990773466461453 0.8471584159721376 0.991895005604181
0 0.9396853952472023 0.08008368256627044 0.9999999999999999 0.07447598685263015 0.9430500126753865 1.0 0.8917395968955779 0.9952596230323651
