0 0.056869369369369364 0.0 0.21677927927927929 0.006006006006006006 0.19988738738738737 0.9639639639639639 0.056869369369369364 0.9594594594594594
0 0.22240990990990991 0.08558558558558559 0.2663288288288288 0.08408408408408408 0.2483108108108108 0.966966966966967 0.205518018018018 0.9684684684684685
0 0.276463963963964 0.046546546546546545 0.32263513513513514 0.051051051051051045 0.29448198198198194 0.9759759759759761 0.2483108108108108 0.96996996996997
0 0.33164414414414417 0.12012012012012012 0.4510135135135135 0.13513513513513514 0.41272522522522526 0.9759759759759761 0.30461711711711714 0.978978978978979
0 0.46677927927927926 0.13813813813813813 0.5636261261261261 0.15165165165165165 0.518581081081081 0.9849849849849849 0.42173423423423423 0.9714714714714714
0 0.5760135135135136 0.14714714714714713 0.6920045045045045 0.15915915915915915 0.6266891891891891 0.9834834834834835 0.5253378378378378 0.9849849849849849
0 0.7111486486486487 0.0960960960960961 0.7933558558558558 0.10360360360360359 0.7201576576576576 0.9984984984984985 0.6447072072072072 0.9984984984984985
0 0.8158783783783783 0.10210210210210209 0.8958333333333334 0.1111111111111111 0.8102477477477478 0.9984984984984985 0.7291666666666666 0.9984984984984985
0 0.9037162162162162 0.15015015015015015 0.946509009009009 0.15315315315315317 0.8665540540540541 0.9984984984984985 0.8260135135135136 0.9984984984984985
0 0.9611486486486487 0.12162162162162161 0.9994369369369369 0.13063063063063063 0.9172297297297297 0.9984984984984985 0.8676801801801802 0.9984984984984985
