0 0.0 0.29342986089071965 0.09598864675857965 0.2867185178291939 0.18547322091225626 0.9721144279875109 0.08032884628168624 0.9754700995182738 0.0 0.4930923169711106
0 0.11052989005855211 0.24728937734273013 0.1686948632584419 0.24393370581196724 0.24811242281982993 0.9888927856413253 0.19442167832762394 0.9914095392893975
0 0.18323610655841438 0.2523228846388744 0.23468973669677845 0.24561154157734869 0.30515883884279876 0.9821814425797996 0.2570608802351976 0.9846981962278717
0 0.24251963693522513 0.25148396675618373 0.2939732670735892 0.24896721310811157 0.3644423692196096 0.9838592783451809 0.3152258534350874 0.9863760319932532
0 0.30515883884279876 0.24561154157734869 0.3677980407503724 0.24393370581196724 0.4270815711271832 0.9914095392893975 0.3733908266349772 0.9947652108201603
0 0.3756279409888191 0.25400072040425586 0.431555799834867 0.24896721310811157 0.4897207730347568 0.9914095392893975 0.43379291418870897 0.9964430465855417
0 0.44050425725023473 0.25903422770040013 0.4975506732732035 0.25735639193501875 0.5400558459961999 0.9821814425797996 0.49195788738859875 0.9855371141105623
0 0.5042620163347292 0.2531618025215651 0.564664103888461 0.24980613099080226 0.6049321622576155 0.9872149498759438 0.5534785321192515 0.9888927856413253
0 0.5758496756576705 0.25735639193501875 0.6295404201498765 0.25735639193501875 0.6630971354575053 0.989731703524016 0.6105249481422202 0.9922484571720881
0 0.6407259919190862 0.25903422770040013 0.697772407942055 0.2598731455830909 0.723499223011237 0.9947652108201603 0.6765198215805568 0.9964430465855417
0 0.7011280794728179 0.19695430438128703 0.7704786244419173 0.19779322226397772 0.7950868823341782 0.9888927856413253 0.7290920088958418 0.9964430465855417
0 0.7883755392726526 0.19947105802935916 0.858844641418673 0.1961153864985963 0.8733858847186454 0.998959800233614 0.7984425538649411 0.9981208823509232
0 0.8677930988340405 0.29678553242148253 0.9695818019338478 0.2925909430080289 0.9673446875800058 0.9813425246971088 0.9304323007416142 0.9981208823509232 0.8778601134263292 0.9956041287028511
