0 0.0008187027831012373 0.0012024890883222728 0.07481262788764166 0.0 0.16214971981431237 0.8745734083550291 0.09664690086930935 0.8810428225718195
0 0.07966468855023448 0.0 0.15851067431736776 0.0 0.22401349326237077 0.8761907619092267 0.16336273497996057 0.8794254690176219
0 0.15729765915171956 0.0012024890883222728 0.24463475107839022 0.0012024890883222728 0.3004334486982076 0.8826601761260172 0.2288655539249636 0.8858948832344123
0 0.25069982690663123 0.0 0.33075882783941274 0.002819842642519878 0.36957531314015524 0.8745734083550291 0.3004334486982076 0.8794254690176219
0 0.33197184300506094 0.0012024890883222728 0.409604813606546 0.0012024890883222728 0.4435692382446957 0.8729560548008315 0.37200134347145164 0.8810428225718195
0 0.4168829046004352 0.0 0.49694190553321665 0.002819842642519878 0.5139241178522915 0.8729560548008315 0.4435692382446957 0.8778081154634243
0 0.49936793586451306 0.002819842642519878 0.5770009064659981 0.0 0.5891310581224801 0.8697213476924364 0.5163501481835878 0.8794254690176219
0 0.5891310581224801 0.0 0.6619119680613722 0.0012024890883222728 0.6558468922331313 0.8567825192588554 0.5867050277911837 0.8697213476924364
0 0.6679770438896133 0.002819842642519878 0.7359058931659127 0.0 0.7249887566750789 0.8567825192588554 0.6570599073987795 0.8600172263672508
0 0.7419709689941537 0.01252396396770551 0.820816954761287 0.01252396396770551 0.808686803104805 0.8422263372710771 0.7298408173376717 0.850313105042065
0 0.8256690154238798 0.007671903305112694 0.915432137681847 0.009289256859310297 0.8899588192032346 0.8357569230542866 0.8098998182704531 0.8406089837168794
