0 0.04708333 0.23555556 0.06041667 0.23666667 0.03208333 0.83000000 0.01958333 0.83000000
0 0.06475000 0.84083333 0.03700000 0.83883333 0.03487500 0.83000000 0.05937500 0.25466667 0.06262500 0.22100000 0.07050000 0.21850000 0.09200000 0.21983333 0.09712500 0.22533333 0.08237500 0.47266667 0.07037500 0.81100000 0.06862500 0.83600000
0 0.09125000 0.84316667 0.07300000 0.84216667 0.07087500 0.83366667 0.09512500 0.25466667 0.09975000 0.22283333 0.12275000 0.22350000 0.13175000 0.22683333 0.13337500 0.23266667 0.11762500 0.52833333 0.10762500 0.82666667 0.10400000 0.84150000
0 0.12450000 0.84250000 0.11087500 0.84200000 0.11437500 0.68500000 0.11912500 0.57000000 0.12237500 0.55300000 0.12637500 0.38900000 0.13437500 0.23533333 0.13825000 0.22450000 0.14650000 0.22450000 0.16812500 0.22866667 0.16687500 0.30300000 0.15612500 0.47866667 0.15487500 0.58100000 0.14387500 0.83400000 0.14250000 0.83916667 0.13600000 0.84216667
0 0.16775000 0.84316667 0.14912500 0.84166667 0.14887500 0.77700000 0.17087500 0.24333333 0.17312500 0.22500000 0.18575000 0.22316667 0.20150000 0.22583333 0.20512500 0.22866667 0.20537500 0.23666667 0.19762500 0.41066667 0.19062500 0.48933333 0.18212500 0.78766667 0.17762500 0.80233333 0.17787500 0.83800000 0.17550000 0.84216667
0 0.19800000 0.84450000 0.18525000 0.84383333 0.18287500 0.83733333 0.20712500 0.23566667 0.20787500 0.22866667 0.21275000 0.22616667 0.23700000 0.22750000 0.24062500 0.23666667 0.22262500 0.61366667 0.21637500 0.83900000 0.21325000 0.84350000
0 0.22825000 0.84383333 0.21975000 0.84216667 0.21887500 0.83400000 0.24237500 0.23333333 0.24625000 0.22850000 0.25925000 0.22850000 0.27575000 0.23216667 0.27812500 0.24433333 0.25637500 0.83733333 0.25150000 0.84116667
0 0.27675000 0.83850000 0.26000000 0.83516667 0.25912500 0.82400000 0.27937500 0.24333333 0.28175000 0.23616667 0.28800000 0.23550000 0.30675000 0.23816667 0.31212500 0.24466667 0.29112500 0.80266667 0.28862500 0.83433333
0 0.32225000 0.83883333 0.29500000 0.83816667 0.29312500 0.82666667 0.31287500 0.25566667 0.31437500 0.24600000 0.31825000 0.24283333 0.34175000 0.24416667 0.34662500 0.24800000 0.32762500 0.79300000 0.32537500 0.83400000
0 0.35275000 0.83816667 0.33525000 0.83816667 0.32987500 0.83466667 0.32987500 0.80533333 0.33762500 0.57566667 0.34312500 0.49033333 0.34887500 0.25133333 0.35350000 0.24616667 0.36200000 0.24583333 0.37675000 0.24750000 0.38112500 0.25200000 0.38137500 0.27700000 0.36312500 0.82600000 0.36150000 0.83583333
0 0.39100000 0.83616667 0.36925000 0.83550000 0.36487500 0.82633333 0.37437500 0.60066667 0.38337500 0.25900000 0.38750000 0.25316667 0.40750000 0.25450000 0.41237500 0.25966667 0.39662500 0.82400000 0.39462500 0.83400000
0 0.42475000 0.83950000 0.39987500 0.83833333 0.39862500 0.80466667 0.40612500 0.60833333 0.41437500 0.25433333 0.41600000 0.24816667 0.43400000 0.24750000 0.44525000 0.25050000 0.44737500 0.25966667 0.43237500 0.78800000 0.43012500 0.83400000 0.42875000 0.83850000
0 0.44300000 0.83816667 0.43575000 0.83816667 0.43312500 0.82533333 0.44862500 0.26366667 0.45025000 0.25150000 0.46700000 0.24983333 0.47875000 0.25216667 0.48112500 0.26433333 0.46712500 0.76866667 0.46412500 0.83433333
0 0.48650000 0.83516667 0.47050000 0.83416667 0.46787500 0.82600000 0.48237500 0.27400000 0.48525000 0.26383333 0.49200000 0.26283333 0.51000000 0.26483333 0.51212500 0.27400000 0.49837500 0.82833333 0.49475000 0.83416667
0 0.52275000 0.83883333 0.50225000 0.83516667 0.50087500 0.81766667 0.50962500 0.49766667 0.51262500 0.47500000 0.51612500 0.26766667 0.51925000 0.25583333 0.53050000 0.25150000 0.54675000 0.25516667 0.54912500 0.25900000 0.54912500 0.27266667 0.53437500 0.83000000 0.53325000 0.83483333
0 0.59475000 0.83750000 0.56075000 0.83516667 0.56025000 0.21916667 0.59500000 0.22183333 0.59787500 0.22500000 0.59887500 0.23600000 0.60512500 0.82866667 0.60400000 0.83483333
0 0.62475000 0.83983333 0.61150000 0.83616667 0.60937500 0.82833333 0.60687500 0.59666667 0.60812500 0.44600000 0.60462500 0.23666667 0.60712500 0.22133333 0.61925000 0.21583333 0.64650000 0.21883333 0.65012500 0.23033333 0.66062500 0.83033333 0.65625000 0.83850000
0 0.69475000 0.83750000 0.66225000 0.83350000 0.66112500 0.82833333 0.65412500 0.26600000 0.65587500 0.22500000 0.66225000 0.21950000 0.69250000 0.22350000 0.69587500 0.22833333 0.70462500 0.82900000 0.70175000 0.83683333
0 0.74075000 0.83716667 0.71050000 0.83550000 0.70687500 0.82833333 0.70337500 0.40066667 0.69912500 0.22866667 0.71300000 0.22050000 0.74325000 0.22316667 0.74887500 0.22866667 0.75387500 0.82933333 0.75200000 0.83583333
0 0.79025000 0.83683333 0.76000000 0.83550000 0.75587500 0.82366667 0.75087500 0.25000000 0.75187500 0.22633333 0.75425000 0.22050000 0.76375000 0.21350000 0.79350000 0.21683333 0.79662500 0.22066667 0.79787500 0.23966667 0.80812500 0.83033333 0.80375000 0.83550000
0 0.82475000 0.83416667 0.81125000 0.83350000 0.80837500 0.82766667 0.80437500 0.44166667 0.79662500 0.22700000 0.79850000 0.21983333 0.83050000 0.22416667 0.83562500 0.22833333 0.84037500 0.41966667 0.84362500 0.82666667 0.83825000 0.83216667
0 0.88500000 0.83516667 0.85375000 0.83316667 0.84537500 0.82633333 0.84262500 0.41433333 0.83787500 0.22866667 0.84950000 0.21816667 0.88425000 0.21916667 0.88837500 0.23100000 0.89662500 0.51133333 0.90187500 0.83000000 0.89650000 0.83450000
0 0.93975000 0.83516667 0.91075000 0.83416667 0.90400000 0.83250000 0.90187500 0.82766667 0.89812500 0.49400000 0.89037500 0.23666667 0.89212500 0.22100000 0.90650000 0.21516667 0.93325000 0.22083333 0.93737500 0.23533333 0.94387500 0.49833333 0.94737500 0.80933333 0.94712500 0.83033333
0 0.96825000 0.83183333 0.95175000 0.83050000 0.94912500 0.82400000 0.94437500 0.45033333 0.93762500 0.23400000 0.93787500 0.22466667 0.94250000 0.22116667 0.96750000 0.22216667 0.97562500 0.22800000 0.97637500 0.33633333 0.98187500 0.40400000 0.98912500 0.70000000 0.98862500 0.78000000 0.98687500 0.82966667
