0 0.08925000 0.87916667 0.06875000 0.87750000 0.06362500 0.86900000 0.06037500 0.66633333 0.05637500 0.61633333 0.04387500 0.16166667 0.04412500 0.12733333 0.04875000 0.11816667 0.06900000 0.11916667 0.08175000 0.12450000 0.08487500 0.13033333 0.08662500 0.36166667 0.10012500 0.86766667 0.09725000 0.87716667
0 0.12700000 0.87716667 0.10750000 0.87650000 0.10137500 0.87000000 0.08487500 0.17933333 0.08462500 0.13266667 0.08800000 0.12583333 0.12400000 0.13150000 0.12862500 0.13500000 0.12937500 0.14600000 0.14112500 0.85800000 0.13912500 0.86900000
0 0.16375000 0.86516667 0.14537500 0.86100000 0.14162500 0.83433333 0.13037500 0.19400000 0.13087500 0.16433333 0.13525000 0.15716667 0.14150000 0.15550000 0.16100000 0.16283333 0.16712500 0.17100000 0.16987500 0.18566667 0.17400000 0.17683333 0.17487500 0.18400000 0.18362500 0.71966667 0.18187500 0.77200000 0.18562500 0.79933333 0.18187500 0.85766667
0 0.20275000 0.84383333 0.19162500 0.83900000 0.18862500 0.81933333 0.17737500 0.23400000 0.17737500 0.20366667 0.18050000 0.19916667 0.19862500 0.20266667 0.20137500 0.26833333 0.21212500 0.82866667 0.21037500 0.84066667
0 0.25925000 0.87516667 0.21800000 0.87083333 0.21412500 0.86266667 0.20237500 0.33433333 0.20212500 0.19733333 0.20262500 0.18966667 0.20925000 0.18550000 0.25750000 0.18816667 0.26337500 0.19366667 0.27387500 0.85800000 0.26975000 0.86983333
0 0.31600000 0.88950000 0.28375000 0.88850000 0.27912500 0.86933333 0.26587500 0.28400000 0.26512500 0.20633333 0.26712500 0.19766667 0.27100000 0.19550000 0.32025000 0.19516667 0.32437500 0.19733333 0.32637500 0.21100000 0.33812500 0.87400000 0.33475000 0.88616667
0 0.36200000 0.89783333 0.34575000 0.89283333 0.34012500 0.88166667 0.34037500 0.75833333 0.32587500 0.09333333 0.32800000 0.08016667 0.34825000 0.07683333 0.36525000 0.07916667 0.36812500 0.08700000 0.36187500 0.10466667 0.36112500 0.14933333 0.37012500 0.59500000 0.36987500 0.76400000 0.37712500 0.88900000
0 0.42600000 0.90483333 0.38925000 0.90083333 0.38462500 0.89666667 0.38212500 0.88366667 0.36262500 0.15466667 0.36362500 0.10000000 0.37125000 0.09083333 0.42800000 0.09383333 0.43487500 0.10366667 0.44112500 0.88500000 0.43600000 0.90216667
0 0.46825000 0.89350000 0.44687500 0.88900000 0.44237500 0.64300000 0.44037500 0.22166667 0.44687500 0.19066667 0.46275000 0.18050000 0.50200000 0.18283333 0.50612500 0.18700000 0.50962500 0.28933333 0.50787500 0.80566667 0.50512500 0.85900000 0.50337500 0.87200000 0.49325000 0.88883333
0 0.53375000 0.89150000 0.51375000 0.89016667 0.51012500 0.88533333 0.50962500 0.49400000 0.51187500 0.27466667 0.51400000 0.26583333 0.55625000 0.26650000 0.55887500 0.27800000 0.55512500 0.69333333 0.55812500 0.87733333 0.54900000 0.89016667
0 0.59675000 0.89283333 0.56875000 0.88983333 0.56162500 0.87900000 0.55812500 0.67433333 0.56137500 0.31066667 0.55837500 0.23866667 0.55962500 0.22500000 0.56575000 0.21983333 0.63500000 0.21983333 0.63737500 0.24766667 0.63562500 0.53433333 0.63137500 0.77700000 0.62787500 0.81066667 0.62862500 0.87500000 0.62737500 0.88400000 0.62175000 0.88883333
0 0.66875000 0.90750000 0.65425000 0.90583333 0.64962500 0.89733333 0.64187500 0.82800000 0.63912500 0.29900000 0.64250000 0.29016667 0.67975000 0.28883333 0.69350000 0.29083333 0.69437500 0.29866667 0.69537500 0.88900000 0.69125000 0.90083333
0 0.78000000 0.92183333 0.75937500 0.92000000 0.75612500 0.86633333 0.74987500 0.23566667 0.75200000 0.22716667 0.76525000 0.22483333 0.78412500 0.22666667 0.78787500 0.26000000 0.79162500 0.89600000 0.79037500 0.91600000 0.78725000 0.92083333
0 0.82750000 0.90716667 0.81812500 0.90466667 0.79862500 0.86500000 0.79687500 0.84733333 0.79437500 0.68500000 0.79737500 0.58266667 0.79112500 0.45200000 0.78837500 0.25500000 0.79100000 0.24816667 0.80575000 0.24650000 0.81100000 0.24716667 0.81287500 0.25200000 0.82037500 0.36866667 0.84737500 0.89600000 0.84350000 0.90550000
0 0.72550000 0.90550000 0.71650000 0.90383333 0.70812500 0.89366667 0.69812500 0.84633333 0.69637500 0.29833333 0.69100000 0.28650000 0.66325000 0.28450000 0.66112500 0.27233333 0.66737500 0.19000000 0.68225000 0.18183333 0.71275000 0.17583333 0.72500000 0.17750000 0.73462500 0.18900000 0.74462500 0.87933333 0.74187500 0.90000000
0 0.89300000 0.92183333 0.88075000 0.92083333 0.85975000 0.90883333 0.85262500 0.90000000 0.84837500 0.88800000 0.84037500 0.70866667 0.82062500 0.38533333 0.82225000 0.35783333 0.85775000 0.36016667 0.86587500 0.36900000 0.89112500 0.70266667 0.90187500 0.90766667 0.90062500 0.91766667
