0 0.04693593276441462 0.12843594772457942 0.13709925721813085 0.125661691587542 0.2092299167811038 0.933894979511111 0.13640569318387147 0.9366692356481485
0 0.1426477694922057 0.125661691587542 0.23003683780888445 0.1275111956789003 0.287602652652411 0.9422177479222233 0.2113106088838819 0.9422177479222233
0 0.236972478151478 0.1210379313591463 0.33199075084500973 0.12288743545050458 0.36805608062649625 0.9366692356481485 0.2924576008922265 0.9422177479222233
0 0.33684569908482526 0.12381218749618371 0.42978327967557883 0.12381218749618371 0.44573525246354406 0.920948450871603 0.37637884903760854 0.9311207233740737
0 0.43602535598391307 0.12011317931346717 0.52549511640337 0.12011317931346717 0.5227208602663325 0.9283464672370362 0.45059020070335953 0.9366692356481485
0 0.5296565006089261 0.12011317931346717 0.6170455689256048 0.12196268340482544 0.599706468069121 0.9237227070086406 0.531737192711704 0.9237227070086406
0 0.6253683373367172 0.1210379313591463 0.7106767135506179 0.11826367522210887 0.6759985118376501 0.920948450871603 0.6038678522746771 0.920948450871603
0 0.722467302133027 0.11826367522210887 0.8112434985182245 0.1164141711307506 0.7592261959487728 0.9320454754197528 0.6877891004200591 0.9348197315567901
0 0.8209533949978556 0.11363991499371319 0.9069553352460156 0.11363991499371319 0.835518239717302 0.9227979549629615 0.7647747082228478 0.9264969631456779
0 0.921520179965462 0.11456466703939232 0.9770053027062106 0.11918842726778803 0.8972454387663846 0.9366692356481485 0.8570187247793419 0.9348197315567901
0 0.981860250946026 0.132134955907296 1.0 0.13305970795297511 1.0 0.5038852782703106 0.9499563053700956 0.9135504345061699 0.9034875150747188 0.9163246906432074
