0 0.08325000 0.98716667 0.05350000 0.97516667 0.04312500 0.95500000 0.02062500 0.38066667 0.01262500 0.07000000 0.01525000 0.00016667 0.07900000 0.00016667 0.11150000 0.01350000 0.11312500 0.02700000 0.10412500 0.13466667 0.10462500 0.22866667 0.11862500 0.95166667 0.11600000 0.96816667
0 0.14675000 0.98050000 0.13050000 0.97816667 0.12412500 0.96933333 0.11437500 0.25033333 0.11387500 0.07500000 0.11462500 0.04066667 0.11900000 0.03650000 0.17325000 0.04616667 0.17587500 0.06000000 0.17137500 0.22033333 0.16862500 0.94333333 0.16637500 0.97633333
0 0.18375000 0.98983333 0.16987500 0.98233333 0.16812500 0.83800000 0.17187500 0.76766667 0.17287500 0.23533333 0.17712500 0.06333333 0.17912500 0.05166667 0.18750000 0.04916667 0.19100000 0.04083333 0.19325000 0.04850000 0.20550000 0.04483333 0.23225000 0.05516667 0.23337500 0.08166667 0.21837500 0.50566667 0.21337500 0.94033333 0.20762500 0.98533333
0 0.23650000 0.99750000 0.22075000 0.99050000 0.21137500 0.97866667 0.21562500 0.95266667 0.22112500 0.51366667 0.23462500 0.06533333 0.23650000 0.04883333 0.25100000 0.04583333 0.26925000 0.04883333 0.29512500 0.06466667 0.29512500 0.11800000 0.28737500 0.22866667 0.27962500 0.54866667 0.26237500 0.84933333 0.26037500 0.96433333 0.25537500 0.98233333
0 0.29575000 0.99966667 0.26300000 0.99966667 0.26187500 0.98233333 0.27712500 0.61900000 0.28212500 0.59200000 0.28362500 0.45066667 0.29762500 0.09933333 0.30362500 0.05300000 0.31000000 0.04850000 0.35075000 0.05650000 0.35512500 0.07900000 0.30362500 0.97933333
0 0.34275000 0.99966667 0.30875000 0.99966667 0.30262500 0.98666667 0.31062500 0.90100000 0.31412500 0.78300000 0.35687500 0.06566667 0.36050000 0.05683333 0.37325000 0.05283333 0.39475000 0.05683333 0.40312500 0.06633333 0.41387500 0.09600000 0.41637500 0.12200000 0.36212500 0.85333333 0.35762500 0.95866667 0.35437500 0.98600000
0 0.36575000 0.98616667 0.35762500 0.98500000 0.35712500 0.97066667 0.36787500 0.81466667 0.37237500 0.79533333 0.40912500 0.23633333 0.42012500 0.12933333 0.42187500 0.06433333 0.43600000 0.05983333 0.47000000 0.06350000 0.47287500 0.08966667 0.45337500 0.31766667 0.43487500 0.61166667 0.42887500 0.64966667 0.42787500 0.71766667 0.41212500 0.80900000 0.41312500 0.95766667 0.40912500 0.97033333 0.40200000 0.97516667
0 0.45975000 0.99966667 0.41862500 0.99966667 0.42112500 0.87700000 0.46937500 0.13100000 0.47837500 0.06200000 0.49850000 0.05016667 0.52350000 0.05616667 0.53362500 0.08633333 0.49137500 0.57133333 0.48262500 0.73633333 0.46862500 0.85366667 0.46787500 0.91666667
0 0.50800000 0.99966667 0.46612500 0.99966667 0.50287500 0.46666667 0.53837500 0.05766667 0.54125000 0.04916667 0.54850000 0.04716667 0.58350000 0.04883333 0.59325000 0.05550000 0.59537500 0.06433333 0.58937500 0.15466667
0 0.56075000 0.99966667 0.52250000 0.99966667 0.51712500 0.98300000 0.51762500 0.96333333 0.52962500 0.86266667 0.53462500 0.85400000 0.53562500 0.75600000 0.54387500 0.71366667 0.56012500 0.47633333 0.56837500 0.39300000 0.58087500 0.32633333 0.58412500 0.26000000 0.61187500 0.08366667 0.61925000 0.06416667 0.63550000 0.06216667 0.64675000 0.06616667 0.65362500 0.08033333 0.65162500 0.14400000 0.57687500 0.80700000
0 0.61025000 0.99966667 0.56400000 0.99966667 0.56387500 0.99366667 0.57112500 0.91566667 0.57787500 0.88900000 0.59787500 0.65833333 0.62262500 0.46700000 0.63837500 0.29033333 0.65562500 0.18100000 0.66612500 0.06700000 0.67400000 0.06116667 0.71675000 0.06250000 0.72262500 0.07933333 0.71737500 0.14333333
0 0.66650000 0.99966667 0.61650000 0.99966667 0.61537500 0.99400000 0.63087500 0.86266667 0.63962500 0.82466667 0.64312500 0.76766667 0.65437500 0.70100000 0.66112500 0.61200000 0.67012500 0.56933333 0.67762500 0.48566667 0.68662500 0.45166667 0.69462500 0.36100000 0.70137500 0.33466667 0.72837500 0.12266667 0.73712500 0.09166667 0.73237500 0.08333333 0.74750000 0.07050000 0.76725000 0.07150000 0.78600000 0.07850000 0.79137500 0.09966667
0 0.72925000 0.99966667 0.67350000 0.99966667 0.67362500 0.98500000 0.68312500 0.92400000 0.69237500 0.91233333 0.69412500 0.88866667 0.68962500 0.87666667 0.69312500 0.84533333 0.70125000 0.83483333 0.70300000 0.84250000 0.70687500 0.84200000 0.70737500 0.83033333 0.70262500 0.82533333 0.70912500 0.80300000 0.70537500 0.79133333 0.70912500 0.75966667 0.71337500 0.75600000 0.71262500 0.71966667 0.71812500 0.70933333 0.72462500 0.61833333 0.73437500 0.58433333 0.74037500 0.51000000 0.74787500 0.48200000 0.78287500 0.21666667 0.79112500 0.16566667 0.79962500 0.14700000 0.79887500 0.11266667 0.80412500 0.11133333 0.79887500 0.11033333 0.79887500 0.09833333 0.80675000 0.10516667 0.81775000 0.08883333 0.83025000 0.08150000 0.83025000 0.07483333 0.84550000 0.08016667 0.85162500 0.09633333 0.85112500 0.16133333 0.83237500 0.25933333 0.82712500 0.33233333 0.79687500 0.54166667 0.78837500 0.57233333 0.78462500 0.61533333 0.77437500 0.65066667 0.75462500 0.82966667 0.74662500 0.85333333 0.73862500 0.96366667
0 0.85800000 0.99966667 0.79812500 0.99966667 0.80262500 0.88866667 0.80687500 0.87833333 0.82312500 0.72100000 0.84587500 0.43966667 0.84712500 0.37300000 0.86612500 0.16533333 0.86950000 0.15650000 0.91925000 0.15416667 0.92912500 0.15833333 0.93012500 0.18566667 0.89687500 0.59200000
0 0.96525000 0.99966667 0.92350000 0.99966667 0.92062500 0.99400000 0.92587500 0.99000000 0.91912500 0.96466667 0.92362500 0.92800000 0.92775000 0.91816667 0.93462500 0.91400000 0.94112500 0.86933333 0.96087500 0.66933333 0.97237500 0.58800000 0.97062500 0.56033333 0.97437500 0.54900000 0.98362500 0.47133333 0.98287500 0.44333333 0.98662500 0.44033333 0.98487500 0.42766667 0.98937500 0.40500000 0.99462500 0.39666667 0.99137500 0.37966667 0.99712500 0.36166667 0.99762500 0.33400000 0.99975000 0.33216667 0.99975000 0.71833333 0.98512500 0.76766667 0.98212500 0.84966667 0.97537500 0.91233333 0.97137500 0.91566667 0.97537500 0.91866667 0.97537500 0.92900000
