0 0.05050000 0.82750000 0.01000000 0.82483333 0.00512500 0.81466667 0.00362500 0.70900000 0.00687500 0.69233333 0.00287500 0.67033333 0.00437500 0.64266667 0.00012500 0.63900000 0.00287500 0.62800000 0.00012500 0.62566667 0.00025000 0.09150000 0.07325000 0.09850000 0.08062500 0.10366667 0.08237500 0.11466667 0.08437500 0.16666667 0.07912500 0.47066667 0.08112500 0.64100000 0.07662500 0.67800000 0.07962500 0.81066667 0.07625000 0.82316667
0 0.12900000 0.82650000 0.09350000 0.82250000 0.08662500 0.81833333 0.08612500 0.81233333 0.08537500 0.38733333 0.08850000 0.16583333 0.13150000 0.16716667 0.14050000 0.16983333 0.14162500 0.17400000 0.13837500 0.28666667 0.13687500 0.60000000 0.14062500 0.63866667 0.14137500 0.70033333 0.13812500 0.72433333 0.13837500 0.76466667 0.14287500 0.77933333 0.14012500 0.78666667 0.14137500 0.81066667 0.13912500 0.81866667
0 0.17925000 0.83116667 0.15075000 0.83050000 0.14637500 0.82633333 0.14537500 0.81466667 0.14437500 0.23566667 0.14537500 0.18533333 0.15250000 0.17750000 0.19750000 0.18083333 0.19962500 0.18866667 0.19637500 0.82400000 0.19350000 0.83016667
0 0.23725000 0.83883333 0.20200000 0.83550000 0.19887500 0.82833333 0.20112500 0.19300000 0.20187500 0.18133333 0.20625000 0.17516667 0.24900000 0.17683333 0.26162500 0.18566667 0.25362500 0.82800000 0.24850000 0.83550000
0 0.30300000 0.83616667 0.26375000 0.83416667 0.25687500 0.82666667 0.26387500 0.19700000 0.26725000 0.18150000 0.27825000 0.18016667 0.31500000 0.18116667 0.31737500 0.18500000 0.31262500 0.35366667 0.30687500 0.82200000
0 0.35125000 0.84683333 0.31100000 0.84283333 0.30787500 0.83800000 0.31737500 0.21700000 0.31837500 0.18933333 0.32175000 0.18483333 0.36575000 0.18583333 0.37725000 0.18916667 0.37862500 0.19600000 0.36587500 0.82966667 0.36125000 0.84316667
0 0.42425000 0.84116667 0.38375000 0.83983333 0.37287500 0.83266667 0.38212500 0.43333333 0.38362500 0.19266667 0.38512500 0.15433333 0.39025000 0.15016667 0.43975000 0.15783333 0.44562500 0.17400000 0.43312500 0.82666667 0.43212500 0.83833333
0 0.49025000 0.86650000 0.46275000 0.86583333 0.43750000 0.85916667 0.43362500 0.83900000 0.44762500 0.20066667 0.45012500 0.15533333 0.45900000 0.14583333 0.53325000 0.15016667 0.53812500 0.15766667 0.51387500 0.84233333 0.51025000 0.86016667
0 0.53675000 0.86016667 0.52125000 0.85950000 0.51637500 0.85366667 0.52037500 0.69200000 0.54012500 0.16833333 0.54475000 0.15716667 0.55750000 0.15683333 0.56487500 0.15900000 0.56662500 0.18466667 0.54562500 0.82366667 0.54287500 0.85300000
0 0.58575000 0.85483333 0.55525000 0.85383333 0.55187500 0.85033333 0.55062500 0.83766667 0.57562500 0.19200000 0.58000000 0.17983333 0.59675000 0.17883333 0.61650000 0.18083333 0.61887500 0.19033333 0.60412500 0.58033333 0.59762500 0.67733333 0.59612500 0.80333333 0.59312500 0.84900000
0 0.61575000 0.86016667 0.60075000 0.85783333 0.59712500 0.83933333 0.61762500 0.27966667 0.62287500 0.17400000 0.62650000 0.16950000 0.64525000 0.16916667 0.65462500 0.17400000 0.65462500 0.19200000 0.64137500 0.46300000 0.62887500 0.85366667 0.62675000 0.85850000
0 0.64675000 0.85616667 0.62987500 0.85366667 0.62962500 0.82866667 0.65312500 0.20900000 0.65562500 0.17700000 0.66400000 0.17283333 0.68300000 0.17550000 0.68487500 0.19166667 0.65862500 0.82666667 0.65662500 0.85366667
0 0.67925000 0.85616667 0.65950000 0.85383333 0.65812500 0.84566667 0.66587500 0.66833333 0.67137500 0.62700000 0.66937500 0.60233333 0.67362500 0.45766667 0.68637500 0.17466667 0.68950000 0.16850000 0.70175000 0.16683333 0.71487500 0.17033333 0.71437500 0.20200000 0.69012500 0.76100000 0.68712500 0.77866667 0.68637500 0.84733333 0.68500000 0.85416667
0 0.71250000 0.85916667 0.68900000 0.85450000 0.68787500 0.84000000 0.69312500 0.72833333 0.70237500 0.63166667 0.70087500 0.60366667 0.71512500 0.28733333 0.71662500 0.17600000 0.71900000 0.16950000 0.73425000 0.16750000 0.74650000 0.16983333 0.74787500 0.17866667 0.74062500 0.34966667 0.73087500 0.49000000 0.73262500 0.50866667 0.72362500 0.64966667 0.72087500 0.76433333 0.71637500 0.78666667 0.71737500 0.85366667
0 0.76425000 0.86283333 0.72800000 0.86250000 0.72075000 0.85850000 0.71937500 0.85300000 0.75012500 0.18300000 0.74912500 0.16700000 0.73625000 0.16316667 0.73537500 0.15833333 0.74425000 0.14283333 0.76000000 0.13316667 0.81075000 0.13483333 0.81712500 0.14133333 0.81637500 0.18433333 0.78087500 0.84000000 0.77937500 0.85833333
0 0.80275000 0.85116667 0.78350000 0.84850000 0.78137500 0.84000000 0.79362500 0.65666667 0.80587500 0.40033333 0.80862500 0.39300000 0.81762500 0.18833333 0.81850000 0.18183333 0.85375000 0.18416667 0.85762500 0.18766667 0.85787500 0.20233333 0.82062500 0.84200000 0.81625000 0.84983333
0 0.85225000 0.85383333 0.82975000 0.84983333 0.82287500 0.84200000 0.82287500 0.83766667 0.82962500 0.70466667 0.84262500 0.59266667 0.84512500 0.45300000 0.85737500 0.25200000 0.86175000 0.20483333 0.90100000 0.20683333 0.90837500 0.21300000 0.90037500 0.24733333 0.90112500 0.27666667 0.89737500 0.29466667 0.89312500 0.36200000 0.88912500 0.37333333 0.89137500 0.38933333 0.88587500 0.47466667 0.88487500 0.54933333 0.88112500 0.58233333 0.87737500 0.59200000 0.87587500 0.64266667 0.87312500 0.64633333 0.87712500 0.65266667 0.87662500 0.66666667 0.87237500 0.67633333 0.87412500 0.68600000 0.87112500 0.72466667 0.87337500 0.72900000 0.86762500 0.83900000 0.86325000 0.85016667
0 0.94475000 0.86416667 0.89375000 0.85850000 0.88100000 0.85116667 0.87387500 0.83966667 0.88787500 0.64266667 0.91062500 0.22766667 0.91300000 0.22283333 0.93075000 0.21716667 0.99975000 0.21716667 0.99975000 0.40966667 0.99737500 0.41533333 0.99362500 0.46266667 0.96812500 0.83166667 0.96112500 0.85766667
