0 0.0 0.05259223090277781 0.08618052164713537 0.05259223090277781 0.1524305216471354 0.9525922309027778 0.0824305216471354 0.9625922309027778
0 0.09118052164713539 0.06592556423611114 0.16493052164713537 0.06592556423611114 0.2199305216471354 0.9609255642361112 0.1574305216471354 0.9592588975694445
0 0.17618052164713538 0.06925889756944449 0.25743052164713537 0.07759223090277781 0.28868052164713537 0.9642588975694449 0.22368052164713537 0.9692588975694445
0 0.2586805216471354 0.07425889756944448 0.34868052164713537 0.07925889756944449 0.3624305216471354 0.9592588975694445 0.2936805216471354 0.9625922309027778
0 0.3524305216471354 0.07759223090277781 0.43243052164713536 0.07925889756944449 0.4311805216471354 0.9709255642361116 0.3661805216471353 0.9709255642361116
0 0.4361805216471354 0.08925889756944448 0.5136805216471354 0.09259223090277781 0.5049305216471354 0.9759255642361112 0.43493052164713536 0.9725922309027778
0 0.5216383495145632 0.09090614886731402 0.6428883495145632 0.09090614886731402 0.6053883495145632 0.9775728155339807 0.5103883495145632 0.9759061488673141
0 0.6395138549804688 0.09425889756944447 0.7570138549804688 0.09592556423611115 0.7020138549804688 0.9759255642361112 0.6170138549804688 0.9725922309027778
0 0.7595138549804688 0.1575922309027778 0.8195138549804688 0.1575922309027778 0.7595138549804688 0.9709255642361112 0.7095138549804687 0.9759255642361112
0 0.8270138549804688 0.14592556423611114 0.8945138549804688 0.15092556423611114 0.8157638549804688 0.9775922309027778 0.7645138549804688 0.9725922309027778
0 0.8945138549804688 0.17092556423611113 0.9632638549804687 0.1675922309027778 0.8707638549804687 0.9792588975694445 0.8170138549804687 0.9709255642361112
