0 0.0002645979013037901 0.30316197274675105 0.06055384763164512 0.3074683477274897 0.14093951393876689 0.9999999999999999 0.0452422921445743 0.9999999999999999 0.0 0.6993484709747083
0 0.09883273634932216 0.3842653682173292 0.15433712498995383 0.380676722400047 0.20888454141264362 0.9950528863187634 0.17347656934879235 0.9979238029725892
0 0.16199290273348926 0.380676722400047 0.21558334693823714 0.37780580574622125 0.2596040689635657 0.9999999999999999 0.21462637472029517 0.9999999999999999
0 0.22419609689971445 0.3756526182558519 0.2835283744121138 0.37637034741930836 0.3141514853862555 0.9999999999999999 0.2643889300532753 0.9999999999999999
0 0.2988399298991847 0.374217159928939 0.3562582629757002 0.3749348890923955 0.37156981846277104 0.9999999999999999 0.3208502909118489 0.9999999999999999
0 0.36869890180894527 0.3720639724385697 0.4270742071034027 0.37134624327511323 0.43281604041105426 0.9986415321360456 0.384967429513958 0.9999999999999999
0 0.436643929282822 0.36847532662128746 0.49693317901316325 0.3663221391309181 0.4902343734875699 0.9999999999999999 0.4385578737187058 0.9999999999999999
0 0.5093738178464083 0.36345122247709233 0.5696630675767497 0.3648866808040052 0.5457387621282015 0.9999999999999999 0.4988471234490472 0.9999999999999999
0 0.5878455397176462 0.3656044099674617 0.6481347894479876 0.36201576415017944 0.6136837896020783 0.9999999999999999 0.5639212342690981 0.9999999999999999
0 0.6644033171530004 0.36345122247709233 0.7179937613577482 0.3648866808040052 0.667274233806826 0.9999999999999999 0.6213395673456137 0.9999999999999999
0 0.7581865945113091 0.36201576415017944 0.8127340109339989 0.36201576415017944 0.7438320112421801 0.9999999999999999 0.6969403725630258 0.9999999999999999
0 0.8270885942031277 0.3196697435062492 0.965849565804707 0.3239761184869879 0.8682383995746306 0.9999999999999999 0.7524447612036576 0.9999999999999999
