0 0.06137387387387388 0.2147147147147147 0.1143018018018018 0.2147147147147147 0.1829954954954955 0.8003003003003003 0.14020270270270271 0.8153153153153153
0 0.12105855855855856 0.21771771771771772 0.169481981981982 0.21621621621621623 0.2302927927927928 0.8003003003003003 0.18862612612612611 0.8108108108108109
0 0.18074324324324323 0.2222222222222222 0.22804054054054054 0.21621621621621623 0.28434684684684686 0.7957957957957957 0.23704954954954954 0.8048048048048048
0 0.24155405405405406 0.2222222222222222 0.29335585585585583 0.21171171171171171 0.3327702702702703 0.7837837837837838 0.2922297297297297 0.7927927927927928
0 0.30236486486486486 0.21171171171171171 0.3507882882882883 0.2147147147147147 0.37894144144144143 0.7747747747747747 0.33727477477477474 0.7837837837837838
0 0.3564189189189189 0.21621621621621623 0.4025900900900901 0.21621621621621623 0.42286036036036034 0.7717717717717718 0.38231981981981983 0.7822822822822822
0 0.41047297297297297 0.2132132132132132 0.45664414414414417 0.21621621621621623 0.46903153153153154 0.7612612612612613 0.4307432432432432 0.7717717717717718
0 0.4634009009009009 0.21621621621621623 0.5073198198198198 0.21621621621621623 0.5129504504504505 0.7492492492492493 0.473536036036036 0.7597597597597597
0 0.5163288288288288 0.21771771771771772 0.5613738738738739 0.21771771771771772 0.5546171171171171 0.7432432432432432 0.5163288288288288 0.7537537537537538
0 0.5636261261261261 0.2147147147147147 0.5985360360360361 0.2147147147147147 0.5951576576576576 0.7387387387387387 0.5568693693693694 0.7462462462462462
0 0.6109234234234234 0.21771771771771772 0.6514639639639639 0.2147147147147147 0.6402027027027027 0.7387387387387387 0.5985360360360361 0.7447447447447447
0 0.6582207207207207 0.2087087087087087 0.7010135135135136 0.2057057057057057 0.6818693693693694 0.7327327327327327 0.6480855855855856 0.7372372372372372
0 0.7043918918918919 0.18618618618618618 0.7393018018018018 0.1816816816816817 0.7190315315315315 0.7252252252252253 0.6841216216216216 0.7342342342342342
0 0.7483108108108109 0.1981981981981982 0.7787162162162162 0.1981981981981982 0.7483108108108109 0.7147147147147148 0.7257882882882883 0.7237237237237236
0 0.7753378378378378 0.18018018018018017 0.8091216216216216 0.1786786786786787 0.7787162162162162 0.7087087087087087 0.7505630630630631 0.7207207207207207
0 0.8113738738738739 0.23423423423423423 0.8451576576576576 0.2327327327327327 0.8136261261261261 0.7042042042042043 0.7798423423423424 0.7147147147147148
0 0.8507882882882883 0.2567567567567568 0.8868243243243242 0.2522522522522523 0.8552927927927927 0.6966966966966968 0.8226351351351351 0.7042042042042043
