0 0.05825000 0.88616667 0.04387500 0.88100000 0.04012500 0.84300000 0.00012500 0.17733333 0.00012500 0.13533333 0.00600000 0.13083333 0.05400000 0.13083333 0.05912500 0.14233333 0.07862500 0.59866667 0.09537500 0.87333333 0.08900000 0.88116667
0 0.11825000 0.89283333 0.09887500 0.88900000 0.09462500 0.84300000 0.06212500 0.20933333 0.06087500 0.13900000 0.06262500 0.13133333 0.06900000 0.12683333 0.10000000 0.12650000 0.13187500 0.13466667 0.14512500 0.56966667 0.16087500 0.87766667 0.14650000 0.88916667
0 0.18575000 0.88250000 0.16412500 0.88066667 0.15737500 0.81133333 0.13287500 0.17100000 0.13487500 0.14066667 0.13900000 0.13183333 0.14650000 0.13016667 0.18675000 0.13083333 0.20150000 0.13450000 0.20287500 0.14066667 0.21437500 0.66733333 0.22212500 0.86866667 0.20950000 0.87883333
0 0.24650000 0.87383333 0.22875000 0.87150000 0.22437500 0.86566667 0.22037500 0.80100000 0.20537500 0.18633333 0.20762500 0.13933333 0.20925000 0.13483333 0.21975000 0.13350000 0.25925000 0.13483333 0.26612500 0.13966667 0.26837500 0.15133333 0.27762500 0.85533333 0.27637500 0.86600000 0.27175000 0.87050000
0 0.30250000 0.88150000 0.28700000 0.88083333 0.27812500 0.86966667 0.26912500 0.16200000 0.27137500 0.13433333 0.28400000 0.13016667 0.33025000 0.13183333 0.33462500 0.15400000 0.33637500 0.86566667 0.33075000 0.87750000
0 0.35650000 0.88550000 0.34087500 0.88100000 0.33712500 0.85833333 0.33512500 0.16200000 0.33875000 0.12716667 0.36425000 0.12450000 0.38550000 0.12650000 0.39037500 0.13466667 0.39437500 0.21566667 0.39362500 0.73333333 0.38987500 0.80300000 0.39162500 0.87333333 0.38500000 0.88116667
0 0.41375000 0.89416667 0.40050000 0.89216667 0.39562500 0.88633333 0.39862500 0.14733333 0.40100000 0.12683333 0.44000000 0.12616667 0.46037500 0.13433333 0.44937500 0.86700000 0.44500000 0.88516667
0 0.47250000 0.88983333 0.45525000 0.88583333 0.45162500 0.87733333 0.45312500 0.73600000 0.45862500 0.69733333 0.45612500 0.69366667 0.45537500 0.60600000 0.46212500 0.20033333 0.46487500 0.12733333 0.46875000 0.12283333 0.48625000 0.12216667 0.51675000 0.12650000 0.52212500 0.13133333 0.52312500 0.17500000 0.50562500 0.86966667 0.50150000 0.88516667
0 0.53450000 0.89083333 0.51212500 0.88433333 0.50862500 0.85466667 0.52537500 0.19133333 0.52912500 0.12833333 0.54050000 0.12316667 0.56200000 0.12316667 0.58625000 0.12616667 0.58987500 0.13300000 0.56562500 0.86000000 0.56125000 0.88416667
0 0.58450000 0.88983333 0.56837500 0.88100000 0.56787500 0.84566667 0.59387500 0.12733333 0.60400000 0.12283333 0.63125000 0.12350000 0.65000000 0.12716667 0.65462500 0.13133333 0.65537500 0.14300000 0.62412500 0.82666667 0.61137500 0.88466667
0 0.64725000 0.88650000 0.63000000 0.88483333 0.62562500 0.88033333 0.62437500 0.86800000 0.65437500 0.20800000 0.66187500 0.12733333 0.69450000 0.12683333 0.71475000 0.13116667 0.71812500 0.14666667 0.70387500 0.35633333 0.67712500 0.86566667 0.67100000 0.88116667
0 0.69825000 0.88316667 0.68137500 0.87966667 0.67862500 0.85333333 0.68687500 0.75666667 0.68862500 0.65766667 0.70137500 0.49133333 0.70287500 0.42400000 0.71487500 0.27933333 0.72012500 0.12566667 0.72750000 0.11850000 0.77200000 0.11883333 0.78412500 0.12633333 0.78062500 0.15033333 0.78012500 0.20966667 0.73162500 0.86366667 0.72475000 0.87716667
0 0.74850000 0.87816667 0.73512500 0.87333333 0.73512500 0.83566667 0.78762500 0.12333333 0.79050000 0.11916667 0.81600000 0.11916667 0.83887500 0.12733333 0.84037500 0.15433333 0.78762500 0.83300000 0.78050000 0.86950000
0 0.80450000 0.86683333 0.78950000 0.86516667 0.78587500 0.85366667 0.81112500 0.57766667 0.84137500 0.13400000 0.84575000 0.12683333 0.87775000 0.12750000 0.89187500 0.13466667 0.89212500 0.17500000 0.83687500 0.79333333 0.83512500 0.84200000 0.82900000 0.86150000
0 0.86150000 0.86950000 0.84225000 0.86683333 0.83937500 0.85666667 0.84437500 0.78300000 0.85662500 0.68566667 0.86087500 0.58033333 0.87337500 0.46800000 0.87612500 0.40133333 0.88912500 0.26400000 0.89512500 0.18033333 0.89512500 0.12700000 0.90825000 0.12050000 0.94675000 0.12316667 0.95662500 0.12700000 0.95737500 0.14000000 0.89237500 0.84200000 0.88962500 0.85600000 0.88125000 0.86583333
