0 0.06150000 0.44450000 0.05600000 0.44350000 0.05437500 0.43900000 0.05212500 0.40133333 0.04312500 0.11400000 0.04012500 0.06600000 0.04037500 0.05666667 0.04825000 0.05283333 0.06450000 0.05450000 0.06825000 0.05650000 0.06962500 0.06033333 0.07387500 0.21400000 0.08287500 0.43400000 0.08262500 0.43966667 0.08025000 0.44350000
0 0.10500000 0.44516667 0.08775000 0.44483333 0.08362500 0.43900000 0.07037500 0.07933333 0.07012500 0.06100000 0.07175000 0.05683333 0.07425000 0.05616667 0.09225000 0.05683333 0.09612500 0.06666667 0.10112500 0.23966667 0.10887500 0.39433333 0.10937500 0.44033333 0.10825000 0.44416667
0 0.12375000 0.44683333 0.11500000 0.44683333 0.11175000 0.44450000 0.11012500 0.43300000 0.09562500 0.05866667 0.10000000 0.05350000 0.11950000 0.05483333 0.12337500 0.05666667 0.12412500 0.06200000 0.13912500 0.44300000 0.13500000 0.44583333
0 0.15550000 0.44716667 0.14275000 0.44683333 0.14012500 0.44433333 0.13812500 0.41700000 0.12512500 0.06566667 0.12637500 0.05700000 0.13100000 0.05550000 0.15025000 0.05683333 0.15337500 0.06366667 0.15812500 0.22166667 0.16737500 0.43566667 0.16600000 0.44550000
0 0.18725000 0.44816667 0.17125000 0.44816667 0.16787500 0.44366667 0.15287500 0.06233333 0.15425000 0.05850000 0.15800000 0.05716667 0.17650000 0.05883333 0.17987500 0.06400000 0.18537500 0.22933333 0.19612500 0.43400000 0.19562500 0.44500000
0 0.21850000 0.44850000 0.20050000 0.44850000 0.19662500 0.44366667 0.17987500 0.06100000 0.18225000 0.05583333 0.20500000 0.05550000 0.20787500 0.06200000 0.22462500 0.43933333 0.22362500 0.44633333
0 0.23700000 0.44950000 0.22562500 0.44733333 0.22387500 0.42433333 0.20837500 0.06066667 0.20950000 0.05650000 0.21225000 0.05583333 0.23375000 0.05650000 0.23662500 0.07400000 0.24262500 0.23866667 0.25312500 0.43766667 0.25125000 0.44783333
0 0.27325000 0.44950000 0.25675000 0.44916667 0.25362500 0.44533333 0.23637500 0.06233333 0.23637500 0.05700000 0.24025000 0.05316667 0.26025000 0.05450000 0.26387500 0.05666667 0.26487500 0.06366667 0.27012500 0.21100000 0.28187500 0.43400000 0.28112500 0.44733333
0 0.30125000 0.45083333 0.28675000 0.45016667 0.28237500 0.44466667 0.26637500 0.09200000 0.26562500 0.05800000 0.26875000 0.05450000 0.29150000 0.05583333 0.29512500 0.06400000 0.30187500 0.23933333 0.31262500 0.43566667 0.31237500 0.44766667
0 0.32850000 0.45250000 0.31700000 0.45216667 0.31287500 0.44700000 0.29662500 0.09866667 0.29562500 0.06300000 0.29875000 0.05916667 0.31900000 0.05950000 0.32162500 0.06100000 0.32287500 0.06700000 0.33962500 0.44400000 0.33800000 0.45116667
0 0.35500000 0.45216667 0.34200000 0.45216667 0.33937500 0.44533333 0.32362500 0.08500000 0.32337500 0.06000000 0.32650000 0.05483333 0.34800000 0.05650000 0.35087500 0.06633333 0.35312500 0.15266667 0.36712500 0.43533333 0.36612500 0.45000000
0 0.38150000 0.45283333 0.36950000 0.45216667 0.36737500 0.44733333 0.35137500 0.07800000 0.35187500 0.05700000 0.36075000 0.05450000 0.37625000 0.05550000 0.37862500 0.06466667 0.39512500 0.44133333 0.39325000 0.45150000
0 0.40925000 0.45316667 0.39875000 0.45250000 0.39512500 0.44766667 0.37962500 0.08066667 0.37912500 0.05666667 0.38100000 0.05250000 0.40475000 0.05216667 0.40912500 0.05966667 0.41512500 0.23166667 0.42537500 0.44066667 0.42400000 0.45216667
0 0.44800000 0.45383333 0.42900000 0.45350000 0.42587500 0.45066667 0.41112500 0.11400000 0.40962500 0.06066667 0.41200000 0.05783333 0.43150000 0.05816667 0.43575000 0.05950000 0.43787500 0.06400000 0.44262500 0.22433333 0.45262500 0.44500000 0.45237500 0.45133333
0 0.47875000 0.45383333 0.45825000 0.45383333 0.45287500 0.45066667 0.43862500 0.07966667 0.43862500 0.06133333 0.44275000 0.05916667 0.46250000 0.06050000 0.46712500 0.06833333 0.46912500 0.15466667 0.48112500 0.44566667 0.48112500 0.45133333
0 0.50025000 0.45550000 0.48475000 0.45383333 0.48212500 0.45133333 0.48137500 0.44500000 0.46837500 0.09933333 0.46837500 0.06900000 0.47350000 0.06550000 0.49075000 0.06716667 0.49337500 0.06933333 0.49487500 0.07500000 0.50737500 0.44166667 0.50687500 0.45133333
0 0.52225000 0.45650000 0.51275000 0.45550000 0.50787500 0.45133333 0.49562500 0.07633333 0.49587500 0.06866667 0.50200000 0.06416667 0.52150000 0.06616667 0.52487500 0.07966667 0.53687500 0.45000000 0.53350000 0.45516667
0 0.55600000 0.45616667 0.54075000 0.45583333 0.53762500 0.45166667 0.52562500 0.08600000 0.52662500 0.08033333 0.52950000 0.07916667 0.54600000 0.07983333 0.54912500 0.08433333 0.55912500 0.43933333 0.55912500 0.45233333
0 0.57825000 0.45683333 0.56425000 0.45683333 0.56075000 0.45550000 0.55962500 0.45200000 0.54987500 0.08700000 0.54987500 0.08400000 0.55300000 0.08183333 0.56875000 0.08316667 0.57262500 0.08933333 0.58237500 0.45066667 0.58187500 0.45533333
0 0.60025000 0.45716667 0.58400000 0.45616667 0.58237500 0.44966667 0.57762500 0.21733333 0.57312500 0.09400000 0.57337500 0.08833333 0.57700000 0.08583333 0.59225000 0.08616667 0.59462500 0.08833333 0.59537500 0.09400000 0.60362500 0.44100000 0.60362500 0.45266667
0 0.62325000 0.45716667 0.60775000 0.45683333 0.60537500 0.45166667 0.59637500 0.09233333 0.59662500 0.08800000 0.59950000 0.08516667 0.61575000 0.08616667 0.61887500 0.09033333 0.62737500 0.43466667 0.62737500 0.45233333
0 0.65050000 0.45850000 0.63100000 0.45616667 0.62887500 0.44400000 0.62487500 0.21500000 0.62062500 0.09233333 0.62112500 0.08833333 0.62525000 0.08583333 0.64075000 0.08616667 0.64287500 0.08766667 0.64362500 0.09333333 0.65262500 0.44333333 0.65262500 0.45500000
0 0.67050000 0.45916667 0.65800000 0.45883333 0.65287500 0.45533333 0.64862500 0.24000000 0.64462500 0.10533333 0.64212500 0.08033333 0.64750000 0.07616667 0.65500000 0.07516667 0.66775000 0.07616667 0.67087500 0.07900000 0.67162500 0.08433333 0.67287500 0.35866667 0.67512500 0.45533333
0 0.70200000 0.45783333 0.68175000 0.45550000 0.67887500 0.43966667 0.67687500 0.36166667 0.67587500 0.10766667 0.67662500 0.09133333 0.67950000 0.08783333 0.68400000 0.08683333 0.70100000 0.08916667 0.70387500 0.09200000 0.70462500 0.09833333 0.70637500 0.45200000 0.70587500 0.45533333
0 0.72500000 0.45950000 0.71225000 0.45916667 0.70662500 0.45500000 0.70637500 0.45033333 0.70712500 0.27033333 0.70437500 0.10733333 0.70512500 0.09633333 0.70800000 0.09383333 0.72300000 0.09616667 0.72637500 0.09966667 0.72712500 0.11066667 0.72787500 0.44866667 0.72762500 0.45533333
0 0.74675000 0.46016667 0.73650000 0.46016667 0.73112500 0.45733333 0.72837500 0.42466667 0.72912500 0.22066667 0.72712500 0.10166667 0.72775000 0.09950000 0.73225000 0.09816667 0.74175000 0.09950000 0.74737500 0.10366667 0.75037500 0.12733333 0.75187500 0.42333333 0.75137500 0.45600000 0.74975000 0.45950000
0 0.77825000 0.46050000 0.75975000 0.46050000 0.75487500 0.45533333 0.75487500 0.10566667 0.75787500 0.05700000 0.76350000 0.05250000 0.78725000 0.05316667 0.78912500 0.05666667 0.78612500 0.45566667 0.78400000 0.45983333
0 0.81075000 0.45883333 0.79450000 0.45883333 0.79100000 0.45750000 0.78937500 0.45366667 0.79212500 0.09266667 0.79437500 0.08066667 0.79950000 0.07816667 0.81575000 0.07850000 0.81887500 0.08033333 0.81937500 0.08366667 0.81587500 0.45533333
0 0.85100000 0.45950000 0.82175000 0.45750000 0.81762500 0.45500000 0.81662500 0.44966667 0.82037500 0.11966667 0.82037500 0.08000000 0.81862500 0.07633333 0.81837500 0.06433333 0.82062500 0.05300000 0.82550000 0.04883333 0.85775000 0.04550000 0.86787500 0.04900000 0.86762500 0.10033333 0.85812500 0.45533333
0 0.88550000 0.45983333 0.86125000 0.45716667 0.85962500 0.45166667 0.85962500 0.43900000 0.86687500 0.22466667 0.86862500 0.10800000 0.86950000 0.10350000 0.87725000 0.10050000 0.89325000 0.09916667 0.89712500 0.10333333 0.89662500 0.16333333 0.88987500 0.43966667 0.88887500 0.45433333
0 0.91675000 0.46050000 0.89750000 0.45950000 0.89312500 0.45533333 0.89862500 0.10733333 0.90150000 0.09950000 0.91575000 0.09783333 0.92350000 0.09850000 0.92512500 0.10366667 0.92162500 0.43733333 0.92087500 0.45533333 0.91925000 0.45950000
0 0.05825000 0.96850000 0.03800000 0.96716667 0.03512500 0.95133333 0.03637500 0.79466667 0.03787500 0.77566667 0.03637500 0.67766667 0.03812500 0.65700000 0.03612500 0.61533333 0.03712500 0.57866667 0.04150000 0.57583333 0.06075000 0.57383333 0.07712500 0.57933333 0.07762500 0.64233333 0.08037500 0.65933333 0.07787500 0.68333333 0.07762500 0.82066667 0.07462500 0.91133333 0.07487500 0.96100000 0.07225000 0.96683333
0 0.09325000 0.97150000 0.08125000 0.97083333 0.07612500 0.96433333 0.07487500 0.92633333 0.07987500 0.78500000 0.07837500 0.70633333 0.07962500 0.67733333 0.08237500 0.65966667 0.07887500 0.64000000 0.07837500 0.58266667 0.08000000 0.57883333 0.09175000 0.57783333 0.10775000 0.57883333 0.11562500 0.58200000 0.11562500 0.64500000 0.11712500 0.65433333 0.11437500 0.78500000 0.11562500 0.85833333 0.11387500 0.86800000 0.11337500 0.90800000 0.11462500 0.96400000 0.11175000 0.96983333
0 0.12750000 0.97616667 0.11925000 0.97383333 0.11637500 0.96700000 0.11687500 0.81833333 0.11862500 0.78400000 0.11712500 0.58533333 0.11925000 0.58083333 0.12700000 0.57850000 0.14425000 0.57816667 0.15450000 0.57983333 0.15862500 0.58766667 0.15712500 0.85766667 0.15412500 0.88966667 0.15587500 0.97033333 0.15050000 0.97516667
0 0.18325000 0.98016667 0.16225000 0.97950000 0.15850000 0.97850000 0.15662500 0.97500000 0.15787500 0.94666667 0.15637500 0.87266667 0.15862500 0.82733333 0.15737500 0.76266667 0.16012500 0.65766667 0.15887500 0.58766667 0.16225000 0.58150000 0.20125000 0.57983333 0.20412500 0.58466667 0.20462500 0.59400000 0.20087500 0.77933333 0.20212500 0.81233333 0.19912500 0.88366667 0.19962500 0.97266667 0.19400000 0.97883333
0 0.20950000 0.97550000 0.20325000 0.97516667 0.20137500 0.97100000 0.20637500 0.58433333 0.20875000 0.58150000 0.22350000 0.57983333 0.24800000 0.58150000 0.25037500 0.58666667 0.25037500 0.60866667 0.24812500 0.64666667 0.24762500 0.78733333 0.24462500 0.87800000 0.24587500 0.96733333 0.24050000 0.97183333
0 0.25250000 0.96750000 0.24912500 0.96500000 0.24812500 0.96100000 0.24762500 0.91733333 0.25062500 0.58433333 0.25575000 0.58050000 0.28775000 0.58150000 0.29112500 0.58633333 0.29162500 0.59566667 0.28937500 0.64933333 0.28737500 0.95633333 0.28275000 0.96350000
0 0.31600000 0.96483333 0.29275000 0.96316667 0.28987500 0.95200000 0.29212500 0.89566667 0.29062500 0.85466667 0.29362500 0.64366667 0.29287500 0.59566667 0.29525000 0.57850000 0.32475000 0.57616667 0.33400000 0.57850000 0.33662500 0.58766667 0.33512500 0.77466667 0.33162500 0.88500000 0.33212500 0.94800000 0.33075000 0.96316667
0 0.35400000 0.96650000 0.33562500 0.96300000 0.33412500 0.92400000 0.33787500 0.68100000 0.34012500 0.65300000 0.33962500 0.59000000 0.34175000 0.58383333 0.34900000 0.58150000 0.37350000 0.58350000 0.37812500 0.58766667 0.37212500 0.95900000 0.37137500 0.96300000 0.36850000 0.96516667
0 0.39725000 0.97316667 0.37925000 0.97250000 0.37662500 0.97100000 0.37462500 0.96400000 0.37437500 0.87766667 0.37912500 0.65233333 0.37862500 0.60166667 0.37887500 0.58766667 0.38100000 0.58283333 0.41225000 0.58316667 0.41762500 0.58600000 0.41887500 0.59466667 0.41387500 0.96600000 0.41175000 0.97083333
0 0.42500000 0.97283333 0.41975000 0.97283333 0.41662500 0.96733333 0.42037500 0.65466667 0.41962500 0.58733333 0.42350000 0.58383333 0.45525000 0.58516667 0.45975000 0.58716667 0.46087500 0.59133333 0.45762500 0.72133333 0.45612500 0.96533333 0.45175000 0.96950000
0 0.47950000 0.96883333 0.46225000 0.96850000 0.45925000 0.96750000 0.45787500 0.96366667 0.45762500 0.87233333 0.46162500 0.59066667 0.46425000 0.58583333 0.48675000 0.58416667 0.49425000 0.58483333 0.49912500 0.59033333 0.49862500 0.75333333 0.49462500 0.92700000 0.49537500 0.95933333 0.49487500 0.96333333 0.49075000 0.96750000
0 0.51200000 0.97016667 0.50625000 0.96950000 0.50162500 0.96466667 0.49812500 0.94000000 0.50112500 0.77166667 0.50112500 0.60433333 0.50262500 0.58733333 0.50600000 0.57983333 0.53900000 0.58316667 0.54212500 0.58766667 0.54362500 0.61366667 0.54312500 0.84666667 0.54137500 0.89566667 0.54262500 0.95533333 0.53725000 0.96750000
0 0.56350000 0.96216667 0.54775000 0.96150000 0.54412500 0.95633333 0.54637500 0.76033333 0.54562500 0.57600000 0.54875000 0.56916667 0.58725000 0.56916667 0.59037500 0.57266667 0.59137500 0.58066667 0.59062500 0.94433333 0.58775000 0.95916667
0 0.60100000 0.96283333 0.59200000 0.96083333 0.59062500 0.95500000 0.59237500 0.58033333 0.59387500 0.57033333 0.59900000 0.56783333 0.60750000 0.56916667 0.60962500 0.57766667 0.60887500 0.95400000 0.60750000 0.96116667
0 0.61209677 0.58494624 0.64838710 0.58387097 0.64919355 0.96774194 0.64919355 0.96774194 0.61532258 0.97096774
0 0.66125000 0.96316667 0.65375000 0.96250000 0.65037500 0.95933333 0.65012500 0.95400000 0.65037500 0.86933333 0.65187500 0.85400000 0.65037500 0.80966667 0.65337500 0.76400000 0.65062500 0.76033333 0.64937500 0.65433333 0.65237500 0.58066667 0.66550000 0.57783333 0.68250000 0.57983333 0.68812500 0.58600000 0.68937500 0.59100000 0.68962500 0.80533333 0.68687500 0.95633333 0.68575000 0.95950000 0.68100000 0.96150000
0 0.69525000 0.96083333 0.69000000 0.95950000 0.68862500 0.95566667 0.69137500 0.58366667 0.69350000 0.57883333 0.70650000 0.57850000 0.71275000 0.57983333 0.71462500 0.58366667 0.71362500 0.95533333 0.70975000 0.95983333
0 0.73275000 0.95916667 0.71625000 0.95583333 0.71387500 0.94466667 0.71487500 0.59366667 0.71562500 0.57766667 0.72050000 0.57116667 0.74125000 0.57183333 0.74512500 0.57600000 0.74562500 0.58400000 0.74537500 0.95133333 0.74150000 0.95683333
0 0.75850000 0.96050000 0.74875000 0.95916667 0.74687500 0.95166667 0.74762500 0.72433333 0.74962500 0.69833333 0.74812500 0.69466667 0.74712500 0.58233333 0.74762500 0.57500000 0.75175000 0.57283333 0.76550000 0.57383333 0.76962500 0.58000000 0.76837500 0.60800000 0.77012500 0.62966667 0.77012500 0.67833333 0.76812500 0.75100000 0.76912500 0.95300000 0.76725000 0.95916667
0 0.78750000 0.96116667 0.77175000 0.96083333 0.76812500 0.95666667 0.76962500 0.71633333 0.76862500 0.57233333 0.77150000 0.56850000 0.78725000 0.56883333 0.79137500 0.57266667 0.79137500 0.94466667 0.79062500 0.95833333
0 0.81075000 0.96150000 0.79475000 0.96050000 0.79162500 0.95533333 0.79312500 0.59566667 0.79500000 0.59183333 0.79775000 0.59150000 0.81100000 0.59250000 0.81487500 0.59766667 0.81387500 0.93666667 0.81312500 0.95900000
0 0.83100000 0.96216667 0.81800000 0.96050000 0.81387500 0.95566667 0.81437500 0.79833333 0.81612500 0.74833333 0.81487500 0.74100000 0.81562500 0.60233333 0.81262500 0.58066667 0.81362500 0.57033333 0.81825000 0.56683333 0.84175000 0.56816667 0.84387500 0.57933333 0.84162500 0.95166667 0.84025000 0.95950000
0 0.85750000 0.96283333 0.84400000 0.95950000 0.84187500 0.95166667 0.84462500 0.57133333 0.84600000 0.56816667 0.86675000 0.57050000 0.86950000 0.57183333 0.87387500 0.57966667 0.87187500 0.61500000 0.86962500 0.88266667 0.86737500 0.95566667 0.86575000 0.96050000
0 0.90275000 0.96583333 0.88300000 0.96350000 0.87050000 0.95950000 0.86737500 0.95233333 0.87012500 0.88366667 0.87162500 0.66233333 0.87387500 0.59566667 0.87675000 0.58750000 0.92200000 0.59250000 0.92537500 0.59533333 0.92712500 0.60366667 0.92462500 0.95900000 0.91950000 0.96416667
0 0.93225806 0.57096774 0.95000000 0.57204301 0.94516129 0.96344086 0.92661290 0.96344086
