0 0.17117537313432835 0.05223880597014925 0.22901119402985073 0.05970149253731343 0.2019589552238806 0.8159203980099502 0.13852611940298507 0.8134328358208954
0 0.23367537313432835 0.06218905472636816 0.2896455223880597 0.07213930348258706 0.26725746268656714 0.8184079601990049 0.2066231343283582 0.8208955223880596
0 0.2933768656716418 0.08457711442786069 0.3465485074626865 0.08830845771144279 0.33162313432835816 0.8208955223880596 0.27472014925373134 0.8159203980099502
0 0.35307835820895517 0.08208955223880597 0.4071828358208955 0.09203980099502487 0.3978544776119403 0.8271144278606964 0.3362873134328358 0.8296019900497511
0 0.4127798507462686 0.09203980099502487 0.46875 0.09950248756218905 0.45475746268656714 0.822139303482587 0.40158582089552236 0.8246268656716417
0 0.4724813432835821 0.10199004975124377 0.5359141791044776 0.1044776119402985 0.5256529850746269 0.832089552238806 0.4575559701492537 0.8308457711442785
0 0.5405783582089552 0.1044776119402985
0 0.5405783582089552 0.10696517412935323 0.5862873134328357 0.10945273631840795 0.5844216417910447 0.8296019900497511 0.527518656716418 0.8308457711442785
0 0.59375 0.15422885572139303 0.6394589552238806 0.15547263681592038 0.6469216417910447 0.8283582089552239 0.590018656716418 0.832089552238806
0 0.6571828358208954 0.13805970149253732 0.7019589552238806 0.14054726368159204 0.7159514925373134 0.8445273631840796 0.661847014925373 0.8482587064676617
0 0.7234141791044776 0.17412935323383083 0.7541977611940298 0.17786069651741293 0.7728544776119403 0.8544776119402985 0.7411380597014925 0.8594527363184079
0 0.7709888059701492 0.12437810945273632 0.8148320895522388 0.12686567164179105 0.8241604477611939 0.8606965174129353 0.7933768656716418 0.8606965174129353
0 0.8250932835820894 0.10572139303482586 0.8829291044776119 0.11940298507462686 0.9034514925373134 0.8557213930348259 0.84375 0.86318407960199
0 0.911847014925373 0.05223880597014925 0.9510261194029851 0.0572139303482587 0.9650186567164178 0.8606965174129353 0.9202425373134328 0.8731343283582088
