0 0.14196328973074815 0.08659738085867057 0.25071328973074813 0.0999307141920039 0.21571328973074816 0.8482640475253371 0.09821328973074815 0.8432640475253371
0 0.25571328973074814 0.11659738085867057 0.3644632897307481 0.12826404752533724 0.3332132897307481 0.8682640475253371 0.22196328973074816 0.8465973808586704
0 0.3744632897307481 0.15659738085867056 0.4819632897307481 0.16326404752533724 0.4582132897307481 0.8665973808586704 0.3507132897307481 0.8532640475253371
0 0.4832132897307481 0.1932640475253372 0.5419632897307481 0.18659738085867056 0.5294632897307481 0.8682640475253371 0.4607132897307481 0.8615973808586704
0 0.5444632897307481 0.1999307141920039 0.6119632897307481 0.19826404752533722 0.6007132897307481 0.8749307141920039 0.5319632897307481 0.8799307141920039
0 0.6144632897307482 0.20659738085867055 0.6682132897307481 0.2182640475253372 0.6694632897307481 0.8732640475253372 0.6069632897307481 0.8682640475253371
0 0.6719632897307481 0.18993071419200389 0.7332132897307481 0.18659738085867056 0.7357132897307481 0.8615973808586704 0.6694632897307481 0.8549307141920038
0 0.7394632897307482 0.18659738085867056 0.7919632897307481 0.18993071419200389 0.7919632897307481 0.8732640475253372 0.7394632897307482 0.8699307141920039
0 0.8019632897307482 0.19659738085867054 0.8694632897307482 0.1932640475253372 0.879463289730748 0.8799307141920039 0.8082132897307481 0.8832640475253372
0 0.9144632897307481 0.15826404752533724 0.9719632897307481 0.16826404752533725 0.9969632897307481 0.9099307141920038 0.9294632897307481 0.9082640475253372
