0 0.03684986536250089 0.3262379840766191 0.07307721913520156 0.3286531409947991 0.0809264791192867 0.8575725060762287 0.04771807149431109 0.8567674537701687
0 0.07669995451247162 0.33026324560691916 0.11413488674426231 0.3318733502190392 0.11594625443289734 0.8567674537701687 0.08454921449655677 0.8615977676065287
0 0.11594625443289734 0.33348345483115915 0.14975845128741797 0.33509355944327923 0.15338118666468803 0.8511320876277486 0.1243993036465275 0.8487169307095686
0 0.15398497589423304 0.3342885071372192 0.18658959428966362 0.33509355944327923 0.18719338351920864 0.8527421922398686 0.15579634358286806 0.8511320876277486
0 0.19202369735556873 0.33670366405539925 0.2276472618987244 0.3375087163614593 0.22100558037372925 0.8519371399338086 0.18960854043738867 0.8527421922398686
0 0.2330813649646295 0.3383137686675193 0.26628977258960507 0.3415339778917594 0.2548177772282499 0.8503270353216885 0.2276472618987244 0.8519371399338086
0 0.27293145411460024 0.3399238732796393 0.30734744019866583 0.34233903019781936 0.29346028791913065 0.8519371399338086 0.2608556695237 0.8551573491580488
0 0.316404278641841 0.34555923942205946 0.34417858320091155 0.34636429172811944 0.3194232247895661 0.8310057799762482 0.2994981802145807 0.8318108322823082
0 0.3465937401190916 0.34072892558569934 0.3804059369736122 0.34314408250387934 0.3484051078077266 0.8543522968519885 0.3200270140191111 0.8535472445459286
0 0.3876514077281523 0.3495845009523595 0.41421813382813283 0.3495845009523595 0.3894627754167873 0.8269805184459481 0.36229226008726184 0.8253704138338281
0 0.43052044302584813 0.3294581933008591 0.4667477967985488 0.33026324560691916 0.4353507568622082 0.8430815645671483 0.40516129538495765 0.8430815645671483
0 0.47157811063490884 0.3286531409947991 0.5084092536371545 0.3318733502190392 0.47157811063490884 0.8624028199125888 0.4407848599281133 0.8583775583822887
0 0.5186736705394197 0.33670366405539925 0.5705995442802906 0.34233903019781936 0.53195703358941 0.8615977676065287 0.480031159848539 0.8648179768307688
0 0.5790525934939209 0.3705158609099199 0.6062231088234463 0.3705158609099199 0.5651654412143856 0.8575725060762287 0.536183558196225 0.8599876629944088
0 0.6062231088234463 0.39305732547960026 0.6291670995461567 0.3978876393159604 0.592939745773456 0.866428081442889 0.5693919658212007 0.8656230291368288
0 0.6358087810711519 0.3648804947674998 0.6672058210074925 0.36810070399173983 0.6273557318575217 0.8583775583822887 0.5959586919211812 0.8559624014641087
0 0.6756588702211226 0.3656855470735598 0.7082634886165532 0.3721259655220399 0.6653944533188574 0.8599876629944088 0.6327898349234269 0.8551573491580488
0 0.7118862239938233 0.3672956516856798 0.7438870531597089 0.37132091321597993 0.6998104394029231 0.8583775583822887 0.6678096102370374 0.8551573491580488
0 0.7493211562256139 0.3689057562977998 0.7825295638505895 0.3729310178280999 0.7354340039460787 0.8535472445459286 0.7058483316983731 0.8535472445459286
0 0.7891712453755847 0.3745411224402199 0.8302289129846454 0.37776133166446 0.7801144069324095 0.8559624014641087 0.7463022100778889 0.8575725060762287
0 0.8392857514278206 0.37534617474627996 0.8706827913641612 0.37615122705233994 0.8217758637710152 0.8535472445459286 0.7915864022937648 0.8559624014641087
0 0.8743055267414312 0.37856638397052 0.9026836205300467 0.37856638397052 0.8531729037073559 0.8414714599550284 0.8253985991482854 0.8414714599550284
0 0.908721512825497 0.37695627935840004 0.9395147635322925 0.37856638397052 0.8918154143982366 0.8406664076489685 0.863437320609621 0.8406664076489685
0 0.9467602342868325 0.4139886854371606 0.9823837988299883 0.4131836331311007 0.9340806604663874 0.8366411461186684 0.9063063559073169 0.8382512507307883
