0 0.15925000 0.90716667 0.13100000 0.90583333 0.12937500 0.89000000 0.13062500 0.63666667 0.13662500 0.58033333 0.13762500 0.51000000 0.13737500 0.10333333 0.14250000 0.09583333 0.17075000 0.09883333 0.17462500 0.10633333 0.17062500 0.35033333 0.17312500 0.46733333 0.16662500 0.57933333 0.16362500 0.90466667
0 0.17458333 0.10111111 0.21541667 0.10000000 0.20208333 0.91888889 0.16625000 0.91222222
0 0.21708333 0.09777778 0.25541667 0.09888889 0.23708333 0.92555556 0.20541667 0.92000000
0 0.25458333 0.10222222 0.29458333 0.10666667 0.27541667 0.92666667 0.24208333 0.92444444
0 0.29458333 0.11000000 0.33375000 0.10666667 0.31708333 0.92666667 0.28041667 0.92888889
0 0.37350000 0.93883333 0.33125000 0.93483333 0.32175000 0.93183333 0.31862500 0.92433333 0.33737500 0.15966667 0.33862500 0.14666667 0.34950000 0.14316667 0.40400000 0.14850000 0.40812500 0.15633333 0.40437500 0.37400000 0.38637500 0.92466667 0.38275000 0.93683333
0 0.44575000 0.93183333 0.39925000 0.92916667 0.38987500 0.92100000 0.41412500 0.16766667 0.41512500 0.15800000 0.42325000 0.15550000 0.47500000 0.16183333 0.48225000 0.16583333 0.48387500 0.17333333 0.45762500 0.90866667 0.45537500 0.92766667
0 0.48375000 0.95316667 0.46850000 0.95150000 0.46512500 0.93200000 0.46862500 0.76133333 0.48862500 0.16833333 0.49025000 0.15683333 0.50425000 0.15316667 0.55850000 0.16050000 0.56337500 0.16900000 0.53187500 0.94000000 0.52975000 0.94750000 0.52275000 0.94983333
0 0.58400000 0.94783333 0.54775000 0.94450000 0.53462500 0.93600000 0.56537500 0.18233333 0.56337500 0.14566667 0.56775000 0.12683333 0.57925000 0.12483333 0.61525000 0.12716667 0.62737500 0.13500000 0.59337500 0.93200000 0.58937500 0.94433333
0 0.62475000 0.94350000 0.60425000 0.93983333 0.59962500 0.92866667 0.60237500 0.76300000 0.62612500 0.20800000 0.62950000 0.19650000 0.64875000 0.19583333 0.66412500 0.20133333 0.66462500 0.22233333 0.64537500 0.75300000 0.64437500 0.92400000 0.63975000 0.93983333
0 0.67825000 0.98150000 0.65437500 0.97466667 0.64662500 0.95800000 0.64537500 0.93433333 0.66812500 0.20500000 0.68175000 0.18650000 0.70900000 0.18450000 0.72262500 0.18966667 0.72412500 0.20533333 0.70587500 0.74200000 0.71012500 0.96300000 0.70525000 0.98016667
0 0.74800000 0.99250000 0.72850000 0.99050000 0.72087500 0.98233333 0.71537500 0.96466667 0.71162500 0.92000000 0.71087500 0.75166667 0.71312500 0.67366667 0.71937500 0.65066667 0.71687500 0.63366667 0.72687500 0.21066667 0.72537500 0.18866667 0.70962500 0.17766667 0.71287500 0.15666667 0.73375000 0.13483333 0.78075000 0.13050000 0.78725000 0.13150000 0.78937500 0.14033333 0.78912500 0.24966667 0.77712500 0.98100000 0.77225000 0.99150000
0 0.84675000 0.99966667 0.78325000 0.99966667 0.77887500 0.98700000 0.78562500 0.66866667 0.78762500 0.66000000 0.79287500 0.65833333 0.78712500 0.65900000 0.78662500 0.63766667 0.79062500 0.58133333 0.79387500 0.17400000 0.79912500 0.13500000 0.81800000 0.12283333 0.85125000 0.12650000 0.86287500 0.13500000
0 0.95875000 0.99777778 0.99912500 0.99966667 0.99791667 0.76111111 0.94291667 0.15666667 0.89875000 0.15111111 0.88208333 0.15777778
