0 0.0 0.21473684210526317 0.11513157894736838 0.8557894736842104 0.07328947368421046 0.8705263157894736 0.0 0.48105263157894734
0 0.0 0.10105263157894738 0.048026315789473584 0.09894736842105264 0.17592105263157892 0.8484210526315791 0.12460526315789469 0.8715789473684211 0.0 0.18315789473684213
0 0.055131578947368344 0.10631578947368422 0.09934210526315786 0.10210526315789474 0.24539473684210517 0.8631578947368421 0.18618421052631576 0.8768421052631578
0 0.09776315789473682 0.06421052631578948 0.149078947368421 0.05157894736842105 0.37881578947368416 0.8842105263157894 0.3401315789473684 0.9021052631578947
0 0.2059210526315789 0.1536842105263158 0.24697368421052626 0.15157894736842106 0.4443421052631579 0.8884210526315789 0.40249999999999997 0.9115789473684209
0 0.25171052631578944 0.14526315789473684 0.2967105263157894 0.13263157894736843 0.49328947368421044 0.8705263157894736 0.45539473684210513 0.8915789473684211
0 0.3053947368421052 0.11789473684210526 0.35434210526315785 0.10947368421052632 0.5588157894736842 0.9010526315789473 0.5138157894736841 0.9199999999999998
0 0.37960526315789467 0.17157894736842108 0.41828947368421054 0.15894736842105261 0.6046052631578946 0.9073684210526315 0.565921052631579 0.9199999999999998
0 0.41671052631578936 0.1231578947368421 0.4696052631578947 0.10210526315789474 0.6717105263157894 0.9042105263157895 0.6148684210526315 0.9263157894736843
0 0.49723684210526314 0.12842105263157896 0.5564473684210526 0.10842105263157896 0.7498684210526315 0.9157894736842104 0.6803947368421052 0.9357894736842105
0 0.5967105263157895 0.1473684210526316 0.6243421052631579 0.14210526315789473 0.8027631578947367 0.9378947368421052 0.7609210526315789 0.9431578947368421
0 0.6425 0.10947368421052632 0.6819736842105263 0.10736842105263159 0.8603947368421053 0.9242105263157893 0.8122368421052631 0.9452631578947369
0 0.6953947368421052 0.13578947368421052 0.7396052631578947 0.12947368421052632 0.9061842105263157 0.9147368421052632 0.8611842105263158 0.9242105263157893
0 0.7827510698931427 0.11671394699647192 0.8237436096881539 0.10254368632659155 1.0 0.9092363830333524 1.0 0.9628809412836138 0.9702539833999525 0.9689539101421341
0 0.8290574574393589 0.017522122307309332 0.8981374782050257 0.012461314925209202 1.0 0.48007991703126135 1.0 0.8444580485424708
