0 0.08474099 0.00207561 0.11372218 0.27698287 0.14187533 0.27919096 0.11704610 0.00000000 0.09881757 0.00000000
0 0.11979167 0.00122549 0.14430147 0.28063725 0.17371324 0.28267974 0.15196078 0.00000000
0 0.15701593 0.00153186 0.17769608 0.28339461 0.20718444 0.28696895 0.18803615 0.00000000
0 0.19071691 0.00051062 0.21139706 0.28799020 0.23858762 0.29054330 0.22365196 0.00153186
0 0.22633272 0.00153186 0.24126838 0.29156454 0.26999081 0.29207516 0.25888480 0.00102124
0 0.26271446 0.00102124 0.29411765 0.00051062 0.29947917 0.29462827 0.27190564 0.29462827
0 0.29641544 0.00051062 0.30330882 0.29616013 0.33011642 0.29820261 0.32475490 0.00051062
0 0.32705270 0.00051062 0.33279718 0.29871324 0.36190257 0.30024510 0.35998775 0.00051062
0 0.36190257 0.00102124 0.39215686 0.00255310 0.39100797 0.30381944 0.36420037 0.30228758
0 0.39675245 0.00051062 0.42394301 0.00000000 0.41934743 0.30535131 0.39292279 0.30330882
0 0.42547488 0.00051062 0.45458027 0.00000000 0.44577206 0.30688317 0.42087929 0.30433007
0 0.45649510 0.00102124 0.48521752 0.00000000 0.47334559 0.30688317 0.44692096 0.30688317
0 0.48904718 0.00204248 0.51815257 0.00204248 0.50206801 0.31045752 0.47526042 0.30943627
0 0.52227509 0.00139369 0.54930796 0.00283545 0.53164648 0.31137063 0.50461361 0.30944829
0 0.55507497 0.00235486 0.58354960 0.00091311 0.55723760 0.31281238 0.53380911 0.31329296
0 0.58571223 0.00091311 0.59940888 0.00139369 0.57561995 0.31425413 0.56156286 0.31137063
0 0.60445502 0.00139369 0.62031430 0.00091311 0.59472318 0.31521530 0.58066609 0.31281238
0 0.62427912 0.00139369 0.64013841 0.00139369 0.61490773 0.31665705 0.60121107 0.31521530
0 0.64338235 0.00139369 0.65996251 0.00091311 0.63365052 0.31713764 0.62067474 0.31857939
0 0.66212514 0.00139369 0.67654268 0.00043253 0.64878893 0.31857939 0.63689446 0.31954056
0 0.68014706 0.00043253 0.69528547 0.00043253 0.66572953 0.32002115 0.65203287 0.32050173
0 0.69600634 0.00091311 0.71114475 0.00091311 0.67870531 0.32050173 0.66681084 0.32002115
0 0.71619089 0.00043253 0.73168973 0.00139369 0.69636678 0.31954056 0.68230969 0.32242407
0 0.73421280 0.00091311 0.75079296 0.00091311 0.71150519 0.32338524 0.69888985 0.32146290
0 0.75223472 0.00187428 0.76809400 0.00139369 0.72664360 0.32242407 0.71402826 0.32386582
0 0.77061707 0.00091311 0.78739547 0.00000000 0.74430507 0.32386582 0.73168973 0.32338524
0 0.79013480 0.00040850 0.80422794 0.00122549 0.75765931 0.32598039 0.74632353 0.32271242
0 0.80606618 0.00081699 0.82138480 0.00081699 0.77359069 0.32638889 0.76133578 0.32312092
0 0.82107843 0.01388889 0.82751225 0.01388889 0.78370098 0.32393791 0.77573529 0.32516340
0 0.83088235 0.02736928 0.84712010 0.03022876 0.80085784 0.32598039 0.78921569 0.32434641
0 0.85232843 0.03063725 0.86856618 0.03104575 0.82015931 0.32720588 0.80667892 0.32679739
0 0.87806373 0.03553922 0.89246324 0.03758170 0.87162990 0.32720588 0.85906863 0.32516340
0 0.11979167 0.37663399 0.14399510 0.37990196 0.16452206 0.65727124 0.13357843 0.66380719
0 0.14828431 0.38276144 0.16881127 0.38316993 0.18780637 0.65604575 0.17034314 0.66135621
0 0.17248775 0.38684641 0.19087010 0.38643791 0.20802696 0.65931373 0.18995098 0.65931373
0 0.19454657 0.38684641 0.21170343 0.38807190 0.22671569 0.65767974 0.21109069 0.66053922
0 0.21691176 0.39093137 0.23713235 0.39133987 0.24969363 0.65767974 0.22977941 0.66094771
0 0.24203431 0.39215686 0.25919118 0.39256536 0.26746324 0.65849673 0.25214461 0.65931373
0 0.26102941 0.39215686 0.28094363 0.39297386 0.28707108 0.65808824 0.27022059 0.66053922
0 0.28492647 0.39501634 0.30484069 0.39542484 0.30759804 0.65767974 0.29136029 0.66053922
0 0.30698529 0.39460784 0.32506127 0.39542484 0.32843137 0.65890523 0.31035539 0.66013072
0 0.32873775 0.39705882 0.34466912 0.39869281 0.34681373 0.65849673 0.33149510 0.66053922
0 0.34957108 0.39746732 0.36764706 0.39950980 0.36734069 0.65604575 0.34895833 0.65972222
0 0.36979167 0.39869281 0.38602941 0.40155229 0.38694853 0.65522876 0.36979167 0.65645425
0 0.39123775 0.40196078 0.40808824 0.40236928 0.40625000 0.65277778 0.38970588 0.65849673
0 0.41115196 0.40318627 0.42800245 0.40318627 0.42401961 0.65441176 0.40900735 0.65563725
0 0.43045343 0.40441176 0.44485294 0.40522876 0.44178922 0.65196078 0.42616422 0.65686275
0 0.44852941 0.40441176 0.46384804 0.40563725 0.45833333 0.65767974 0.44301471 0.65931373
0 0.46691176 0.40604575 0.48253676 0.40563725 0.47579657 0.65890523 0.46078431 0.66094771
0 0.48682598 0.40727124 0.50306373 0.40767974 0.49387255 0.65972222 0.47916667 0.66135621
0 0.50674020 0.40931373 0.52389706 0.41135621 0.51194853 0.66258170 0.49540441 0.66421569
0 0.52726716 0.41013072 0.54136029 0.41013072 0.53002451 0.65931373 0.51470588 0.66053922
0 0.54626225 0.40808824 0.56188725 0.40890523 0.54748775 0.66217320 0.53339461 0.66217320
0 0.56372549 0.41176471 0.57904412 0.41217320 0.56587010 0.66053922 0.55116422 0.66094771
0 0.58333333 0.41217320 0.59957108 0.41258170 0.58455882 0.66299020 0.56832108 0.66462418
0 0.60294118 0.41339869 0.61764706 0.41462418 0.60355392 0.66217320 0.58854167 0.66339869
0 0.62162990 0.41421569 0.63480392 0.41421569 0.61795343 0.66094771 0.60508578 0.66176471
0 0.63602941 0.41503268 0.65165441 0.41625817 0.63419118 0.65849673 0.62009804 0.66013072
0 0.65441176 0.41748366 0.67156863 0.41707516 0.65196078 0.65972222 0.63848039 0.66217320
0 0.67463235 0.41911765 0.68688725 0.41870915 0.66758578 0.66053922 0.65318627 0.66013072
0 0.69178922 0.41952614 0.70741422 0.41993464 0.68443627 0.65890523 0.67248775 0.66135621
0 0.70986520 0.42116013 0.72212010 0.42116013 0.69822304 0.65767974 0.68627451 0.65849673
0 0.72610294 0.42075163 0.74050245 0.42156863 0.71323529 0.65604575 0.70006127 0.65767974
0 0.74540441 0.42156863 0.75888480 0.42238562 0.73100490 0.65522876 0.71783088 0.65645425
0 0.77634804 0.42034314 0.79319853 0.42238562 0.75582108 0.66094771 0.74325980 0.66299020
0 0.80974265 0.42197712 0.82659314 0.42565359 0.77512255 0.66299020 0.76317402 0.66176471
0 0.82996324 0.42320261 0.84344363 0.42728758 0.79013480 0.66053922 0.78155637 0.65972222
0 0.84528186 0.42197712 0.86090686 0.42483660 0.80514706 0.66013072 0.79381127 0.65727124
0 0.14859069 0.71895425 0.16299020 0.71732026 0.19087010 0.95179739 0.17616422 0.95383987
0 0.17432598 0.71568627 0.19117647 0.71364379 0.21354167 0.93913399 0.19883578 0.94403595
0 0.19546569 0.71895425 0.21231618 0.71568627 0.23100490 0.94158497 0.21599265 0.94444444
0 0.21599265 0.72222222 0.23008578 0.71813725 0.25000000 0.94566993 0.23161765 0.95179739
0 0.23529412 0.72303922 0.25275735 0.71813725 0.26899510 0.94362745 0.25153186 0.95302288
0 0.25796569 0.71486928 0.27267157 0.71323529 0.28553922 0.93709150 0.27205882 0.94035948
0 0.27481618 0.72385621 0.28799020 0.71936275 0.30208333 0.94444444 0.28676471 0.95179739
0 0.29227941 0.72549020 0.31004902 0.72263072 0.32046569 0.94812092 0.30361520 0.95098039
0 0.31250000 0.72222222 0.32873775 0.71936275 0.34007353 0.94444444 0.32352941 0.95016340
0 0.33425245 0.71813725 0.35018382 0.71772876 0.35814951 0.94158497 0.34283088 0.94403595
0 0.35447304 0.71650327 0.36764706 0.71486928 0.37500000 0.93586601 0.35968137 0.94035948
0 0.37193627 0.71650327 0.38572304 0.71486928 0.39062500 0.93423203 0.37775735 0.93668301
0 0.38786765 0.71854575 0.40318627 0.71936275 0.40716912 0.94076797 0.39338235 0.94158497
0 0.40747549 0.72017974 0.42279412 0.71895425 0.42708333 0.93913399 0.41053922 0.94240196 0.40716912 0.72017974
0 0.42800245 0.71486928 0.44148284 0.71486928 0.44178922 0.93341503 0.42984069 0.93178105 0.42800245 0.71527778
0 0.44607843 0.71813725 0.46109069 0.71691176 0.46047794 0.93872549 0.44546569 0.93954248 0.44607843 0.71854575
0 0.46537990 0.72099673 0.48161765 0.71772876 0.47916667 0.93464052 0.46537990 0.94281046
0 0.48621324 0.71772876 0.49785539 0.71486928 0.49479167 0.93055556 0.48314951 0.93750000
0 0.50214461 0.71486928 0.51593137 0.71241830 0.51102941 0.92442810 0.49846814 0.93055556
0 0.51991422 0.71160131 0.53033088 0.71037582 0.52420343 0.92401961 0.51286765 0.92442810
0 0.53768382 0.71241830 0.55055147 0.71160131 0.54166667 0.92401961 0.52818627 0.92483660
0 0.55790441 0.71405229 0.56893382 0.71282680 0.56311275 0.92361111 0.55055147 0.92810458 0.55759804 0.71364379
0 0.57261029 0.71609477 0.58884804 0.71282680 0.58547794 0.91870915 0.57230392 0.92034314
0 0.59099265 0.71568627 0.60539216 0.71241830 0.60937500 0.92238562 0.59589461 0.92769608
0 0.61182598 0.71772876 0.62254902 0.71160131 0.63112745 0.91993464 0.61979167 0.92851307
0 0.63204657 0.71895425 0.64307598 0.71364379 0.65042892 0.91748366 0.63970588 0.92483660
0 0.65379902 0.71977124 0.66452206 0.71486928 0.67034314 0.92156863 0.65870098 0.92606209
0 0.66942402 0.71691176 0.67616422 0.71282680 0.68443627 0.91707516 0.67371324 0.91911765 0.66881127 0.74795752
0 0.69117647 0.71936275 0.70036765 0.71446078 0.70526961 0.92034314 0.69577206 0.92565359 0.69087010 0.71977124
0 0.70710784 0.71527778 0.71537990 0.70996732 0.71905637 0.91625817 0.70741422 0.91993464
0 0.95098039 0.72712418 0.97549020 0.72263072 0.96721814 0.94934641 0.93903186 0.95138889
0 0.94117647 0.73611111 0.94914216 0.73488562 0.93351716 0.95996732 0.92524510 0.95915033
0 0.82383578 0.71732026 0.83547794 0.71364379 0.82506127 0.92728758 0.81678922 0.92687908
0 0.79810049 0.71446078 0.80759804 0.71078431 0.80300245 0.92034314 0.79350490 0.92483660
0 0.78002451 0.71691176 0.79197304 0.71323529 0.78799020 0.92279412 0.77604167 0.92769608
0 0.75765931 0.71405229 0.76807598 0.70915033 0.76838235 0.92075163 0.75765931 0.92320261
0 0.73682598 0.71037582 0.74417892 0.70874183 0.74662990 0.91299020 0.73651961 0.91789216
0 0.72120098 0.71446078 0.73008578 0.70996732 0.73100490 0.91421569 0.72395833 0.91544118
0 0.91819853 0.41421569 0.93075980 0.41503268 0.91237745 0.67034314 0.89613971 0.67156863
0 0.93382353 0.41544118 0.94699755 0.41503268 0.92647059 0.67116013 0.91452206 0.67197712
0 0.94914216 0.41748366 0.95955882 0.41748366 0.94056373 0.66993464 0.92953431 0.67075163
0 0.96047794 0.41625817 0.97242647 0.41544118 0.95098039 0.66789216 0.94178922 0.67034314
0 0.97518382 0.41707516 0.98498775 0.41707516 0.96231618 0.66993464 0.95281863 0.66952614
0 0.87071078 0.73856209 0.88051471 0.73733660 0.86060049 0.95383987 0.85539216 0.93096405
0 0.88419118 0.73937908 0.89307598 0.73815359 0.87254902 0.95955882 0.86427696 0.95955882
0 0.89552696 0.74142157 0.90379902 0.73856209 0.88204657 0.95833333 0.87377451 0.95833333
0 0.90563725 0.74019608 0.91421569 0.73856209 0.89307598 0.95833333 0.88357843 0.96037582
0 0.92371324 0.73529412 0.93167892 0.73447712 0.90625000 0.95629085 0.89828431 0.95669935
