0 0.00650000 0.87583333 0.00012500 0.87566667 0.00012500 0.28233333 0.01425000 0.28150000 0.02150000 0.28283333 0.03075000 0.29083333 0.04162500 0.30566667 0.04112500 0.39066667 0.03612500 0.40066667 0.03362500 0.42733333 0.03387500 0.59666667 0.04837500 0.86533333 0.04275000 0.86983333
0 0.06825000 0.86950000 0.05537500 0.86566667 0.05537500 0.72800000 0.04862500 0.56900000 0.04962500 0.52533333 0.04362500 0.31333333 0.04675000 0.30916667 0.08425000 0.30583333 0.08812500 0.32233333 0.09262500 0.46766667 0.09687500 0.69500000 0.09387500 0.71300000 0.09937500 0.72100000 0.10112500 0.76433333 0.09787500 0.77200000 0.10037500 0.85666667 0.09700000 0.86550000
0 0.12000000 0.87250000 0.10750000 0.87150000 0.10212500 0.86566667 0.10237500 0.75933333 0.09937500 0.71166667 0.09662500 0.53333333 0.08737500 0.29833333 0.09550000 0.29083333 0.13350000 0.28916667 0.14275000 0.29116667 0.14387500 0.29666667 0.14512500 0.45966667 0.15862500 0.86533333 0.14925000 0.86950000
0 0.18125000 0.86783333 0.16462500 0.86533333 0.16237500 0.83100000 0.14862500 0.32800000 0.14887500 0.29500000 0.15750000 0.29116667 0.19575000 0.29116667 0.20125000 0.29316667 0.20312500 0.29766667 0.21812500 0.85800000 0.21125000 0.86550000
0 0.23650000 0.86516667 0.22500000 0.86450000 0.22187500 0.86133333 0.21962500 0.83433333 0.20612500 0.29466667 0.20875000 0.29050000 0.22025000 0.28950000 0.25650000 0.29016667 0.26012500 0.29700000 0.26837500 0.54300000 0.27537500 0.85033333 0.27125000 0.86016667
0 0.29625000 0.86116667 0.28150000 0.86083333 0.27887500 0.85800000 0.27912500 0.77100000 0.27537500 0.74133333 0.26537500 0.29833333 0.26725000 0.29116667 0.28175000 0.28783333 0.31475000 0.28983333 0.31887500 0.29466667 0.32712500 0.51500000 0.33162500 0.75600000 0.33512500 0.80666667 0.33462500 0.85533333
0 0.35825000 0.85550000 0.34175000 0.85450000 0.33812500 0.84200000 0.32737500 0.43500000 0.32187500 0.31366667 0.32212500 0.29366667 0.32825000 0.29016667 0.35925000 0.29116667 0.37000000 0.29350000 0.37387500 0.29866667 0.38887500 0.70366667 0.38937500 0.80433333 0.39262500 0.84266667 0.38900000 0.85150000
0 0.40575000 0.85216667 0.39612500 0.84766667 0.39362500 0.81300000 0.38712500 0.54800000 0.37637500 0.30400000 0.37662500 0.29500000 0.38050000 0.29050000 0.42862500 0.29700000 0.43262500 0.36933333 0.44987500 0.84233333 0.44725000 0.84683333 0.43475000 0.84983333
0 0.47350000 0.84716667 0.45850000 0.84683333 0.45262500 0.83933333 0.43062500 0.29533333 0.43537500 0.27566667 0.44125000 0.27383333 0.48625000 0.27516667 0.48987500 0.30600000 0.49362500 0.44800000 0.49787500 0.50666667 0.50112500 0.51400000 0.50212500 0.52833333 0.51062500 0.81966667 0.50912500 0.83833333 0.50650000 0.84316667
0 0.54150000 0.84683333 0.52200000 0.84216667 0.51737500 0.83866667 0.51662500 0.83333333 0.49787500 0.31566667 0.49812500 0.29100000 0.50600000 0.28683333 0.55387500 0.29133333 0.56237500 0.39033333 0.57037500 0.55200000 0.57737500 0.62733333 0.58962500 0.83533333 0.58400000 0.84216667
0 0.60775000 0.84116667 0.59475000 0.83883333 0.59162500 0.82433333 0.56012500 0.30666667 0.56037500 0.29766667 0.56412500 0.29133333 0.57250000 0.28816667 0.61450000 0.29483333 0.61962500 0.29900000 0.62262500 0.30666667 0.62787500 0.36233333 0.64462500 0.65033333 0.65487500 0.77233333 0.65462500 0.83000000 0.64950000 0.83516667
0 0.67700000 0.83483333 0.66087500 0.83166667 0.65812500 0.80733333 0.62887500 0.33766667 0.62287500 0.29633333 0.62375000 0.29116667 0.63375000 0.28550000 0.67050000 0.28716667 0.67800000 0.28983333 0.68012500 0.29466667 0.71862500 0.80366667 0.72287500 0.82233333 0.72175000 0.82650000 0.71700000 0.82883333
0 0.73425000 0.82516667 0.72387500 0.82366667 0.71912500 0.80266667 0.70237500 0.55666667 0.68787500 0.39766667 0.68237500 0.29566667 0.68700000 0.29350000 0.71675000 0.29816667 0.72087500 0.30333333 0.73362500 0.41966667 0.73862500 0.50600000 0.76512500 0.81333333 0.76462500 0.81800000 0.76100000 0.82016667
0 0.79250000 0.82083333 0.76825000 0.81883333 0.76462500 0.80133333 0.73762500 0.44933333 0.72662500 0.34200000 0.72612500 0.30333333 0.72875000 0.29650000 0.73725000 0.29050000 0.77925000 0.29216667 0.78337500 0.29500000 0.78462500 0.30266667 0.83162500 0.80600000 0.82900000 0.81516667
0 0.84325000 0.81383333 0.83312500 0.81100000 0.82937500 0.78500000 0.80862500 0.53300000 0.78587500 0.30400000 0.78562500 0.29533333 0.79125000 0.29250000 0.82825000 0.29683333 0.83212500 0.30666667 0.83437500 0.32600000 0.84762500 0.48666667 0.85937500 0.59500000 0.86137500 0.64366667 0.87737500 0.79933333 0.87500000 0.80750000
0 0.88875000 0.80683333 0.88087500 0.80666667 0.87537500 0.77700000 0.83937500 0.36266667 0.83212500 0.29700000 0.82887500 0.29166667 0.83800000 0.28550000 0.86850000 0.28683333 0.87162500 0.29066667 0.87412500 0.30833333 0.91487500 0.79700000 0.91125000 0.80316667
0 0.93175000 0.80116667 0.92612500 0.79900000 0.93312500 0.79333333 0.93512500 0.78333333 0.93362500 0.73600000 0.92662500 0.66700000 0.92087500 0.57266667 0.91112500 0.48900000 0.90462500 0.37666667 0.89337500 0.28800000 0.89387500 0.27933333 0.89650000 0.27616667 0.92000000 0.27750000 0.92412500 0.28933333 0.92687500 0.34700000 0.94037500 0.46533333 0.96187500 0.74100000 0.96762500 0.78933333 0.96737500 0.79566667 0.96325000 0.79750000
0 0.99300000 0.79783333 0.97125000 0.79616667 0.96887500 0.78866667 0.94512500 0.48700000 0.92637500 0.30300000 0.92662500 0.27166667 0.93575000 0.26883333 0.95425000 0.27116667 0.96162500 0.27600000 0.96787500 0.31033333 0.97037500 0.35400000 0.98387500 0.44500000 0.99212500 0.52700000 0.99787500 0.57033333 0.99975000 0.57166667 0.99975000 0.79733333
