0 0.028900489049846313 0.2613300745803361 0.1182584151678829 0.2564241492248361 0.17292444055774056 0.8451351918848414 0.0998611950847577 0.8612546609100559
0 0.11983531974643644 0.21647589990147856 0.16188610850786542 0.2143733604634071 0.21602649903820523 0.8493402707609844 0.1818602331695442 0.8549470425958416
0 0.1676680919625619 0.2101682815872642 0.19184729550038354 0.21297166750469282 0.2423082420140983 0.8395284200499843 0.22075721277386598 0.8395284200499843
0 0.1997318183931515 0.21577505342212142 0.2328468145427768 0.20876658862854994 0.27489760330420576 0.8598529679513416 0.24598768603072335 0.8619555073894131
0 0.24283387687361618 0.22068097877762144 0.2717437941470986 0.22418521117440718 0.3085382343133489 0.8542461961164844 0.28067958675890226 0.8612546609100559
0 0.27647450788275935 0.21367251398404993 0.3132689480490097 0.2143733604634071 0.34112759560345635 0.8507419637196987 0.3101151388919025 0.857049582033913
0 0.3164227572061169 0.21577505342212142 0.34953775335574216 0.21367251398404993 0.3710887825959745 0.8507419637196987 0.3437557699010457 0.8535453496371272
0 0.3526915625128494 0.21647589990147856 0.3826527495053675 0.21787759286019287 0.40104996958849265 0.8451351918848414 0.37581949633163525 0.8493402707609844
0 0.3863321935219925 0.21507420694276425 0.4194471896716178 0.21297166750469282 0.4310111565810108 0.8451351918848414 0.40525504846463556 0.8458360383641986
0 0.4257548079858322 0.23750129428219305 0.4636005178711183 0.23609960132347874 0.47201067562340404 0.8535453496371272 0.4388956794737787 0.8584512749926274
0 0.47148504076388614 0.23119367596797868 0.5151127341038688 0.23189452244733585 0.510382020368208 0.8605538144306988 0.47621575449954695 0.8668614327449131
0 0.5198434478395295 0.2382021407615502 0.5613686017414405 0.23680044780283588 0.544548286236869 0.8542461961164844 0.514061464384833 0.8584512749926274
0 0.567150585196137 0.2269885970918358 0.6097270088170839 0.22418521117440718 0.5902785190149229 0.8549470425958416 0.5545353485677084 0.857049582033913
0 0.62422334851766 0.2481266943763265 0.6929337876703218 0.23465405924835364 0.714658411814178 0.8247554778535657 0.6605994633631869 0.8436171670327279
0 0.7187002023525698 0.24610579910713057 0.7949889987647163 0.2333067957355563 0.7889263129571286 0.8368808494687414 0.7308255739677454 0.8442907987891266
0 0.8146927276393766 0.2514948531583197 0.8864345096958323 0.2386958497867455 0.8662255570038729 0.8429435352763293 0.802567356024201 0.8530480116223089
0 0.9000755527629047 0.2420640085687387 0.9869740493383299 0.23802221803034684 0.9440300248679164 0.8267763731227618 0.8707725713595638 0.8341863224431469
