0 0.10075000 0.91683333 0.07625000 0.91216667 0.06850000 0.90850000 0.06737500 0.90400000 0.01762500 0.53633333 0.01212500 0.47800000 0.00287500 0.41500000 0.00012500 0.41100000 0.00025000 0.35183333 0.04375000 0.34483333 0.04912500 0.35900000 0.06337500 0.52166667 0.06862500 0.54500000 0.07162500 0.59200000 0.07662500 0.61933333 0.08137500 0.69333333 0.08437500 0.69733333 0.10512500 0.87766667 0.10712500 0.90833333 0.10462500 0.91500000
0 0.12350000 0.92250000 0.11175000 0.92050000 0.10887500 0.91233333 0.04912500 0.35000000 0.04887500 0.34066667 0.05300000 0.33416667 0.07075000 0.32983333 0.10375000 0.32916667 0.10762500 0.33400000 0.10350000 0.34216667 0.08637500 0.34533333 0.08562500 0.36500000 0.09287500 0.42166667 0.11362500 0.66233333 0.14087500 0.89933333 0.13562500 0.91233333
0 0.15575000 0.90850000 0.14562500 0.90600000 0.14112500 0.88833333 0.12637500 0.76300000 0.12187500 0.68966667 0.11912500 0.68633333 0.11112500 0.61300000 0.08737500 0.35700000 0.08825000 0.34683333 0.11100000 0.34116667 0.14037500 0.34600000 0.14012500 0.34966667 0.13187500 0.35766667 0.13287500 0.38500000 0.15637500 0.69500000 0.17712500 0.89666667 0.17325000 0.90450000
0 0.22075000 0.92383333 0.20125000 0.92050000 0.18950000 0.92250000 0.18625000 0.91716667 0.18162500 0.91700000 0.17837500 0.90033333 0.14662500 0.55233333 0.13437500 0.38533333 0.13412500 0.36433333 0.14275000 0.35250000 0.16325000 0.34916667 0.16575000 0.35383333 0.17575000 0.35083333 0.18737500 0.35366667 0.19487500 0.45733333 0.19837500 0.55566667 0.20562500 0.62300000 0.21212500 0.74433333 0.22737500 0.90166667 0.22662500 0.91933333
0 0.26450000 0.93283333 0.25175000 0.93216667 0.24987500 0.92800000 0.22137500 0.52533333 0.20787500 0.40400000 0.20687500 0.35800000 0.22025000 0.35216667 0.24812500 0.35366667 0.24312500 0.36000000 0.24137500 0.37100000 0.24212500 0.40466667 0.25762500 0.68566667 0.26912500 0.84100000 0.26962500 0.92433333 0.26812500 0.93166667
0 0.28725000 0.91683333 0.27925000 0.91650000 0.27487500 0.90066667 0.25462500 0.58033333 0.24412500 0.37266667 0.24662500 0.36166667 0.25475000 0.35716667 0.27025000 0.36050000 0.27287500 0.36900000 0.29987500 0.90333333 0.29925000 0.91283333
0 0.31100000 0.92616667 0.30362500 0.92366667 0.30162500 0.90966667 0.27487500 0.41266667 0.27537500 0.36600000 0.28275000 0.36083333 0.30250000 0.36116667 0.30712500 0.36866667 0.30537500 0.38166667 0.31112500 0.45533333 0.31887500 0.69400000 0.32737500 0.82600000 0.33012500 0.91466667 0.32987500 0.92000000 0.32625000 0.92316667
0 0.34600000 0.90083333 0.33200000 0.89783333 0.32937500 0.88100000 0.30887500 0.40866667 0.30837500 0.36933333 0.31075000 0.36483333 0.31725000 0.36316667 0.32975000 0.36516667 0.33337500 0.37266667 0.35012500 0.88233333 0.35012500 0.89700000
0 0.37325000 0.92883333 0.35775000 0.92716667 0.35337500 0.92466667 0.35212500 0.91966667 0.33487500 0.42633333 0.33487500 0.37333333 0.33800000 0.36883333 0.35725000 0.36616667 0.36137500 0.37066667 0.36212500 0.37666667 0.37487500 0.81166667 0.37787500 0.92133333
0 0.40475000 0.93783333 0.38475000 0.93583333 0.38137500 0.93166667 0.37987500 0.91766667 0.36412500 0.40766667 0.36462500 0.37300000 0.37300000 0.36850000 0.39275000 0.37016667 0.39537500 0.38433333 0.40212500 0.76033333 0.40562500 0.82600000 0.40687500 0.93600000
0 0.42525000 0.94450000 0.41225000 0.94383333 0.41062500 0.94000000 0.40687500 0.86066667 0.40562500 0.65366667 0.39937500 0.38100000 0.40037500 0.36500000 0.40450000 0.35950000 0.42850000 0.36050000 0.43237500 0.37366667 0.43687500 0.93766667 0.43300000 0.94383333
0 0.45925000 0.95516667 0.44350000 0.95483333 0.43937500 0.95166667 0.43887500 0.94366667 0.43437500 0.39066667 0.43462500 0.36900000 0.44250000 0.36483333 0.46275000 0.36616667 0.46712500 0.36933333 0.46812500 0.37666667 0.46762500 0.95033333
0 0.51050000 0.96383333 0.47675000 0.96316667 0.47312500 0.95900000 0.47162500 0.94533333 0.47562500 0.36433333 0.47787500 0.31066667 0.48600000 0.30450000 0.54625000 0.30650000 0.55237500 0.31366667 0.53837500 0.82233333 0.53912500 0.95600000 0.53400000 0.96216667
0 0.55400000 0.98016667 0.54812500 0.97533333 0.54537500 0.94666667 0.55037500 0.83866667 0.55237500 0.57900000 0.55687500 0.48700000 0.55662500 0.37600000 0.56162500 0.34233333 0.56012500 0.32233333 0.56275000 0.31450000 0.56725000 0.31383333 0.63125000 0.31550000 0.63637500 0.32300000 0.63637500 0.35866667 0.61637500 0.83733333 0.61412500 0.97133333 0.61150000 0.97716667 0.60100000 0.97883333
0 0.63300000 0.98383333 0.61950000 0.98216667 0.61712500 0.96566667 0.62412500 0.84233333 0.63462500 0.49966667 0.63837500 0.48400000 0.63862500 0.38166667 0.64187500 0.33000000 0.64662500 0.32633333 0.64262500 0.32233333 0.71675000 0.32450000 0.72062500 0.33066667 0.68712500 0.86866667 0.68387500 0.97733333 0.67800000 0.98150000
0 0.70325000 0.99116667 0.69350000 0.99083333 0.68912500 0.98666667 0.68662500 0.96000000 0.70337500 0.71066667 0.70887500 0.55566667 0.71687500 0.48700000 0.72087500 0.48766667 0.71762500 0.48566667 0.71612500 0.47466667 0.71662500 0.44066667 0.72137500 0.39833333 0.72587500 0.39266667 0.72787500 0.36166667 0.72587500 0.35733333 0.73287500 0.35366667 0.73275000 0.33450000 0.76075000 0.33183333 0.79500000 0.33483333 0.79737500 0.34200000 0.79562500 0.39266667 0.75337500 0.98266667 0.74750000 0.98750000
0 0.77425000 0.99150000 0.76000000 0.98950000 0.75737500 0.97733333 0.77962500 0.71700000 0.78687500 0.58033333 0.79537500 0.50300000 0.79887500 0.40200000 0.81075000 0.33816667 0.86475000 0.33783333 0.87187500 0.34600000 0.86962500 0.39600000 0.81987500 0.98366667 0.81725000 0.98750000
0 0.84700000 0.96116667 0.83800000 0.96050000 0.82987500 0.95166667 0.82537500 0.94333333 0.82512500 0.93133333 0.83787500 0.79433333 0.84087500 0.78333333 0.85737500 0.53233333 0.86975000 0.42550000 0.87325000 0.42583333 0.87462500 0.43066667 0.87462500 0.49666667 0.86937500 0.94366667 0.86812500 0.95533333 0.86550000 0.95783333
0 0.90500000 0.98816667 0.90037500 0.98366667 0.89987500 0.97566667 0.90112500 0.82166667 0.90387500 0.81466667 0.90037500 0.81133333 0.90012500 0.79566667 0.89962500 0.43533333 0.90350000 0.43150000 0.93675000 0.42983333 0.94062500 0.43166667 0.94262500 0.46533333 0.94087500 0.79633333 0.93837500 0.80666667 0.94137500 0.81833333 0.94287500 0.86000000 0.94212500 0.96800000 0.93950000 0.98150000 0.93475000 0.97816667 0.92650000 0.98650000 0.91600000 0.98250000
0 0.97150000 0.99816667 0.96700000 0.99716667 0.96412500 0.99033333 0.97162500 0.45766667 0.97500000 0.44983333 0.99975000 0.44283333 0.99975000 0.99133333
