0 0.0 0.1228700086805556 0.06534718831380211 0.1095366753472223 0.1090971883138021 0.8912033420138888 0.0390971883138021 0.9028700086805556
0 0.07909718831380211 0.14453667534722228 0.14034718831380208 0.13453667534722227 0.17284718831380208 0.8895366753472221 0.1140971883138021 0.8978700086805556
0 0.1453471883138021 0.15620334201388897 0.2015971883138021 0.15787000868055562 0.2328471883138021 0.8912033420138888 0.17534718831380208 0.8928700086805555
0 0.20909718831380208 0.12620334201388894 0.27534718831380206 0.12620334201388894 0.2878471883138021 0.8995366753472221 0.2315971883138021 0.8995366753472221
0 0.2828471883138021 0.09287000868055562 0.37784718831380204 0.08620334201388895 0.37534718831380204 0.9012033420138889 0.2865971883138021 0.8995366753472221
0 0.38159718831380207 0.07953667534722228 0.4253471883138021 0.08453667534722228 0.41659718831380205 0.9078700086805553 0.37534718831380204 0.9112033420138886
0 0.42409718831380205 0.08453667534722228 0.477847188313802 0.07953667534722228 0.47284718831380207 0.909536675347222 0.4253471883138021 0.909536675347222
0 0.4840971883138021 0.11287000868055562 0.627847188313802 0.11453667534722228 0.607847188313802 0.909536675347222 0.48284718831380213 0.9162033420138886
0 0.6378951747088186 0.1281198003327787 0.692803660565724 0.129783693843594 0.6728369384359402 0.9168053244592346 0.6316555740432612 0.9168053244592346
0 0.6940515806988353 0.07321131447587355 0.7764143094841931 0.07321131447587355 0.7477121464226291 0.9068219633943428 0.6753327787021631 0.908485856905158
0 0.7851497504159735 0.06156405990016639 0.8550332778702163 0.0632279534109817 0.8175956738768719 0.908485856905158 0.7564475873544094 0.9101497504159733
0 0.8525374376039935 0.11148086522462564 0.8912229617304493 0.11314475873544094 0.8600249584026622 0.8602329450915142 0.820091514143095 0.8685524126455907
0 0.9249168053244593 0.059900166389351084 0.9848169717138104 0.0632279534109817 0.947379367720466 0.8951747088186356 0.8874792013311149 0.8968386023294509
