0 0.0367948053232852 0.2290052597916328 0.09038679747681885 0.2246481872588252 0.1328682546716931 0.9034800878702517 0.08581187131737086 0.9060943313899362
0 0.09888308891579371 0.2316195033113174 0.15705000722877538 0.2316195033113174 0.18449956418546332 0.900865844350567 0.13678961995121994 0.9017372588571286
0 0.16162493338822334 0.2699617416000244 0.20933487762246675 0.2682189125869014 0.22763458226025873 0.9017372588571286 0.18646024682522677 0.900865844350567
0 0.2165240473015993 0.2682189125869014 0.2635804306559215 0.2682189125869014 0.2759980873744232 0.9087085749096208 0.23286306929962786 0.9034800878702517
0 0.2720767220948964 0.235976575844125 0.357693197364566 0.23771940485724807 0.35834675824448714 0.9226512070146051 0.2831872570535558 0.9200369634949207
0 0.3655359279236197 0.23249091781787892 0.4420025508743934 0.23074808880475586 0.42893133327597055 0.9304939375736588 0.36684304968346204 0.933979595599905
0 0.4504988423133682 0.3187609539674697 0.5256583435042995 0.31788953946090814 0.5008230300672961 0.9121942329358669 0.44004186823462993 0.919165548988359
0 0.5308868305436687 0.26124759653440915 0.5740218486184641 0.26124759653440915 0.5459187307818549 0.9261368650408512 0.5060515171066653 0.9270082795474127
0 0.5746754094983852 0.2995898348231162 0.5962429185357829 0.3004612493296777 0.564218435419647 0.9270082795474127 0.5472258525416972 0.9226512070146051
0 0.5995107229353885 0.2847757882115703 0.6452599845298685 0.2847757882115703 0.6008178446952308 0.9270082795474127 0.5681398006991738 0.9261368650408512
0 0.65179559332908 0.30656115087560837 0.7289157771597747 0.3100468089018545 0.6733631023664778 0.9496650567180124 0.6086605752542846 0.9418223261589588
0 0.7341442641991439 0.3370606586052617 0.7753185996341758 0.3396749021249462 0.716498120441273 0.9409509116523971 0.6785915894058467 0.9313653520802204
0 0.7864291345928354 0.3353178295921386 0.8066895218703907 0.3353178295921386 0.7413334338782764 0.9444365696786432 0.7230337292404845 0.9426937406655201
0 0.8197607394688136 0.2778044721590781 0.8655100010632936 0.28129013018532417 0.7851220128329931 0.9435651551720818 0.7452547991578032 0.9426937406655201
0 0.8753134142621106 0.32573227001996186 0.9008022885790351 0.33096075705933103 0.8256427873881038 0.9575077872770661 0.8066895218703907 0.9505364712245739
0 0.9145270670573792 0.28041871567876264 0.9445908675337518 0.27867588666563964 0.8746598533821894 0.9653505178361198 0.849824539945186 0.9653505178361198
0 0.9478586719333574 0.2821615446918857 0.968772620090834 0.28390437370500876 0.8975344841794295 0.9566363727705046 0.8766205360219529 0.955764958263943
0 0.9648512548113071 0.33096075705933103 0.9759617897699666 0.3300893425527695 0.9164877496971426 0.9514078857311354 0.900148727699114 0.9505364712245739
