0 0.1341996038244979 0.08296623066202635 0.17923599858798833 0.08582568429780343 0.2102474101016093 0.8721451222956725 0.1786420410361861 0.8739511433851251
0 0.21431095755287796 0.8805732207131188 0.24456181080121178 0.8883993121007473 0.23139480132389745 0.08654196714925126 0.18528723092461336 0.08417747635954438
0 0.23435041481103117 0.0936354395183719 0.28045798521031523 0.09284727592180297 0.2888893441955386 0.8935693722436251 0.2530846376575806 0.8923906164728281
0 0.29550981479296007 0.8999173894522841 0.3277661421906954 0.904763410469784 0.33299375624814365 0.10232368685703847 0.28778891261544876 0.10390982172134365
0 0.34548456830454627 0.10232368685703847 0.38712060849255464 0.1078751588821063 0.37064413808404467 0.9131226873565814 0.33659042035022435 0.908465768692127
0 0.38068561895427366 0.9137048021896382 0.4173588534368495 0.9171974911879783 0.44158467736623025 0.11836664078917263 0.3952861033028425 0.11361806909036361
0 0.4609181478542383 0.11904500817471671 0.5067079463784678 0.12379357987352572 0.4609832402162767 0.9220724229794299 0.42196729433485136 0.9185154136683028
0 0.5498553008375634 0.05068147250011151 0.6488732984879506 0.06069277084075106 0.5914270105978058 0.9387783484306846 0.5551085234988367 0.9488122848063758 0.5102830033856948 0.9357245417076483
0 0.6253030797064192 0.9491206201908606 0.6723516064791761 0.9522968920404982
0 0.6567059923402278 0.13712074332476137 0.711326470186341 0.13484489008117334 0.6703611118017561 0.9575658376382532 0.6225681936864069 0.9530141311510771
0 0.7275419245469058 0.15760342251705384 0.7719210627968728 0.15760342251705384 0.7591193883016899 0.9564279110164592 0.7181540299171051 0.9655313239908114
0 0.7855761822584011 0.1564654958952598 0.8658000090948798 0.1519137894080837 0.828248430575677 0.9712209570997814 0.7685072829314906 0.9769105902087516
