0 0.042912679425837354 0.11961722488038276 0.1523624401913876 0.11961722488038276 0.1523624401913876 0.9976076555023924 0.042912679425837354 0.9976076555023924
0 0.17658492822966512 0.1291866028708134 0.2833433014354067 0.1519138755980861 0.26450358851674644 0.9605263157894736 0.17120215311004788 0.9832535885167464
0 0.2968002392344498 0.11961722488038276 0.3595992822966508 0.12440191387559808 0.32640550239234456 0.9808612440191387 0.27078349282296654 0.9736842105263158
0 0.37215909090909094 0.12081339712918661 0.4152212918660287 0.1255980861244019 0.3667763157894737 0.992822966507177 0.3389653110047847 1.0
0 0.4179126794258373 0.14832535885167464 0.4708433014354067 0.15430622009569378 0.4250897129186603 0.9988038277511961 0.37215909090909094 1.0
0 0.482505980861244 0.14832535885167464 0.5605562200956938 0.15669856459330145 0.49686004784689 0.9964114832535885 0.4349581339712919 0.9916267942583732
0 0.5686303827751197 0.1507177033492823 0.6412978468899522 0.15669856459330145 0.5749102870813398 0.9916267942583732 0.5085227272727273 0.9892344497607656
0 0.6484748803827751 0.15669856459330145 0.7085825358851674 0.1674641148325359 0.6404007177033493 0.972488038277512 0.5811901913875598 0.9712918660287081
0 0.7130681818181819 0.1722488038277512 0.7695873205741627 0.18660287081339713 0.6942284688995215 0.9497607655502392 0.6484748803827751 0.9593301435406699
0 0.7668959330143541 0.2619617224880383 0.8422547846889952 0.26674641148325356 0.7597188995215312 0.9342105263157895 0.7005083732057417 0.9389952153110048
