0 0.016856338097180214 0.05219346984402508 0.054352480463787226 0.05408006820209329 0.07380802603136638 0.44366262914319265 0.03914178120186177 0.4483791250383634
0 0.06461085903578348 0.06068316245533233 0.09184862283039423 0.06068316245533233 0.11201164278224897 0.44271932996415847 0.0826514558348114 0.4450775779117439
0 0.0946785203674967 0.06162646163436644 0.12651486765989886 0.061154812044849335 0.15198394549382063 0.4446059283222269 0.1162564890879026 0.4483791250383634
0 0.13040597677341467 0.06162646163436644 0.15622879179947427 0.06304141040291765 0.18063665805698256 0.4450775779117439 0.1576437405680255 0.4483791250383634
0 0.15905868933657666 0.05455171779161039 0.19018756224470323 0.05738161532871282 0.21424169131007376 0.44319097955367553 0.18382029278622278 0.4483791250383634
0 0.19372493416608125 0.05266511943354208 0.22626875584275907 0.05785326491822991 0.24961541052385403 0.44319097955367553 0.21884027480786522 0.4474358258593292
0 0.2326360253012395 0.055023367381127494 0.26624105855433067 0.05455171779161039 0.34123334328754473 0.4384744836585049 0.31045820757155596 0.4450775779117439
0 0.27154711643639773 0.06162646163436644 0.3012610405759731 0.06068316245533233 0.376607062501325 0.4356445861214025 0.3458319267853362 0.4474358258593292
0 0.3076283100344535 0.055023367381127494 0.3384034457504423 0.0554950169706445 0.41091957013869185 0.43658788530043663 0.3815593831912542 0.44649252668029515
0 0.3465394011696118 0.0554950169706445 0.37554585092491155 0.05455171779161039 0.4470007637367476 0.4361162357109196 0.4165793652128966 0.4446059283222269
0 0.3815593831912542 0.06256976081340054 0.4102120957544162 0.06304141040291765 0.4806057969898388 0.43658788530043663 0.4505381356581256 0.4446059283222269
0 0.41940926274999896 0.05738161532871282 0.4462932893524719 0.05832491450774692 0.5135033558586544 0.4351729365318855 0.48485064329549243 0.4450775779117439
0 0.453368033195228 0.06351305999243476 0.4806057969898388 0.06445635917146886 0.5492308122645724 0.43470128694236837 0.5181019393564458 0.44366262914319265
0 0.4885066985848056 0.06723082060546874 0.5150991244854659 0.06466769521745327 0.586225854002895 0.43375775109167897 0.552905223958694 0.4431558775144024
0 0.5202253752614969 0.08346394806289996 0.5429731130801341 0.08132801023955374 0.627876641558146 0.4316218132683328 0.5958375742079529 0.4431558775144024
0 0.5538663959791997 0.081755197804223 0.5775753058183427 0.08132801023955374 0.6682458664193895 0.4247868122336249 0.6358864083956944 0.4405927521263869
0 0.5868666353498988 0.08517269832157694 0.614099842597563 0.0779105097221998 0.7111782166686484 0.42521399979829416 0.6768964146039417 0.43973837699704843
0 0.010483813719923005 0.5520887065050593 0.043804443764123936 0.5478168308583669 0.06495022821525145 0.9190428245559388 0.036435458273579496 0.9216059499439542
0 0.05149381992817031 0.5512343313757208 0.08193093391085385 0.5503799562463823 0.09763007691244853 0.9139165737799078 0.06911530697077657 0.917761261861931
0 0.09026109142190408 0.5452537054703515 0.11397000126104706 0.5439721427763436 0.10756218779100842 0.5520887065050593 0.1274264095481282 0.9075087603098692 0.09987281162696204 0.9122078235212309
0 0.10820296913801228 0.5512343313757208 0.14152359918221322 0.5499527686817131 0.15465961679579243 0.914343761344577 0.12870797224213593 0.9160525116032541
0 0.14408672457022867 0.5533702691990671 0.1703587597973871 0.5516615189403901 0.18862102818699722 0.9100718856978846 0.16138782093933302 0.9139165737799078
0 0.17260149451190063 0.5123602629908197 0.19791235771855326 0.5080883873441273 0.1995143110860629 0.5495255811170439 0.19182493492201655 0.5516615189403901 0.2142522820671518 0.8711978173129835 0.18798024683999334 0.873760942700999
0 0.19310649761602428 0.5520887065050593 0.22258243957820203 0.5525158940697285 0.2459709587438431 0.9241690753319696 0.2171357981286692 0.9263050131553158
0 0.22738829968073102 0.5546518318930748 0.2575050229899126 0.5537974567637363 0.2780100260940363 0.9233147002026311 0.25269916288738364 0.9292953261080005
0 0.2587865856839203 0.5546518318930748 0.28986448101360773 0.5546518318930748 0.31293260950574686 0.9254506380259774 0.28473823023757683 0.9322856390606852
0 0.2972334665041522 0.5563605821517517 0.3270297991398319 0.5503799562463823 0.34849597426446133 0.9250234504613082 0.32094237634329514 0.9322856390606852
0 0.3331172219363686 0.5584965199750979 0.3581076944695193 0.5584965199750979 0.3773311348796352 0.9292953261080005 0.35266105301998646 0.9310040763666775
0 0.3616319918780405 0.5584965199750979 0.3907875431667164 0.5559333945870825 0.41033137425033417 0.9391206400953931 0.3811758229616584 0.9408293903540701
0 0.40264199808628787 0.5572149572810902 0.4311567680279598 0.5508071438110516 0.4692832581746897 0.9369847022720469 0.4410888789065197 0.9382662649660547
0 0.4375645814979985 0.5537974567637363 0.46351622605165493 0.5486712059877052 0.5099728737094351 0.9365575147073776 0.47921536905324963 0.9468100162594395
0 0.47248716490970905 0.5627683956217904 0.5016427161983849 0.5520887065050593 0.553225614632196 0.9378390774013854 0.5231088913230143 0.9523634546001396
0 0.510293264382937 0.5644771458804674 0.5368856902835973 0.5529430816343978 0.5897501514114162 0.9421109530480778 0.5605946001227403 0.9506547043414627
0 0.548419754529667 0.5589237075397672 0.5711674923483041 0.5533702691990671 0.6192260933735939 0.9365575147073776 0.5958375742079529 0.9442468908714241
0 0.5820607752473699 0.5636227707511288 0.6060900757600146 0.5576421448457595 0.6483816446622698 0.9382662649660547 0.6246727348231268 0.942538140612747
0 0.6147406239445669 0.5619140204924519 0.637167971089702 0.5555062070224132 0.6778575866244475 0.9378390774013854 0.651905942070791 0.9433925157420855
0 0.6464593006212582 0.5602052702337749 0.6772168052774437 0.5546518318930748 0.7098966539746406 0.9374118898367162 0.6813818840329687 0.9429653281774163
0 0.6855469627884938 0.5597780826691057 0.7169452487916832 0.5533702691990671 0.7486639254683745 0.9404022027894008 0.7220714995677141 0.9519362670354703
0 0.7201491555267026 0.5567877697164209 0.7352075171812934 0.5520887065050593 0.7637222871229653 0.9348487644487007 0.7499454881623822 0.9421109530480778
0 0.7499454881623822 0.5610596453631134 0.789033150329618 0.5572149572810902 0.8060138560252204 0.9228875126379618 0.7675669752049885 0.931858451496016
0 0.793198229085143 0.5542246443284055 0.8191498736387994 0.5465352681643592 0.8393344860694213 0.933567201754693 0.8143440135362706 0.933567201754693
0 0.8268392498028458 0.5546518318930748 0.8467034715599657 0.5499527686817131 0.8694512093786028 0.9305768888020083 0.8447811275189541 0.9374118898367162
0 0.8636841772555681 0.5533702691990671 0.8857911337272014 0.5508071438110516 0.9037330114433095 0.9310040763666775 0.8819464456451782 0.9404022027894008
0 0.8944416819117535 0.5508071438110516 0.9178302010773945 0.548244018423036 0.9316070000379777 0.9344215768840315 0.9111019969338541 0.9374118898367162
0 0.9242380145474333 0.5448265179056822 0.9434614549575492 0.5443993303410128 0.963005286041167 0.930149701237339 0.9418595015900395 0.9305768888020083
0 0.9511508311215955 0.5431177676470051 0.9668499741231902 0.542690580082336 0.9918404466563409 0.9245962628966389 0.9652480207556805 0.9292953261080005
