0 0.15725000 0.81750000 0.13575000 0.81516667 0.13237500 0.79366667 0.10712500 0.32200000 0.10537500 0.23666667 0.11150000 0.23216667 0.13100000 0.23383333 0.13662500 0.24033333 0.14112500 0.39433333 0.16187500 0.80666667 0.16112500 0.81466667
0 0.18475000 0.82516667 0.16487500 0.82233333 0.16087500 0.77566667 0.13762500 0.26666667 0.13812500 0.24466667 0.14137500 0.23666667 0.15550000 0.23250000 0.17025000 0.23350000 0.17237500 0.23966667 0.19237500 0.79500000 0.19212500 0.82200000
0 0.21325000 0.82716667 0.19450000 0.82283333 0.19312500 0.80900000 0.17287500 0.25666667 0.17312500 0.23833333 0.17700000 0.23483333 0.20525000 0.23650000 0.20737500 0.24366667 0.20887500 0.37833333 0.22237500 0.80866667 0.22087500 0.82566667
0 0.24425000 0.83450000 0.22850000 0.83416667 0.22487500 0.82500000 0.22037500 0.69066667 0.20862500 0.25033333 0.21025000 0.24416667 0.22575000 0.23883333 0.24125000 0.24016667 0.24437500 0.24433333 0.24512500 0.25633333 0.25462500 0.82633333 0.25225000 0.83183333
0 0.27450000 0.82850000 0.25862500 0.82633333 0.25587500 0.71466667 0.24762500 0.26700000 0.24812500 0.25166667 0.26200000 0.24350000 0.27200000 0.24416667 0.28137500 0.25200000 0.28312500 0.32566667 0.28437500 0.67800000 0.28637500 0.69733333 0.28462500 0.72500000 0.28762500 0.81133333 0.28475000 0.82683333
0 0.30275000 0.82716667 0.29425000 0.82650000 0.28962500 0.82000000 0.28462500 0.25600000 0.28725000 0.24650000 0.29875000 0.24516667 0.31075000 0.24716667 0.31437500 0.25166667 0.31262500 0.35366667 0.31612500 0.81100000 0.31400000 0.82350000
0 0.34300000 0.83883333 0.32250000 0.83850000 0.31837500 0.83433333 0.31737500 0.82666667 0.31487500 0.27166667 0.31825000 0.24916667 0.34600000 0.24983333 0.34937500 0.25266667 0.35062500 0.26000000 0.34812500 0.83433333
0 0.36625000 0.84016667 0.35175000 0.83816667 0.34937500 0.82866667 0.35212500 0.25633333 0.35350000 0.25083333 0.37450000 0.25016667 0.38475000 0.25116667 0.38737500 0.25566667 0.38712500 0.35233333 0.37937500 0.82300000 0.37700000 0.83783333
0 0.39675000 0.82583333 0.38350000 0.82416667 0.38062500 0.81966667 0.38712500 0.54200000 0.38862500 0.30200000 0.39037500 0.25866667 0.39275000 0.25116667 0.41225000 0.25316667 0.42000000 0.25583333 0.42112500 0.25933333 0.40587500 0.81900000 0.40450000 0.82350000
0 0.42950000 0.84483333 0.41150000 0.84283333 0.40737500 0.82933333 0.42237500 0.26900000 0.42750000 0.25850000 0.43975000 0.25783333 0.45400000 0.25983333 0.45637500 0.26466667 0.45612500 0.33033333 0.44537500 0.59200000 0.43987500 0.80800000 0.43637500 0.84000000
0 0.51775000 0.85050000 0.49800000 0.85016667 0.49337500 0.83900000 0.49462500 0.76966667 0.48987500 0.70800000 0.48737500 0.48333333 0.49012500 0.25200000 0.49375000 0.24816667 0.49975000 0.25083333 0.50012500 0.26000000 0.50250000 0.26116667 0.50687500 0.25433333 0.50237500 0.24833333 0.50600000 0.24683333 0.54900000 0.24650000 0.55087500 0.25200000 0.54687500 0.25600000 0.55287500 0.26000000 0.55287500 0.26833333 0.54962500 0.28333333 0.55087500 0.65233333 0.54837500 0.83066667 0.54500000 0.84283333
0 0.57125000 0.85883333 0.56075000 0.85783333 0.55812500 0.84766667 0.56137500 0.83566667 0.56737500 0.72466667 0.56737500 0.65433333 0.57262500 0.54933333 0.57162500 0.46300000 0.57512500 0.44333333 0.57237500 0.43266667 0.56662500 0.43166667 0.57237500 0.43033333 0.57225000 0.42616667 0.56737500 0.42400000 0.57212500 0.42133333 0.56962500 0.41633333 0.57337500 0.41100000 0.57262500 0.40500000 0.56837500 0.40433333 0.57312500 0.40066667 0.57787500 0.33866667 0.58337500 0.19333333 0.58625000 0.18583333 0.59550000 0.18283333 0.62725000 0.18550000 0.63662500 0.18966667 0.63887500 0.20333333 0.63237500 0.29100000 0.62562500 0.47233333 0.61612500 0.74300000 0.61562500 0.84200000 0.61200000 0.85050000 0.60525000 0.85383333
0 0.66375000 0.86483333 0.63875000 0.86350000 0.62675000 0.85883333 0.62287500 0.83800000 0.62712500 0.83766667 0.62887500 0.81100000 0.64487500 0.75266667 0.68937500 0.43933333 0.69637500 0.42533333 0.72787500 0.23733333 0.73837500 0.19933333 0.74725000 0.19750000 0.78400000 0.21083333 0.79912500 0.22233333 0.79937500 0.23166667 0.69087500 0.79100000 0.68387500 0.84533333 0.67800000 0.85883333
0 0.72150000 0.85550000 0.68925000 0.85250000 0.68612500 0.84366667 0.68762500 0.82233333 0.69862500 0.77933333 0.70412500 0.73600000 0.71612500 0.68666667 0.75887500 0.44566667 0.76662500 0.42033333 0.76762500 0.40633333 0.77062500 0.40433333 0.77137500 0.39133333 0.77550000 0.39783333 0.78137500 0.38500000 0.78287500 0.32700000 0.79887500 0.24800000 0.80475000 0.23650000 0.81162500 0.23266667 0.81087500 0.22733333 0.80662500 0.22500000 0.80737500 0.22100000 0.81850000 0.20816667 0.84225000 0.20583333 0.89550000 0.22083333 0.90212500 0.22833333 0.90137500 0.23666667 0.80837500 0.58500000 0.75537500 0.76833333 0.74937500 0.80066667 0.73487500 0.85000000
0 0.78975000 0.86150000 0.75150000 0.85783333 0.74012500 0.84566667 0.73962500 0.83733333 0.77112500 0.74033333 0.78762500 0.66633333 0.79412500 0.65433333 0.80237500 0.61100000 0.80987500 0.59133333 0.84462500 0.45400000 0.84962500 0.43766667 0.85962500 0.42900000 0.86112500 0.39700000 0.86525000 0.38383333 0.86950000 0.38916667 0.87312500 0.38333333 0.87662500 0.33900000 0.88087500 0.32400000 0.88500000 0.32716667 0.88712500 0.32333333 0.88462500 0.31466667 0.89012500 0.31066667 0.88787500 0.30033333 0.89212500 0.27933333 0.89637500 0.26666667 0.90050000 0.27016667 0.90587500 0.26066667 0.90437500 0.25233333 0.90787500 0.24733333 0.90387500 0.24300000 0.90412500 0.23633333 0.91162500 0.21333333 0.91925000 0.21216667 0.92900000 0.21283333 0.93550000 0.21916667 0.95175000 0.21950000 0.95600000 0.22650000 0.96700000 0.22450000 0.97050000 0.23283333 0.97250000 0.22850000 0.98250000 0.23150000 0.98587500 0.23600000 0.98287500 0.25166667 0.95687500 0.32366667 0.91537500 0.46666667 0.89937500 0.53733333 0.84562500 0.70500000 0.83337500 0.75600000 0.82487500 0.76766667 0.80012500 0.85400000 0.79525000 0.86050000
