0 0.007859852107717913 0.1187834779117261 0.050359852107717915 0.1187834779117261 0.06910985210771792 0.9854501445783926 0.019109852107717915 0.9954501445783926
0 0.050359852107717915 0.07545014457839277 0.1716098521077179 0.07378347791172611 0.1853598521077179 0.9821168112450592 0.07535985210771791 0.9954501445783926
0 0.1778598521077179 0.12211681124505942 0.25660985210771786 0.12211681124505942 0.27035985210771785 0.9771168112450592 0.18910985210771789 0.9721168112450593
0 0.26410985210771787 0.1237834779117261 0.3653598521077179 0.12545014457839276 0.3703598521077179 0.9671168112450593 0.27535985210771785 0.9754501445783926
0 0.37410985210771786 0.12545014457839276 0.4666098521077179 0.13045014457839277 0.4691098521077179 0.9821168112450592 0.3753598521077179 0.9854501445783926
0 0.47535985210771786 0.1637834779117261 0.5678598521077178 0.16211681124505942 0.5691098521077179 0.9821168112450592 0.4766098521077179 0.9821168112450592
0 0.5778598521077178 0.2087834779117261 0.6516098521077179 0.2087834779117261 0.649109852107718 0.9854501445783926 0.5816098521077179 0.9837834779117259
0 0.665359852107718 0.1587834779117261 0.704109852107718 0.16045014457839277 0.694109852107718 0.9971168112450592 0.655359852107718 0.998783477911726
0 0.705359852107718 0.1737834779117261 0.770359852107718 0.1737834779117261 0.761609852107718 0.998783477911726 0.699109852107718 0.998783477911726
0 0.780359852107718 0.13545014457839277 0.869109852107718 0.1287834779117261 0.8491098521077179 0.9971168112450592 0.766609852107718 1.0
0 0.866609852107718 0.18045014457839276 0.944109852107718 0.1787834779117261 0.920359852107718 0.998783477911726 0.850359852107718 0.998783477911726
0 0.961609852107718 0.1937834779117261 1.0 0.19711681124505942 0.9953598521077179 1.0 0.929109852107718 1.0
