0 0.07500000 0.49137500 0.05700000 0.49012500 0.05216667 0.48175000 0.04350000 0.39275000 0.02816667 0.27575000 0.02016667 0.23750000 0.01516667 0.16125000 0.01083333 0.15050000 0.00516667 0.10275000 0.00016667 0.09450000 0.00583333 0.08500000 0.01366667 0.08112500 0.01766667 0.08412500 0.06200000 0.08362500 0.07150000 0.08800000 0.07916667 0.19450000 0.11250000 0.48225000 0.11150000 0.48675000 0.10433333 0.49062500
0 0.15166667 0.49162500 0.11933333 0.49087500 0.11416667 0.48700000 0.07550000 0.13550000 0.07216667 0.09550000 0.07766667 0.09362500 0.12733333 0.09362500 0.13383333 0.09600000 0.14550000 0.25675000 0.16816667 0.48125000 0.16600000 0.49037500
0 0.19766667 0.49237500 0.17250000 0.48975000 0.16450000 0.43575000 0.13716667 0.10150000 0.13716667 0.07350000 0.14666667 0.07012500 0.18966667 0.07237500 0.19816667 0.09875000 0.20683333 0.28725000 0.21050000 0.29700000 0.22283333 0.48400000 0.21966667 0.49062500
0 0.26800000 0.49162500 0.23000000 0.49112500 0.22350000 0.48525000 0.20083333 0.10475000 0.20016667 0.08025000 0.20533333 0.07587500 0.24433333 0.07812500 0.25083333 0.08075000 0.25383333 0.09075000 0.26116667 0.24800000 0.25983333 0.29125000 0.26450000 0.32775000 0.27050000 0.46675000 0.27083333 0.48700000
0 0.31100000 0.49487500 0.28500000 0.49437500 0.27250000 0.49050000 0.25650000 0.11000000 0.25683333 0.08025000 0.26000000 0.07712500 0.26966667 0.07587500 0.31200000 0.07962500 0.31550000 0.09050000 0.32016667 0.49025000
0 0.35333333 0.49587500 0.33000000 0.49487500 0.32083333 0.49075000 0.32216667 0.31425000 0.31683333 0.26125000 0.31683333 0.10250000 0.31850000 0.08000000 0.32133333 0.07612500 0.32800000 0.07462500 0.35866667 0.07512500 0.37300000 0.07787500 0.37683333 0.08025000 0.37883333 0.09525000 0.37350000 0.29500000 0.37450000 0.48700000 0.36933333 0.49412500
0 0.41233333 0.49562500 0.38333333 0.49437500 0.37650000 0.49025000 0.38016667 0.07625000 0.38333333 0.07187500 0.39133333 0.07087500 0.42466667 0.07187500 0.43566667 0.07487500 0.44050000 0.09075000 0.42883333 0.25125000 0.42416667 0.47350000 0.42216667 0.49050000
0 0.46733333 0.49637500 0.43133333 0.49512500 0.42650000 0.49100000 0.43883333 0.12975000 0.44083333 0.10400000 0.44733333 0.10112500 0.49466667 0.10237500 0.49816667 0.10375000 0.49916667 0.10850000 0.47816667 0.49075000 0.47500000 0.49562500
0 0.52933333 0.49662500 0.48733333 0.49512500 0.48216667 0.48875000 0.49716667 0.24975000 0.50183333 0.11050000 0.50600000 0.09912500 0.51966667 0.09837500 0.54500000 0.09987500 0.55583333 0.10550000 0.55916667 0.11350000 0.53783333 0.48075000 0.53550000 0.49425000
0 0.58500000 0.49987500 0.54566667 0.49837500 0.54050000 0.49075000 0.54683333 0.43575000 0.54883333 0.34450000 0.56316667 0.10575000 0.56516667 0.09975000 0.57433333 0.09537500 0.61933333 0.09712500 0.62450000 0.09950000 0.59716667 0.49350000 0.59533333 0.49837500
0 0.64466667 0.49912500 0.60466667 0.49837500 0.59850000 0.49425000 0.62116667 0.21700000 0.62683333 0.11025000 0.62850000 0.10250000 0.63633333 0.10037500 0.68316667 0.10350000 0.64950000 0.49275000
0 0.70533333 0.50262500 0.66266667 0.50212500 0.65316667 0.49800000 0.65816667 0.42350000 0.66616667 0.34550000 0.66983333 0.34200000 0.66983333 0.30350000 0.68716667 0.10350000 0.69366667 0.09812500 0.74066667 0.09737500 0.74850000 0.09950000 0.74916667 0.10500000 0.70950000 0.49650000
0 0.75600000 0.50937500 0.71766667 0.50662500 0.71116667 0.49900000 0.74650000 0.16650000 0.75150000 0.09075000 0.75783333 0.07625000 0.76466667 0.07037500 0.77133333 0.06837500 0.81633333 0.06887500 0.82650000 0.07250000 0.82650000 0.08075000 0.78216667 0.45900000 0.77383333 0.50550000
0 0.12833333 0.91562500 0.09600000 0.91337500 0.09050000 0.90450000 0.06050000 0.72375000 0.04383333 0.59575000 0.06833333 0.57962500 0.07866667 0.57737500 0.12333333 0.58062500 0.12983333 0.58400000 0.12816667 0.60000000 0.14516667 0.75500000 0.16583333 0.90475000 0.15666667 0.91312500
0 0.19566667 0.91637500 0.17300000 0.91337500 0.16816667 0.90600000 0.13283333 0.63225000 0.13083333 0.58800000 0.13900000 0.57962500 0.15733333 0.57462500 0.17933333 0.57612500 0.18016667 0.57800000 0.20383333 0.83275000 0.21283333 0.90175000 0.21183333 0.91225000
0 0.23433333 0.91437500 0.21616667 0.91200000 0.21250000 0.89725000 0.20450000 0.83200000 0.20350000 0.77925000 0.19950000 0.73650000 0.19683333 0.73300000 0.18116667 0.60100000 0.18150000 0.59350000 0.18900000 0.58812500 0.19666667 0.58962500 0.21700000 0.58837500 0.22050000 0.59575000 0.21550000 0.61250000 0.22250000 0.70750000 0.24516667 0.89850000 0.24450000 0.91225000
0 0.27166667 0.92537500 0.25233333 0.92262500 0.24783333 0.92075000 0.24650000 0.91675000 0.24550000 0.88600000 0.22983333 0.73775000 0.22316667 0.69725000 0.21883333 0.63950000 0.21950000 0.60750000 0.23633333 0.58912500 0.24833333 0.58587500 0.25833333 0.58812500 0.26366667 0.58637500 0.27033333 0.58837500 0.29516667 0.58800000 0.28950000 0.59975000 0.28950000 0.61150000 0.31083333 0.91375000 0.30850000 0.92025000 0.29933333 0.92387500
0 0.36233333 0.93037500 0.31866667 0.92887500 0.31316667 0.92275000 0.29216667 0.61250000 0.29500000 0.59912500 0.30600000 0.60137500 0.35800000 0.60087500 0.36383333 0.60350000 0.36183333 0.63425000 0.36483333 0.71425000 0.36316667 0.72125000 0.37483333 0.92475000 0.37133333 0.92912500
0 0.42266667 0.94037500 0.38800000 0.93662500 0.38083333 0.93400000 0.37750000 0.92800000 0.36750000 0.75025000 0.36383333 0.61450000 0.37283333 0.59500000 0.37733333 0.59062500 0.38433333 0.58887500 0.43166667 0.58912500 0.43316667 0.59175000 0.42850000 0.63775000 0.42816667 0.71000000 0.43350000 0.92425000 0.42850000 0.93800000
0 0.45933333 0.93337500 0.44566667 0.93187500 0.43816667 0.92600000 0.43650000 0.92100000 0.43116667 0.77250000 0.43016667 0.65625000 0.43200000 0.64762500 0.43566667 0.64887500 0.46366667 0.64737500 0.46683333 0.64650000 0.46633333 0.64262500 0.47066667 0.64562500 0.47466667 0.64162500 0.47916667 0.72125000 0.48250000 0.92475000 0.48150000 0.92850000 0.47500000 0.93187500
0 0.50666667 0.95912500 0.48700000 0.95537500 0.48416667 0.94625000 0.47816667 0.64650000 0.48250000 0.62650000 0.49366667 0.60287500 0.51000000 0.60687500 0.54900000 0.60562500 0.55016667 0.62325000 0.55616667 0.63100000 0.55150000 0.94400000 0.54533333 0.95262500
0 0.57700000 0.95787500 0.56066667 0.95737500 0.55250000 0.95150000 0.55483333 0.93475000 0.55683333 0.66175000 0.56066667 0.59887500 0.56466667 0.60112500 0.59733333 0.60037500 0.60366667 0.60337500 0.60883333 0.62250000 0.61383333 0.63050000 0.60850000 0.80200000 0.60050000 0.94425000 0.59366667 0.95562500
0 0.62424242 0.62045455 0.68636364 0.61761364 0.66287879 0.95284091 0.60378788 0.94943182
0 0.69400000 0.94137500 0.67366667 0.94037500 0.66950000 0.93675000 0.68816667 0.66175000 0.69350000 0.62375000 0.70166667 0.62437500 0.70733333 0.62737500 0.71700000 0.62362500 0.72116667 0.62800000 0.72283333 0.63575000 0.72083333 0.67325000 0.69850000 0.93550000
0 0.72600000 0.95637500 0.70500000 0.95537500 0.70116667 0.94600000 0.72916667 0.62875000 0.72850000 0.60725000 0.72450000 0.60325000 0.72900000 0.59912500 0.73116667 0.60000000 0.72883333 0.60775000 0.73316667 0.60900000 0.73833333 0.61612500 0.74800000 0.61612500 0.75200000 0.62087500 0.76600000 0.62187500 0.77150000 0.62575000 0.77216667 0.63125000 0.73816667 0.93925000 0.73450000 0.95425000
0 0.77933333 0.94687500 0.74900000 0.94437500 0.74066667 0.94137500 0.73883333 0.93800000 0.77250000 0.63625000 0.77150000 0.61900000 0.76550000 0.60450000 0.76733333 0.60112500 0.79900000 0.60412500 0.80666667 0.60287500 0.82300000 0.61762500 0.83050000 0.61925000 0.83383333 0.62600000 0.79650000 0.91625000 0.79183333 0.94075000 0.78733333 0.94537500
0 0.84233333 0.95462500 0.80433333 0.95162500 0.79683333 0.94725000 0.79450000 0.93800000 0.81850000 0.76200000 0.82516667 0.73350000 0.83683333 0.62725000 0.83683333 0.61925000 0.83183333 0.61150000 0.83700000 0.60937500 0.86900000 0.60812500 0.90083333 0.63875000 0.90150000 0.65475000 0.85483333 0.94325000 0.85150000 0.95300000
0 0.87466667 0.94737500 0.85766667 0.94612500 0.85583333 0.93900000 0.90283333 0.64425000 0.89916667 0.63425000 0.87683333 0.61275000 0.87516667 0.60750000 0.87700000 0.60587500 0.88866667 0.60762500 0.89666667 0.60612500 0.91633333 0.60987500 0.92350000 0.62050000 0.93883333 0.63100000 0.94050000 0.63600000 0.93216667 0.70150000 0.90983333 0.81825000 0.89050000 0.94225000 0.88866667 0.94487500
0 0.95454545 0.63920455 0.99924242 0.64090909 0.94696970 0.95227273 0.89318182 0.95511364 0.94393939 0.64375000
