0 0.06192418312332018 0.2333599288122641 0.09697248720102927 0.22849210880147117 0.10354404421559976 0.762978745986535 0.06265435612493912 0.7707672580038036
0 0.09624231419941036 0.22946567280362976 0.13786217529168993 0.23238636481010552 0.1466242513111172 0.7668730019951693 0.10208369821236185 0.7727143860081208
0 0.137132002290071 0.22946567280362976 0.1802122093855884 0.23725418482089844 0.1948156694179672 0.7707672580038036 0.14808459731435508 0.7785557700210723
0 0.1802122093855884 0.2411484408295328 0.2196415514730112 0.23725418482089844 0.24081656851996044 0.769793694001645 0.1962760154212051 0.779529334023231
0 0.2240225894827248 0.24796338884464292 0.26345193157014757 0.24698982484248433 0.2868174676219536 0.7707672580038036 0.245927779531293 0.7824500260297067
0 0.26564245057500435 0.2528312088554358 0.30215110065595135 0.2489369528468015 0.32916750171585213 0.7756350780145966 0.29046833263004834 0.7824500260297067
0 0.30580196566404605 0.2489369528468015 0.33938992373851723 0.24601626084032574 0.3729778818129885 0.7746615140124381 0.3320881937223279 0.7853707180361825
0 0.34377096174823085 0.24698982484248433 0.379549438827559 0.2489369528468015 0.41897878091498175 0.7775822060189138 0.37735891982270214 0.7902385380469754
0 0.38100978483079684 0.2557519008619116 0.41751843491174384 0.2528312088554358 0.4605986420072612 0.7814764620275483 0.4197089539166006 0.7902385380469754
0 0.42189947292145746 0.254778336859753 0.4554874309959287 0.254778336859753 0.5044090221043978 0.7853707180361825 0.463519334013737 0.7921856660512926
0 0.4605986420072612 0.2606197208727045 0.4941866000817325 0.25672546486407016 0.5482194022015341 0.7882914100426582 0.5073297141108735 0.7921856660512926
0 0.49783746508982724 0.2878795129331449 0.5533306132128666 0.27814387291155906 0.6168556643537143 0.7941327940556097 0.5511400942080098 0.7990006140664028
0 0.5954835399725839 0.3096002709055197 0.6183264914951928 0.30847222391674894 0.6868553460630201 0.7980446170432841 0.656398077366208 0.8025568049983673
0 0.6259408086693959 0.3096002709055197 0.6538599716414737 0.30283198897289487 0.7206967557261446 0.8025568049983673 0.6902394870293325 0.8036848519871381
0 0.656398077366208 0.3050880829504365 0.6775489584056609 0.2994478480065824 0.7477698834566443 0.8014287580095966 0.7223888262093009 0.8059409459646798
0 0.6809330993719732 0.3118563648830614 0.7096982975856292 0.3073441769279781 0.7782271521534564 0.8014287580095966 0.7477698834566443 0.804812898975909
0 0.7266190024171915 0.30396003596166565 0.7579223063555817 0.2994478480065824 0.8289892666481431 0.804812898975909 0.7849954340860813 0.8093250869309923
0 0.7706128349792533 0.30057589499535325 0.8179908085076277 0.2983198010178116 0.8983641564575486 0.8149653218748463 0.8442179009965493 0.8228616507962421
0 0.8289892666481431 0.30057589499535325 0.8729830992102051 0.2983198010178116 0.9525104119185479 0.8194775098299296 0.9000562269407049 0.8194775098299296
0 0.8831355221091425 0.2983198010178116 0.9279753899127826 0.30396003596166565 0.9990423502053442 0.7596910194250762 1.0 0.8251177447737837 0.9550485176432822 0.8217336038074713
