0 0.0 0.22594875015835517 0.05255164861915309 0.22964775834107176 0.06781005737285892 0.9999662123917961 0.01579275480340725 1.0000000000000002
0 0.06295510913304343 0.23982003084354228 0.09624618277749249 0.24074478288922144 0.1149724117024951 0.9805464194325341 0.0851491582293428 0.9851701796609297
0 0.1087303353941609 0.2832833769904619 0.14410210114138802 0.28420812903614107 0.153811997621019 0.9712988989757426 0.12190805204508866 0.9768474112498174
0 0.14687635727842543 0.3193487067719484 0.1711510984775029 0.32027345881762753 0.18086099495713387 0.9602018744275929 0.15589268972379708 0.9629761305646304
0 0.1711510984775029 0.19635668469662265 0.23079760542380748 0.1972814367423018 0.2412010659376978 0.9851701796609297 0.18432881512843063 0.9879444357979672
0 0.24328175804047586 0.22687350220403432 0.3077832132265959 0.22779825424971348 0.2973797527127056 0.9722236510214217 0.24397532207473524 0.9814711714782132
0 0.309863905329374 0.2666378401682374 0.37089754034419736 0.27126160039663305 0.35702625965901025 0.9694493948843844 0.30292826498678044 0.9722236510214217
0 0.3736717964812348 0.31564969858923186 0.4437217639414297 0.32027345881762753 0.42360840694790836 0.9759226592041383 0.3639619000016038 0.9759226592041383
0 0.4464960200784671 0.303627921995403 0.48880342616828776 0.3064021781324404 0.47007719724328517 0.9565028662448765 0.4284633551877238 0.9555781141991972
0 0.48810986213402846 0.26756259221391654 0.5324979603266272 0.26756259221391654 0.5089167831618091 0.940782081468331 0.47493214548310064 0.9454058416967267
0 0.5422078568062582 0.2657130881225582 0.5865959549988569 0.26756259221391654 0.5539984453886672 0.9491048498794433 0.5116910392988465 0.9463305937424058
0 0.5893702111358944 0.28420812903614107 0.6289033610886776 0.28420812903614107 0.5935315953414505 0.9454058416967267 0.5574662655599639 0.9426315855596892
0 0.6344518733627524 0.28513288108182017 0.6739850233155358 0.2832833769904619 0.6344518733627524 0.9417068335140101 0.5963058514784878 0.9417068335140101
0 0.6781464075210919 0.28513288108182017 0.7183731215081345 0.28790713721885763 0.6739850233155358 0.9370830732856145 0.6393068216025679 0.9389325773769727
0 0.7239216337822093 0.2832833769904619 0.7613740916322145 0.28790713721885763 0.7218409416794312 0.9380078253312936 0.6816142276923886 0.9380078253312936
0 0.7676161679405488 0.2860576331274993 0.8064557538590726 0.2897566413102159 0.7655354758377706 0.9380078253312936 0.7294701460562842 0.935233569194256
0 0.8106171380646288 0.297154657675649 0.8480695959146339 0.29622990562996987 0.8106171380646288 0.935233569194256 0.7745518082831422 0.9315345610115396
0 0.8626344406340805 0.28790713721885763 0.8952319502442702 0.2925308974472533 0.8508438520516713 0.9324593130572187 0.8244884187498159 0.9370830732856145
0 0.9153453072377914 0.27958436880774534 0.9479428168479811 0.2805091208534245 0.9056354107581605 0.9472553457880849 0.8758121572850082 0.9500296019251224
0 0.9500235089507593 0.3498655242793601 0.9992665553831734 0.3517150283707183 0.9666690457729837 0.935233569194256 0.9132646151350134 0.9380078253312936
