0 0.12375000 0.46850000 0.09975000 0.46716667 0.09912500 0.46166667 0.09925000 0.00016667 0.12787500 0.00033333 0.12962500 0.45666667 0.12837500 0.46666667
0 0.17800000 0.47283333 0.13500000 0.47150000 0.13237500 0.46633333 0.12962500 0.26966667 0.12925000 0.00016667 0.18162500 0.00033333 0.18037500 0.36600000 0.18212500 0.45700000 0.18187500 0.46700000
0 0.22925000 0.47550000 0.18850000 0.47483333 0.18387500 0.47133333 0.18312500 0.46700000 0.18212500 0.20866667 0.18400000 0.00016667 0.22650000 0.00016667 0.23562500 0.00600000 0.23387500 0.45633333 0.23337500 0.47166667
0 0.27550000 0.47850000 0.23625000 0.47616667 0.23462500 0.47300000 0.23612500 0.01800000 0.23712500 0.00766667 0.24050000 0.00450000 0.27200000 0.00416667 0.28350000 0.00616667 0.28787500 0.01000000 0.28562500 0.16133333 0.28562500 0.46600000 0.28350000 0.47716667
0 0.31475000 0.48183333 0.29225000 0.48050000 0.28687500 0.47700000 0.28862500 0.02100000 0.29012500 0.01000000 0.29500000 0.00716667 0.33075000 0.00950000 0.33825000 0.01150000 0.34137500 0.01566667 0.33637500 0.47566667 0.33400000 0.48050000
0 0.37700000 0.48383333 0.34650000 0.48316667 0.33662500 0.47866667 0.33912500 0.42066667 0.34162500 0.02500000 0.34237500 0.01733333 0.34550000 0.01416667 0.38875000 0.02116667 0.39062500 0.02500000 0.38562500 0.46966667 0.38287500 0.48200000
0 0.43600000 0.48683333 0.39925000 0.48650000 0.38900000 0.48416667 0.38762500 0.48033333 0.39212500 0.04300000 0.39412500 0.02166667 0.39675000 0.01650000 0.40025000 0.01550000 0.43150000 0.01683333 0.44800000 0.02116667 0.45062500 0.02566667 0.44887500 0.03666667 0.44937500 0.20566667 0.44512500 0.42433333 0.44437500 0.44000000 0.44212500 0.44366667 0.44037500 0.48266667
0 0.49825000 0.48883333 0.45250000 0.48750000 0.44725000 0.48683333 0.44662500 0.48400000 0.44737500 0.45100000 0.45150000 0.45416667 0.45612500 0.44766667 0.44850000 0.44483333 0.44737500 0.43800000 0.44937500 0.42533333 0.45212500 0.27733333 0.45412500 0.02533333 0.45487500 0.01733333 0.45900000 0.01483333 0.49225000 0.01750000 0.50975000 0.02350000 0.51187500 0.02900000 0.50362500 0.40600000 0.50037500 0.48666667
0 0.55325000 0.49050000 0.52575000 0.49050000 0.50512500 0.48666667 0.50462500 0.43900000 0.51512500 0.02966667 0.51650000 0.02383333 0.52175000 0.02150000 0.55775000 0.02516667 0.56825000 0.02850000 0.57037500 0.03233333 0.55862500 0.43466667 0.55687500 0.47933333
0 0.59475000 0.49083333 0.56125000 0.49050000 0.55912500 0.48300000 0.57162500 0.04100000 0.57312500 0.03333333 0.57625000 0.03083333 0.61525000 0.03716667 0.62375000 0.04016667 0.62512500 0.04533333 0.60887500 0.43766667 0.60512500 0.48700000 0.60350000 0.49016667
0 0.64650000 0.49250000 0.61450000 0.49183333 0.61087500 0.49033333 0.60987500 0.48300000 0.62212500 0.19966667 0.62662500 0.04500000 0.62850000 0.04116667 0.63400000 0.03950000 0.67300000 0.04450000 0.67962500 0.04866667 0.66112500 0.48666667 0.65825000 0.49216667
0 0.70550000 0.49450000 0.66725000 0.49150000 0.66462500 0.49000000 0.66337500 0.48333333 0.67587500 0.24466667 0.68137500 0.05766667 0.68437500 0.04533333 0.69100000 0.04250000 0.70900000 0.04350000 0.72500000 0.04783333 0.72887500 0.05066667 0.73012500 0.05666667 0.72712500 0.09200000 0.72587500 0.19366667 0.71562500 0.35733333 0.71287500 0.47366667 0.71162500 0.49066667
0 0.74075000 0.49450000 0.71800000 0.49383333 0.71087500 0.49066667 0.71362500 0.46300000 0.71937500 0.29566667 0.72387500 0.24633333 0.72887500 0.12800000 0.72862500 0.09100000 0.73037500 0.06366667 0.73250000 0.05816667 0.76375000 0.06316667 0.76787500 0.06666667 0.76937500 0.07200000 0.74887500 0.47166667 0.74737500 0.49033333
0 0.79525000 0.49583333 0.75825000 0.49450000 0.74962500 0.48900000 0.75962500 0.30066667 0.76237500 0.27766667 0.77112500 0.07200000 0.77550000 0.06083333 0.78650000 0.05816667 0.81475000 0.06050000 0.82175000 0.06416667 0.82337500 0.06800000 0.80412500 0.41800000 0.79937500 0.48866667
0 0.83700000 0.49650000 0.80250000 0.49450000 0.80012500 0.49066667 0.82037500 0.12200000 0.82387500 0.07233333 0.82650000 0.06583333 0.83325000 0.06350000 0.86400000 0.06416667 0.87087500 0.06833333 0.87137500 0.07833333 0.85962500 0.26933333 0.84412500 0.49066667 0.84225000 0.49583333
0 0.13250000 0.99966667 0.11025000 0.99966667 0.10962500 0.99500000 0.10987500 0.95866667 0.11112500 0.95533333 0.11037500 0.67766667 0.11137500 0.63800000 0.11500000 0.63250000 0.13100000 0.63183333 0.13337500 0.63633333
0 0.15100000 0.99966667 0.13137500 0.99966667 0.13137500 0.96166667 0.13312500 0.94433333 0.13437500 0.63833333 0.13775000 0.63250000 0.14525000 0.63116667 0.15450000 0.63150000 0.15612500 0.63500000 0.15162500 0.76766667
0 0.17200000 0.99966667 0.15187500 0.99966667 0.15562500 0.65833333 0.15712500 0.63633333 0.16475000 0.63416667 0.17775000 0.63416667 0.17937500 0.63866667 0.17562500 0.78500000 0.17462500 0.94066667 0.17262500 0.95733333
0 0.19450000 0.99966667 0.17450000 0.99966667 0.17412500 0.99800000 0.18037500 0.64166667 0.18200000 0.63450000 0.18800000 0.63250000 0.19900000 0.63316667 0.20262500 0.63833333
0 0.21575000 0.99966667 0.19575000 0.99966667 0.19562500 0.98500000 0.19812500 0.94366667 0.20312500 0.63833333 0.20500000 0.63550000 0.22125000 0.63250000 0.22462500 0.64033333 0.21937500 0.79700000
0 0.23600000 0.99966667 0.21625000 0.99966667 0.21612500 0.99266667 0.22562500 0.63666667 0.22875000 0.63150000 0.23650000 0.63083333 0.24425000 0.63116667 0.24587500 0.63900000
0 0.25650000 0.99966667 0.23725000 0.99966667 0.23662500 0.98633333 0.24587500 0.64466667 0.24825000 0.63550000 0.26375000 0.63516667 0.26762500 0.63933333
0 0.27650000 0.99966667 0.25787500 0.99966667 0.26587500 0.69633333 0.26837500 0.63900000 0.27125000 0.63583333 0.28725000 0.63550000 0.28937500 0.63933333 0.28962500 0.65366667 0.28237500 0.79933333 0.28087500 0.89466667
0 0.29600000 0.99966667 0.27850000 0.99966667 0.27812500 0.99666667 0.29087500 0.63833333 0.29362500 0.62400000 0.29650000 0.61850000 0.29900000 0.61650000 0.31275000 0.61616667 0.31437500 0.61933333 0.31112500 0.63066667 0.31012500 0.64933333
0 0.31575000 0.99966667 0.29875000 0.99966667 0.29837500 0.98600000 0.31037500 0.64600000 0.31412500 0.62500000 0.31750000 0.61850000 0.32025000 0.61783333 0.33025000 0.61850000 0.33112500 0.62033333 0.33037500 0.62800000 0.32787500 0.63100000 0.32787500 0.67866667
0 0.33525000 0.99966667 0.31762500 0.99966667 0.32062500 0.87700000 0.33012500 0.63800000 0.33600000 0.61883333 0.34975000 0.61750000 0.35187500 0.61933333 0.34987500 0.63466667 0.33812500 0.95733333
0 0.35450000 0.99966667 0.33712500 0.99966667 0.34212500 0.83566667 0.35112500 0.63833333 0.35362500 0.62333333 0.35750000 0.61883333 0.36925000 0.61750000 0.37087500 0.62033333 0.37012500 0.65133333
0 0.37375000 0.99966667 0.35662500 0.99966667 0.36462500 0.76966667 0.37415254 0.63333333 0.37584746 0.63333333 0.38050847 0.63163842 0.38025000 0.63116667 0.38350000 0.63116667 0.38305085 0.63220339 0.38728814 0.63276836 0.39062500 0.64000000 0.37862500 0.86433333 0.37787500 0.91733333
0 0.39425000 0.99966667 0.37750000 0.99966667 0.37687500 0.99566667 0.38062500 0.87866667 0.38637500 0.78433333 0.39137500 0.64233333 0.39275000 0.63550000 0.40500000 0.63516667 0.40787500 0.63100000 0.40720339 0.63615819 0.40962500 0.65900000 0.40387500 0.76133333
0 0.41400000 0.99966667 0.39600000 0.99966667 0.39537500 0.99366667 0.41037500 0.64666667 0.41212500 0.62800000 0.41637500 0.63000000 0.41687500 0.62300000 0.42000000 0.61650000 0.42837500 0.62500000 0.43037500 0.65066667
0 0.43275000 0.99966667 0.41600000 0.99966667 0.41562500 0.99300000 0.43112500 0.64266667 0.43600000 0.63116667 0.44750000 0.63250000 0.44962500 0.64033333
0 0.45125000 0.99966667 0.43375000 0.99966667 0.43337500 0.99400000 0.44012500 0.87166667 0.44887500 0.63833333 0.45112500 0.62566667 0.45525000 0.62216667 0.46687500 0.63433333 0.46762500 0.64666667
0 0.48775000 0.99966667 0.45437500 0.99966667 0.45862500 0.86166667 0.46987500 0.64766667 0.46837500 0.60366667 0.46037500 0.57633333 0.46500000 0.57283333 0.47725000 0.57050000 0.48450000 0.57216667 0.49900000 0.59283333 0.50637500 0.59966667 0.50737500 0.60366667
0 0.50950000 0.99966667 0.49225000 0.99966667 0.49187500 0.99333333 0.50462500 0.70900000 0.50562500 0.64433333 0.51000000 0.63650000 0.52150000 0.63550000 0.52537500 0.64100000 0.52562500 0.65133333 0.52162500 0.71333333 0.51937500 0.72066667 0.52037500 0.75633333 0.51837500 0.77566667 0.51437500 0.90833333
0 0.52325000 0.99966667 0.50925000 0.99966667 0.50912500 0.99566667 0.51112500 0.97966667 0.51612500 0.81466667 0.52087500 0.79533333 0.52012500 0.76766667 0.52362500 0.75666667 0.52112500 0.74500000 0.52262500 0.74000000 0.51762500 0.73400000 0.51762500 0.72700000 0.51937500 0.72500000 0.51862500 0.72100000 0.52137500 0.71700000 0.52312500 0.70566667 0.52487500 0.64266667 0.52775000 0.63616667 0.53325000 0.63516667 0.54100000 0.63716667 0.54287500 0.64300000 0.54137500 0.69066667 0.53837500 0.70766667 0.53737500 0.73800000 0.53562500 0.74033333 0.53462500 0.75533333 0.52962500 0.89400000
0 0.53900000 0.99966667 0.52750000 0.99966667 0.52712500 0.99433333 0.54437500 0.64233333 0.54550000 0.63983333 0.55150000 0.63916667 0.55587500 0.64300000 0.54587500 0.87333333 0.54037500 0.93566667 0.54112500 0.95766667
0 0.54775000 0.99966667 0.53962500 0.99966667 0.54037500 0.95466667 0.54737500 0.85800000 0.54762500 0.81433333 0.55112500 0.77166667 0.55587500 0.64133333 0.55662500 0.63766667 0.56050000 0.63383333 0.56187500 0.63833333 0.56562500 0.64133333 0.56612500 0.65166667 0.56112500 0.76000000 0.55787500 0.79166667 0.55687500 0.83733333 0.55062500 0.91100000
0 0.56075000 0.99966667 0.54850000 0.99966667 0.54837500 0.99600000 0.56712500 0.64966667 0.56612500 0.63733333 0.55862500 0.62700000 0.56275000 0.62483333 0.57600000 0.62716667 0.57962500 0.64300000
0 0.57225000 0.99966667 0.56112500 0.99966667 0.56212500 0.96733333 0.57162500 0.79900000 0.57487500 0.77566667 0.57487500 0.74066667 0.57962500 0.64366667 0.58025000 0.63916667 0.58800000 0.63816667 0.59112500 0.64366667 0.59137500 0.65200000
0 0.59262821 0.64017094 0.62019231 0.63931624 0.60064103 0.99743590 0.57564103 0.99786325
0 0.62147436 0.62820513 0.63814103 0.62435897 0.62115385 0.99230769 0.60512821 0.99316239
0 0.65950000 0.96050000 0.65425000 0.95816667 0.65050000 0.95950000 0.65212500 0.95500000 0.65064103 0.95299145 0.65112500 0.93466667 0.65112500 0.90800000 0.64737500 0.68966667 0.64647436 0.65726496 0.64679487 0.63846154 0.64637500 0.59833333 0.64512500 0.56600000 0.64455128 0.55940171 0.64600000 0.55783333 0.66225000 0.56016667 0.66562500 0.57266667 0.66762500 0.67433333 0.66891026 0.72863248 0.67187500 0.80366667 0.67487500 0.86066667 0.67724359 0.96025641 0.67125000 0.95950000
