0 0.0010952902519167575 0.12468054034319094 0.07119386637458926 0.1202993793355239 0.08871851040525741 0.8315078495801387 0.009857612267250822 0.8388097845929171
0 0.07622603971098765 0.09357407867865546 0.1489286651485856 0.08388039528697573 0.17437458405174489 0.8302940164463146 0.09682511691830707 0.8367564720407679
0 0.15741063811630537 0.17112354581209324 0.20345563422678403 0.17758600140654643 0.2325366844018232 0.8351408581421546 0.18406826744342458 0.8399876998379943
0 0.19860879253094418 0.09357407867865546 0.2543474720331026 0.09195846478004216 0.2834285222081418 0.8351408581421546 0.2337483948257832 0.8448345415338342
0 0.2604060241529024 0.1646610902176401 0.31977983492694073 0.16142986242041352 0.3452257538301 0.8399876998379943 0.2858519430560617 0.8432189276352209
0 0.3270500974707005 0.16142986242041352 0.3658248310374194 0.15981424852180023 0.3912707499405787 0.838372085939381 0.35128430594989984 0.8464501554324474
0 0.3670365414613794 0.0887272369828156 0.4760904796177763 0.0871116230842023 0.5027481089448955 0.8464501554324474 0.39248246036453865 0.849681383229674
0 0.47851390046569625 0.18081722920377297 0.5281940278480548 0.1792016153051597 0.5427345529355744 0.838372085939381 0.5039598193688555 0.8464501554324474
0 0.5330408695438947 0.09357407867865546 0.6081669158294126 0.09357407867865546 0.628765993036732 0.8432189276352209 0.5475813946314142 0.8416033137366076
0 0.6081669158294126 0.15496740682596039 0.6542119119398913 0.15658302072457367 0.6784461204190906 0.8464501554324474 0.6372479660044518 0.8464501554324474
0 0.6566353327878112 0.15658302072457367 0.6893515142347303 0.15981424852180023 0.7184325644097694 0.8432189276352209 0.6820812516909704 0.8480657693310607
0 0.6929866455066102 0.192126526494066 0.7402433520410487 0.19374214039267929 0.7584190084004483 0.8351408581421546 0.7172208539858094 0.8432189276352209
0 0.7584190084004483 0.1388112678398275 0.8602026840130854 0.15173617902873382 0.8989774175798043 0.8464501554324474 0.7814415064556877 0.849681383229674
0 0.8880720237641647 0.15496740682596039 0.9510809658100828 0.1662767041162534 0.9874322785288818 0.8480657693310607 0.9292701781788034 0.854528224925514
