0 0.06225000 0.92116667 0.04700000 0.91750000 0.04087500 0.90433333 0.00712500 0.58166667 0.00012500 0.54233333 0.00025000 0.26083333 0.03525000 0.26216667 0.04037500 0.28300000 0.03937500 0.29533333 0.04387500 0.29900000 0.04087500 0.30233333 0.04362500 0.31333333 0.04212500 0.32233333 0.03212500 0.33366667 0.03212500 0.35033333 0.08287500 0.90333333 0.07975000 0.91650000
0 0.10125000 0.92150000 0.08925000 0.91650000 0.08512500 0.90366667 0.05562500 0.60766667 0.03387500 0.34366667 0.03500000 0.33383333 0.04775000 0.32716667 0.05675000 0.32916667 0.05912500 0.33366667 0.06962500 0.41566667 0.08187500 0.60033333 0.10987500 0.90733333 0.10887500 0.91966667
0 0.14000000 0.92450000 0.11575000 0.92083333 0.11037500 0.91200000 0.07562500 0.50633333 0.07062500 0.40033333 0.05987500 0.31433333 0.05362500 0.28900000 0.06300000 0.27516667 0.10225000 0.26716667 0.10837500 0.26766667 0.10662500 0.27166667 0.11262500 0.27533333 0.11562500 0.29100000 0.11762500 0.38766667 0.12412500 0.45133333 0.15187500 0.90166667 0.15087500 0.92000000
0 0.21000000 0.92850000 0.17400000 0.92816667 0.15587500 0.91733333 0.11912500 0.37400000 0.11762500 0.28366667 0.11437500 0.26333333 0.12087500 0.25233333 0.11812500 0.23166667 0.12387500 0.21700000 0.11875000 0.21283333 0.14700000 0.21183333 0.21550000 0.22083333 0.21162500 0.23633333 0.21912500 0.27266667 0.22487500 0.28333333 0.23012500 0.47066667 0.22887500 0.54966667 0.23287500 0.58033333 0.23712500 0.79933333 0.24362500 0.90133333 0.24050000 0.92150000
0 0.29500000 0.93016667 0.25750000 0.92416667 0.24962500 0.91766667 0.24662500 0.90566667 0.22687500 0.31200000 0.22862500 0.29800000 0.23450000 0.28883333 0.29175000 0.28116667 0.30425000 0.28216667 0.30687500 0.29400000 0.30212500 0.58066667 0.30487500 0.62266667 0.30437500 0.91766667 0.30312500 0.92333333
0 0.34425000 0.94083333 0.32200000 0.93983333 0.31237500 0.92900000 0.31037500 0.92033333 0.30862500 0.32900000 0.31037500 0.26600000 0.31475000 0.24916667 0.36550000 0.25183333 0.37437500 0.26366667 0.37687500 0.27866667 0.37287500 0.30666667 0.36812500 0.47866667 0.36337500 0.92400000 0.35875000 0.93683333
0 0.37750000 0.93816667 0.36800000 0.93716667 0.36387500 0.93166667 0.37262500 0.43100000 0.37487500 0.34500000 0.37750000 0.34016667 0.39075000 0.33683333 0.39312500 0.33800000 0.39337500 0.34666667 0.39012500 0.52600000 0.38112500 0.92233333 0.38012500 0.93566667
0 0.41600000 0.94616667 0.39250000 0.94483333 0.38425000 0.93750000 0.38162500 0.91266667 0.39612500 0.30866667 0.40050000 0.30116667 0.42025000 0.28616667 0.43200000 0.29316667 0.45225000 0.29383333 0.45512500 0.29900000 0.42887500 0.93866667 0.42425000 0.94583333
0 0.45125000 0.94683333 0.43750000 0.94383333 0.43387500 0.93533333 0.44262500 0.62966667 0.45712500 0.31200000 0.45925000 0.30650000 0.50225000 0.30683333 0.50612500 0.30933333 0.50637500 0.31933333 0.47537500 0.90833333 0.47112500 0.93600000
0 0.50525000 0.92950000 0.48200000 0.92583333 0.47787500 0.92033333 0.47787500 0.91266667 0.50787500 0.34133333 0.51400000 0.32950000 0.53500000 0.33150000 0.54875000 0.32850000 0.54962500 0.35133333 0.51462500 0.87633333 0.51087500 0.92300000
0 0.55125000 0.93783333 0.52525000 0.93616667 0.51662500 0.93166667 0.51537500 0.92233333 0.53462500 0.63600000 0.53637500 0.57100000 0.54562500 0.48333333 0.55387500 0.31800000 0.55650000 0.31216667 0.58275000 0.31416667 0.58800000 0.31850000 0.59225000 0.31383333 0.60937500 0.32333333 0.60887500 0.36033333 0.56187500 0.91900000 0.55737500 0.93533333
0 0.60750000 0.95383333 0.57925000 0.95250000 0.56850000 0.94783333 0.56387500 0.93466667 0.56412500 0.92333333 0.59487500 0.53200000 0.61312500 0.34000000 0.61337500 0.32233333 0.61012500 0.31433333 0.63950000 0.31316667 0.65425000 0.30550000 0.68150000 0.32616667 0.68537500 0.34633333 0.62062500 0.93766667 0.61525000 0.94950000
0 0.65525000 0.94116667 0.62475000 0.93816667 0.62262500 0.93000000 0.68687500 0.34733333 0.68262500 0.30633333 0.67737500 0.30300000 0.68100000 0.29783333 0.68550000 0.29916667 0.68537500 0.29233333 0.68175000 0.28816667 0.66312500 0.28733333 0.66600000 0.27550000 0.68300000 0.27516667 0.71375000 0.27916667 0.74425000 0.29083333 0.74962500 0.30066667 0.67437500 0.91200000 0.67137500 0.93166667 0.66762500 0.93766667
0 0.73600000 0.93850000 0.68500000 0.93783333 0.67337500 0.92866667 0.75212500 0.29533333 0.74500000 0.28083333 0.72800000 0.27516667 0.72712500 0.27133333 0.72825000 0.26716667 0.73650000 0.26483333 0.84900000 0.27916667 0.85637500 0.28333333 0.85412500 0.30966667 0.75437500 0.92100000 0.75025000 0.93616667
0 0.73400000 0.93850000 0.68325000 0.93750000 0.67312500 0.92800000 0.75162500 0.30000000 0.75087500 0.29100000 0.74425000 0.28083333 0.72462500 0.27566667 0.72875000 0.26683333 0.73825000 0.26516667 0.84950000 0.27950000 0.85537500 0.28333333 0.85587500 0.28933333 0.85112500 0.32933333 0.75387500 0.92266667 0.75000000 0.93616667
0 0.78400000 0.94650000 0.77400000 0.94350000 0.77600000 0.93916667 0.76237500 0.93566667 0.76287500 0.91666667 0.76937500 0.89366667 0.77087500 0.87033333 0.77737500 0.84600000 0.77912500 0.82366667 0.79337500 0.75300000 0.79487500 0.73233333 0.85962500 0.35800000 0.86187500 0.34966667 0.86825000 0.34650000 0.92800000 0.35250000 0.93387500 0.35766667 0.93312500 0.38100000 0.82587500 0.92033333 0.81750000 0.93916667
0 0.84250000 0.94950000 0.82850000 0.94750000 0.82462500 0.94333333 0.82362500 0.93533333 0.85537500 0.79066667 0.92262500 0.43500000 0.93562500 0.38466667 0.93862500 0.34966667 0.94350000 0.34083333 0.95150000 0.33983333 0.99425000 0.35350000 0.99975000 0.35666667 0.99975000 0.38366667 0.99737500 0.38566667 0.98737500 0.42066667 0.87487500 0.86700000 0.85287500 0.94333333 0.85000000 0.94816667
