0 0.0 0.07357357357357357 0.14921171171171171 0.07957957957957958 0.17286036036036034 0.948948948948949 0.05461711711711712 0.9369369369369369
0 0.1661036036036036 0.13213213213213212 0.21452702702702703 0.13513513513513514 0.23592342342342343 0.9309309309309308 0.19876126126126126 0.9294294294294294
0 0.2134009009009009 0.061561561561561555 0.2652027027027027 0.061561561561561555 0.27984234234234234 0.9474474474474475 0.23817567567567569 0.9474474474474475
0 0.2685810810810811 0.07357357357357357 0.41835585585585583 0.07807807807807808 0.4082207207207207 0.960960960960961 0.27984234234234234 0.9474474474474475
0 0.4329954954954955 0.05855855855855856 0.5163288288288288 0.06006006006006006 0.4757882882882883 0.9639639639639639 0.41272522522522526 0.966966966966967
0 0.5230855855855856 0.1111111111111111 0.5670045045045046 0.11561561561561562 0.5230855855855856 0.978978978978979 0.4791666666666667 0.9729729729729729
0 0.5793918918918919 0.13063063063063063 0.6368243243243242 0.13513513513513514 0.5861486486486487 0.987987987987988 0.5197072072072072 0.978978978978979
0 0.6368243243243242 0.2222222222222222 0.7201576576576576 0.22822822822822825 0.6649774774774775 0.9744744744744744 0.5906531531531531 0.978978978978979
0 0.7381756756756757 0.17267267267267267 0.8158783783783783 0.17567567567567566 0.7483108108108109 0.990990990990991 0.6649774774774775 0.9804804804804804
0 0.8271396396396397 0.09009009009009009 0.8766891891891891 0.09159159159159158 0.7809684684684685 0.9864864864864865 0.7483108108108109 0.9864864864864865
0 0.8800675675675677 0.10810810810810811 0.9487612612612613 0.11411411411411412 0.8338963963963965 0.9849849849849849 0.7843468468468469 0.9864864864864865
