0 0.015074306425287176 0.014701433753593089 0.15882430642528717 0.008034767086926423 0.19882430642528717 0.8813681004202597 0.07757430642528718 0.8730347670869264
0 0.17382430642528718 0.04970143375359309 0.23132430642528717 0.04970143375359309 0.26132430642528715 0.8880347670869264 0.20507430642528718 0.8847014337535931
0 0.23757430642528718 0.04636810042025975 0.34382430642528716 0.04636810042025975 0.3588243064252871 0.9030347670869264 0.26632430642528715 0.8947014337535931
0 0.34257430642528713 0.08636810042025976 0.43382430642528713 0.08803476708692642 0.4575743064252871 0.9363681004202598 0.37257430642528716 0.934701433753593
0 0.44257430642528717 0.09803476708692642 0.5050743064252872 0.10803476708692643 0.5025743064252871 0.9563681004202598 0.45382430642528715 0.9497014337535931
0 0.5025743064252871 0.08636810042025976 0.5563243064252871 0.08970143375359309 0.5500743064252871 0.939701433753593 0.5013243064252871 0.9380347670869265
0 0.5700743064252871 0.08636810042025976 0.6288243064252871 0.09303476708692643 0.6025743064252871 0.9647014337535931 0.5588243064252871 0.9730347670869264
0 0.6338243064252871 0.09636810042025976 0.7463243064252871 0.10803476708692643 0.7013243064252871 0.9930347670869264 0.6063243064252871 0.9930347670869264
0 0.7513243064252871 0.10803476708692643 0.8088243064252871 0.10303476708692642 0.745074306425287 0.9830347670869264 0.6975743064252871 0.9830347670869264
0 0.7988243064252871 0.21136810042025975 0.9263243064252871 0.21970143375359308 0.843824306425287 0.9830347670869264 0.7475743064252871 0.9780347670869264
