0 0.034346846846846864 0.1561561561561562 0.0850225225225225 0.15015015015015015 0.08051801801801801 0.8153153153153153 0.02984234234234233 0.8093093093093092
0 0.08786617153748974 0.1424939857966321 0.14036617153748973 0.14082731912996546 0.13661617153748973 0.8258273191299654 0.07911617153748973 0.8258273191299654
0 0.16911617153748973 0.1491606524632988 0.22161617153748972 0.14749398579663212 0.26661617153748973 0.8174939857966321 0.2116161715374897 0.8291606524632987
0 0.22786617153748973 0.1491606524632988 0.27911617153748974 0.14582731912996547 0.33286617153748976 0.8224939857966321 0.27161617153748974 0.8291606524632987
0 0.2853661715374897 0.15082731912996544 0.3428661715374898 0.14582731912996547 0.39536617153748976 0.8241606524632987 0.3391161715374898 0.8258273191299654
0 0.3478661715374898 0.13916065246329878 0.40286617153748977 0.13749398579663213 0.46286617153748977 0.8308273191299654 0.40286617153748977 0.8391606524632987
0 0.4178661715374898 0.1791606524632988 0.4666161715374898 0.1724939857966321 0.5178661715374898 0.832493985796632 0.46536617153748977 0.8358273191299654
0 0.48161617153748976 0.14082731912996546 0.5528661715374897 0.13582731912996546 0.5966161715374898 0.832493985796632 0.5266161715374897 0.8408273191299654
0 0.5616161715374898 0.14082731912996546 0.6053661715374897 0.13916065246329878 0.6478661715374898 0.8408273191299654 0.6003661715374897 0.842493985796632
0 0.6166161715374898 0.17582731912996546 0.6753661715374898 0.16916065246329878 0.7128661715374898 0.8391606524632987 0.6566161715374897 0.847493985796632
0 0.6853661715374898 0.1591606524632988 0.7341161715374898 0.1591606524632988 0.7728661715374898 0.8541606524632988 0.7228661715374898 0.857493985796632
0 0.7578661715374898 0.11749398579663212 0.8128661715374897 0.11749398579663212 0.8416161715374898 0.8508273191299655 0.7816161715374897 0.8558273191299655
0 0.8203661715374898 0.12249398579663212 0.8791161715374898 0.1191606524632988 0.9103661715374898 0.852493985796632 0.8466161715374898 0.8591606524632988
0 0.8991161715374898 0.1491606524632988 0.9528661715374898 0.13916065246329878 0.9878661715374898 0.8658273191299655 0.9228661715374897 0.8641606524632988
