0 0.0 0.19194630872483223 0.04949664429530198 0.19194630872483223 0.09278523489932883 0.8093959731543625 0.026342281879194594 0.8147651006711409
0 0.09479865771812077 0.8107382550335571 0.16828859060402682 0.8174496644295303 0.1320469798657718 0.18926174496644296 0.05956375838926171 0.19060402684563757
0 0.15520134228187915 0.19194630872483223 0.19446308724832212 0.18255033557046982 0.2286912751677852 0.8080536912751678 0.19043624161073822 0.804026845637584
0 0.20352348993288585 0.1865771812080537 0.2437919463087248 0.1852348993288591 0.27701342281879193 0.804026845637584 0.236744966442953 0.8093959731543625
0 0.27399328859060396 0.20805369127516782 0.3414429530201342 0.20939597315436242 0.3454697986577181 0.804026845637584 0.28708053691275165 0.8093959731543625
0 0.35352348993288585 0.20268456375838928 0.41795302013422814 0.2 0.41795302013422814 0.8147651006711409 0.35553691275167787 0.8201342281879196
0 0.425 0.21073825503355703 0.47936241610738256 0.20805369127516782 0.48640939597315436 0.7973154362416107 0.4300335570469799 0.8093959731543625
0 0.4874161073825503 0.21073825503355703 0.5518456375838926 0.21476510067114096 0.5508389261744966 0.7946308724832215 0.49345637583892615 0.7946308724832215
0 0.5639261744966443 0.21073825503355703 0.6203020134228188 0.2134228187919463 0.6253355704697987 0.804026845637584 0.5588926174496643 0.8026845637583893
0 0.6333892617449665 0.21073825503355703 0.6877516778523489 0.21476510067114096 0.6887583892617449 0.804026845637584 0.6283557046979865 0.7986577181208054
0 0.691778523489933 0.2134228187919463 0.7441275167785235 0.21476510067114096 0.7471476510067114 0.8 0.691778523489933 0.7986577181208054
0 0.7531879194630873 0.21610738255033557 0.8156040268456376 0.2134228187919463 0.8125838926174497 0.804026845637584 0.7552013422818792 0.804026845637584
0 0.8347315436241611 0.21073825503355703 0.8961409395973154 0.2120805369127517 0.8880872483221476 0.8093959731543625 0.8226510067114094 0.8026845637583893
0 0.9172818791946309 0.20671140939597316 0.9756711409395973 0.20805369127516782 0.9656040268456376 0.8107382550335571 0.9011744966442954 0.804026845637584
