0 0.8630887185104053 0.16703176341730558 0.8882803943044907 0.1655713764147499 0.9167579408543264 0.879700620664476 0.8860898138006571 0.879700620664476
0 0.7984665936473164 0.09109163928441034 0.8521358159912377 0.08378970427163202 0.8838992332968236 0.8767798466593646 0.8192771084337349 0.8709382986491419
0 0.7371303395399781 0.10715589631252281 0.791894852135816 0.09839357429718873 0.8127053669222344 0.8680175246440305 0.7634173055859802 0.8650967506389191
0 0.7053669222343919 0.09985396129974441 0.7437020810514784 0.09547280029207741 0.7634173055859802 0.8694779116465863 0.71960569550931 0.8694779116465863
0 0.6254107338444688 0.12322015334063527 0.7064622124863089 0.11737860533041256 0.7228915662650602 0.8709382986491419 0.6319824753559693 0.8680175246440305
0 0.5388828039430448 0.13782402336619204 0.6166484118291348 0.1407447973713034 0.6297918948521358 0.8636363636363636 0.5421686746987951 0.8607155896312523
0 0.45125958378970427 0.129061701350858 0.5312157721796276 0.129061701350858 0.5432639649507118 0.8694779116465863 0.45673603504928806 0.8709382986491419
0 0.36254107338444685 0.12468054034319095 0.44030668127053674 0.13198247535596933 0.4534501642935378 0.8636363636363636 0.3603504928806133 0.8650967506389191
0 0.27929901423877324 0.129061701350858 0.3581599123767798 0.13490324936108067 0.3603504928806133 0.8665571376414749 0.271631982475356 0.8665571376414749
0 0.19386637458926614 0.13490324936108067 0.27272727272727265 0.13782402336619204 0.26725082146768897 0.8636363636363636 0.1829134720700986 0.8592552026286964
0 0.11500547645125958 0.1465863453815261 0.1851040525739321 0.14366557137641478 0.1904396790089875 0.8568779947788764 0.09793967900898749 0.8518779947788764
0 0.045439679008987495 0.16354466144554314 0.1079396790089875 0.16187799477887646 0.09793967900898749 0.8268779947788764 0.024189679008987497 0.8202113281122096
