0 0.04430970149253731 0.0012437810945273632 0.09375 0.0012437810945273632 0.15438432835820892 0.9303482587064675 0.11707089552238806 0.9253731343283581
0 0.13666044776119404 0.04228855721393034 0.22994402985074627 0.04850746268656716 0.240205223880597 0.9253731343283581 0.15811567164179105 0.9340796019900496
0 0.22994402985074627 0.04975124378109452 0.30457089552238803 0.04975124378109452 0.31203358208955223 0.9179104477611939 0.24113805970149252 0.9203980099502487
0 0.31669776119402987 0.06218905472636816 0.38852611940298504 0.06467661691542288 0.37919776119402987 0.9104477611940298 0.3148320895522388 0.9116915422885572
0 0.3978544776119403 0.06840796019900497 0.46875 0.07462686567164178 0.449160447761194 0.9154228855721392 0.3810634328358209 0.9166666666666666
0 0.470615671641791 0.15796019900497513 0.5452425373134328 0.16417910447761194 0.5256529850746269 0.907960199004975 0.45662313432835816 0.9104477611940298
0 0.5489738805970148 0.2027363184079602 0.6049440298507462 0.2052238805970149 0.5806902985074627 0.907960199004975 0.5321828358208954 0.9054726368159204
0 0.6105410447761194 0.1455223880597015 0.6972947761194029 0.1442786069651741 0.6646455223880597 0.9179104477611939 0.5872201492537312 0.9092039800995024
0 0.7084888059701492 0.21019900497512436 0.7448694029850745 0.21393034825870647 0.7075559701492536 0.9154228855721392 0.6739738805970148 0.9191542288557213
0 0.7467350746268656 0.24129353233830844 0.7747201492537312 0.23756218905472637 0.7374067164179103 0.9092039800995024 0.7112873134328357 0.9104477611940298
0 0.7728544776119403 0.23880597014925373 0.8017723880597015 0.24129353233830844 0.7635261194029851 0.9092039800995024 0.7411380597014925 0.9054726368159204
0 0.8055037313432836 0.24004975124378108 0.8316231343283581 0.24378109452736316 0.7915111940298507 0.9141791044776119 0.7635261194029851 0.9104477611940298
0 0.8362873134328357 0.23507462686567163 0.8624067164179103 0.23631840796019898 0.8194962686567163 0.9179104477611939 0.7933768656716418 0.9179104477611939
0 0.863339552238806 0.2425373134328358 0.8941231343283581 0.24502487562189051 0.8484141791044775 0.9191542288557213 0.8204291044776119 0.9191542288557213
0 0.9043843283582089 0.222636815920398 0.9398320895522387 0.222636815920398 0.8894589552238806 0.9253731343283581 0.8586753731343283 0.9266169154228855
0 0.9500932835820894 0.22014925373134325 0.9855410447761193 0.22388059701492535 0.929570895522388 0.9266169154228855 0.8931902985074627 0.9266169154228855
