0 0.037239868565169774 0.15680905439941584 0.07776560788608981 0.15534866739686018 0.07119386637458926 0.7687112084702445 0.033953997809419496 0.7628696604600218
0 0.08871851040525738 0.16119021540708287 0.12157721796276014 0.16119021540708287 0.11938663745892661 0.7701715954728003 0.07667031763417306 0.7687112084702445
0 0.13143483023001096 0.16703176341730558 0.1708652792990142 0.16703176341730558 0.16319824753559692 0.7745527564804673 0.12595837897042717 0.7687112084702445
0 0.176341730558598 0.16995253742241695 0.2135815991237678 0.1728733114275283 0.2004381161007667 0.78039430449069 0.16319824753559692 0.7745527564804673
0 0.21796276013143484 0.17579408543263966 0.25739320920043807 0.17871485943775098 0.2475355969331873 0.78039430449069 0.208105147864184 0.7774735304855787
0 0.25958378970427165 0.18017524644030666 0.3023001095290252 0.17579408543263966 0.29572836801752467 0.7818546914932457 0.25848849945235486 0.7789339174881342
0 0.312157721796276 0.1845564074479737 0.35158817086527927 0.183096020445418 0.3384446878422782 0.789156626506024 0.2979189485213582 0.7862358525009127
0 0.3559693318729463 0.1903979554581964 0.3943044906900328 0.1845564074479737 0.37787513691128144 0.7979189485213581 0.3373493975903614 0.7920774005111354
0 0.40744797371303393 0.1991602774735305 0.4457831325301204 0.1991602774735305 0.4359255202628697 0.7949981745162468 0.39320920043811614 0.789156626506024
0 0.4600219058050383 0.23274917853231106 0.5334063526834611 0.22398685651697697 0.5575027382256298 0.7949981745162468 0.4786418400876232 0.7920774005111354
0 0.5629791894852135 0.20792259948886455 0.656078860898138 0.20792259948886455 0.664841182913472 0.8125228185469149 0.569550930996714 0.8169039795545819
0 0.6692223439211391 0.2050018254837532 0.7677984665936473 0.21522453450164294 0.7656078860898138 0.8388097845929171 0.6670317634173055 0.8373493975903614
0 0.7831325301204819 0.21960569550930994 0.8838992332968236 0.22398685651697697 0.8674698795180723 0.8475721066082512 0.7721796276013143 0.8504928806133626
0 0.8926615553121577 0.22690763052208834 0.9923329682365827 0.22690763052208834 0.9715224534501642 0.8680175246440307 0.868565169769989 0.853413654618474
