0 0.0676174496644295 0.15167785234899328 0.14312080536912747 0.14899328859060404 0.14513422818791943 0.712751677852349 0.07365771812080532 0.7046979865771812
0 0.1531879194630872 0.15436241610738255 0.23775167785234896 0.15570469798657718 0.22969798657718118 0.7208053691275168 0.1531879194630872 0.7194630872483222
0 0.24681208053691273 0.14899328859060404 0.3313758389261745 0.15436241610738255 0.32130872483221473 0.7181208053691276 0.24077181208053688 0.7208053691275168
0 0.3414429530201342 0.163758389261745 0.423993288590604 0.1691275167785235 0.40687919463087246 0.723489932885906 0.3293624161073825 0.7221476510067114
0 0.43305369127516774 0.1691275167785235 0.5115771812080536 0.17181208053691277 0.49446308724832216 0.7328859060402685 0.41493288590604027 0.7221476510067114
0 0.5266778523489932 0.17046979865771814 0.613255033557047 0.17583892617449665 0.5850671140939597 0.7342281879194631 0.5055369127516779 0.7342281879194631
0 0.6203020134228188 0.17449664429530204 0.7068791946308725 0.18120805369127518 0.6756711409395973 0.7463087248322148 0.5931208053691276 0.7395973154362417
0 0.7209731543624162 0.1691275167785235 0.8115771812080538 0.17046979865771814 0.7682885906040268 0.7610738255033557 0.6837248322147651 0.7557046979865772
0 0.8266778523489933 0.14630872483221477 0.8669463087248321 0.15033557046979867 0.8176174496644295 0.7610738255033557 0.7813758389261746 0.7597315436241611
0 0.873993288590604 0.14899328859060404 0.909228187919463 0.1476510067114094 0.8598993288590604 0.7637583892617449 0.8266778523489933 0.7610738255033557
0 0.9233221476510067 0.15167785234899328 0.9585570469798658 0.15436241610738255 0.8981543624161074 0.7677852348993289 0.8649328859060402 0.7664429530201343
0 0.9726510067114095 0.14899328859060404 0.9999999999999999 0.15033557046979867 0.9424496644295303 0.7731543624161074 0.9052013422818792 0.7691275167785235
