0 0.06974341770665755 0.2083383832038626 0.13287697943353607 0.20959477249195968 0.11685801601029823 0.8088924629142692 0.057493622147710984 0.8101488522023662
0 0.13381927139960886 0.2108511617800568 0.19506824919434174 0.21587671893244512 0.17810699380503112 0.8189435772190459 0.11874259994244386 0.8164307986428517
0 0.198837417058633 0.21838949750863926 0.2619709787855115 0.22341505466102765 0.2450097233962009 0.8252255236595313 0.17904928577110393 0.8239691343714342
0 0.2600863948533659 0.2171331082205422 0.3288737083766813 0.2259278332372218 0.30814328512307937 0.8277383022357254 0.24406743143012805 0.8315074701000166
0 0.32981600034275405 0.2271842225253189 0.39200727010355974 0.23723533683009557 0.3712768468499579 0.8289946915238224 0.30814328512307937 0.8302510808119196
0 0.39483414600177824 0.2259278332372218 0.4626791675590208 0.23472255825390137 0.44666020413578295 0.8403021951166962 0.3722191388160307 0.8377894165405021
0 0.47021750328760326 0.22215866537293052 0.5456008605734284 0.22969700110151303 0.5229858533876809 0.8553788665738613 0.4476024961018557 0.8528660879976672
0 0.5503123204037924 0.23095339038961016 0.6238110937574719 0.23849172611819264 0.5974269187074331 0.8553788665738613 0.5258127292858993 0.8566352558619584
0 0.6238110937574719 0.23849172611819264 0.688829239416496 0.24979922971106638 0.6662142322307485 0.8503533094214728 0.5983692106735059 0.8553788665738613
0 0.6963675751450785 0.24728645113487224 0.7585588449058842 0.258593954727746 0.7378284216522824 0.8465841415571816 0.6699834000950396 0.8553788665738613
0 0.7755201002951948 0.2523120082872606 0.8301730343274181 0.2611067333039402 0.8056734432095249 0.8578916451500554 0.7481936332790833 0.8578916451500554
0 0.8282884503952723 0.273670626184911 0.8735184647667674 0.28120896191349354 0.8471342897167287 0.8415585844047934 0.8066157351755977 0.8415585844047934
0 0.8904797201560781 0.26864506903252267 0.9489018220525924 0.273670626184911 0.9253445229007721 0.8503533094214728 0.8640955451060393 0.8503533094214728
