0 0.10900000 0.48250000 0.09975000 0.48216667 0.09662500 0.47900000 0.09387500 0.43633333 0.09362500 0.36400000 0.08462500 0.03466667 0.08537500 0.02633333 0.08775000 0.02383333 0.11575000 0.02616667 0.12025000 0.02783333 0.12212500 0.03200000 0.13412500 0.47766667 0.13125000 0.48083333
0 0.15950000 0.98450000 0.12700000 0.98450000 0.12412500 0.98133333 0.11912500 0.90166667 0.11737500 0.79333333 0.11537500 0.77900000 0.11137500 0.68833333 0.11062500 0.62266667 0.11150000 0.61550000 0.11925000 0.61650000 0.12325000 0.61216667 0.12725000 0.61516667 0.13212500 0.61133333 0.12325000 0.61083333 0.11950000 0.60783333 0.11550000 0.61016667 0.11462500 0.60766667 0.11850000 0.60650000 0.11925000 0.60350000 0.12325000 0.60516667 0.12975000 0.60216667 0.16150000 0.60116667 0.16637500 0.60333333 0.16225000 0.61116667 0.15962500 0.61200000 0.15937500 0.61533333 0.16087500 0.62000000 0.16262500 0.66433333 0.16187500 0.69066667 0.17137500 0.97866667 0.16725000 0.98350000
0 0.18750000 0.98250000 0.17725000 0.98150000 0.17362500 0.97533333 0.16337500 0.61533333 0.16537500 0.60933333 0.17350000 0.60150000 0.20175000 0.60150000 0.21325000 0.59483333 0.21687500 0.60666667 0.21537500 0.61566667 0.21712500 0.63600000 0.21987500 0.77500000 0.21937500 0.85033333 0.22337500 0.97100000 0.22112500 0.97766667 0.21875000 0.97916667
0 0.22125000 0.60888889 0.28291667 0.60444444 0.28541667 0.97111111 0.22541667 0.97666667
0 0.28375000 0.61888889 0.33041667 0.61777778 0.33291667 0.96555556 0.28541667 0.96555556
0 0.33208333 0.61777778 0.38208333 0.61666667 0.38041667 0.97888889 0.33458333 0.97666667
0 0.38625000 0.61666667 0.43041667 0.61666667 0.43041667 0.97777778 0.38291667 0.97777778
0 0.43134921 0.59735450 0.44325397 0.59894180 0.44682540 0.97777778 0.43571429 0.97830688
0 0.44285714 0.59841270 0.45357143 0.59841270 0.45952381 0.97724868 0.44801587 0.97830688
0 0.45277778 0.59841270 0.46388889 0.59841270 0.46944444 0.97671958 0.45952381 0.97883598
0 0.46468254 0.59788360 0.47301587 0.59841270 0.47896825 0.97883598 0.46984127 0.97989418
0 0.47460317 0.60317460 0.48373016 0.60264550 0.49007937 0.97936508 0.47857143 0.98201058
0 0.48531746 0.60052910 0.51904762 0.59629630 0.52261905 0.97566138 0.49206349 0.98412698
0 0.51904762 0.58677249 0.53611111 0.58571429 0.53888889 0.97936508 0.52420635 0.98201058
0 0.53452381 0.61164021 0.56309524 0.60846561 0.56984127 0.97936508 0.53928571 0.98412698
0 0.56269841 0.60317460 0.59285714 0.60000000 0.59523810 0.97407407 0.56984127 0.97671958
0 0.59365079 0.61957672 0.61587302 0.61798942 0.61587302 0.97566138 0.59642857 0.97777778
0 0.61626984 0.61216931 0.64047619 0.60952381 0.64126984 0.97830688 0.61706349 0.98095238
0 0.64047619 0.59788360 0.66547619 0.59629630 0.66309524 0.97513228 0.64047619 0.97724868
0 0.66547619 0.61005291 0.69801587 0.60687831 0.69523810 0.96878307 0.66626984 0.97566138
0 0.70198413 0.61322751 0.73333333 0.60634921 0.73095238 0.97301587 0.70119048 0.97566138
0 0.73611111 0.60052910 0.76587302 0.59894180 0.75515873 0.96931217 0.73055556 0.97195767
0 0.76230159 0.59047619 0.78650794 0.58835979 0.77976190 0.95820106 0.75634921 0.95767196 0.76547619 0.60000000
0 0.79166667 0.62433862 0.81468254 0.62328042 0.80634921 0.95925926 0.78373016 0.96296296
0 0.81706349 0.61851852 0.84642857 0.61428571 0.83928571 0.96243386 0.81309524 0.96613757
0 0.84603175 0.59259259 0.88373016 0.58783069 0.87460317 0.95396825 0.84285714 0.96137566
0 0.16625000 0.48150000 0.13925000 0.48050000 0.13525000 0.47883333 0.13387500 0.47500000 0.12412500 0.04900000 0.12412500 0.03333333 0.12800000 0.03016667 0.15850000 0.03216667 0.16137500 0.03766667 0.17012500 0.46500000 0.16987500 0.47866667
0 0.20175000 0.48350000 0.17750000 0.48283333 0.17112500 0.47900000 0.16412500 0.05833333 0.16437500 0.03700000 0.16900000 0.03350000 0.19700000 0.03650000 0.20037500 0.04100000 0.20237500 0.09533333 0.20362500 0.33466667 0.20712500 0.46700000 0.20662500 0.48033333
0 0.23275000 0.48416667 0.21275000 0.48316667 0.20787500 0.47866667 0.20212500 0.04300000 0.20500000 0.03650000 0.23675000 0.03883333 0.23887500 0.04300000 0.24412500 0.47566667 0.24225000 0.48283333
0 0.27575000 0.48450000 0.24825000 0.48383333 0.24587500 0.47933333 0.24137500 0.04800000 0.24162500 0.04133333 0.24400000 0.03883333 0.27400000 0.04083333 0.27687500 0.04466667 0.28062500 0.48000000 0.27975000 0.48316667
0 0.31000000 0.48350000 0.28350000 0.48316667 0.28162500 0.47900000 0.27862500 0.07433333 0.27862500 0.04200000 0.28100000 0.04016667 0.31050000 0.04016667 0.31312500 0.04600000 0.31587500 0.46733333 0.31537500 0.48000000
0 0.34975000 0.48383333 0.31975000 0.48283333 0.31637500 0.47866667 0.31537500 0.05066667 0.31587500 0.04100000 0.31875000 0.03750000 0.34850000 0.03950000 0.35212500 0.04433333 0.35262500 0.47900000
0 0.38525000 0.48383333 0.35900000 0.48350000 0.35487500 0.47866667 0.35412500 0.15233333 0.35512500 0.04500000 0.35725000 0.04083333 0.38750000 0.04316667 0.39137500 0.04833333 0.38912500 0.47900000
0 0.42050000 0.48316667 0.39250000 0.48183333 0.38962500 0.47866667 0.39212500 0.06666667 0.39262500 0.04900000 0.39625000 0.04483333 0.42350000 0.04683333 0.42787500 0.05466667 0.42637500 0.07566667 0.42487500 0.47033333 0.42462500 0.47866667
