0 0.053680521647135396 0.2425922309027777 0.12868052164713537 0.23092556423611105 0.22868052164713537 0.9742588975694444 0.16868052164713537 0.985925564236111
0 0.15993052164713537 0.2225922309027777 0.22368052164713537 0.20925889756944438 0.3286805216471354 0.9925922309027777 0.27868052164713536 1.0
0 0.23118052164713537 0.2075922309027777 0.28618052164713537 0.19592556423611104 0.3786805216471354 0.9742588975694444 0.3324305216471354 0.9825922309027777
0 0.28618052164713537 0.11925889756944438 0.35368052164713537 0.10425889756944438 0.4336805216471354 0.975925564236111 0.3811805216471354 0.980925564236111
0 0.3599305216471354 0.13925889756944437 0.43493052164713536 0.13425889756944437 0.4986805216471354 0.965925564236111 0.4361805216471354 0.9725922309027777
0 0.43702081051478636 0.1086162833150785 0.48521358159912376 0.10277473530485579 0.5345016429353778 0.9629426798101496 0.4950711938663746 0.9673238408178167
0 0.48630887185104055 0.1013143483023001 0.5355969331872946 0.09401241328952172 0.5728368017524643 0.961482292807594 0.5345016429353778 0.9673238408178167
0 0.5334063526834611 0.08817086527929902 0.583789704271632 0.08671047827674333 0.6133625410733845 0.961482292807594 0.569550930996714 0.9644030668127054
0 0.5870755750273823 0.1261409273457466 0.6363636363636364 0.12322015334063527 0.6571741511500547 0.961482292807594 0.6166484118291348 0.9673238408178167
0 0.6385542168674699 0.15826944140197152 0.7174151150054764 0.14804673238408178 0.7207009857612267 0.9556407447973713 0.660460021905805 0.961482292807594
0 0.7152245345016429 0.09839357429718874 0.7995618838992333 0.09693318729463307 0.7787513691128148 0.9468784227820372 0.728368017524644 0.9468784227820372
0 0.7995618838992333 0.0823293172690763 0.9561883899233297 0.0633442862358525 0.8981380065717415 0.9366557137641474 0.7831325301204819 0.9410368747718145
