0 0.14487242394504418 0.02158979391560353 0.20448969578017667 0.02649656526005888 0.20228164867517176 0.9411187438665358 0.13751226692836116 0.9430814524043178
0 0.21921000981354272 0.038272816486751716 0.275883218842002 0.04416094210009813 0.27514720314033364 0.9401373895976447 0.21258586849852798 0.9362119725220804
0 0.2847154072620216 0.050049067713444556 0.3384445534838077 0.04808635917566241 0.33697252208047107 0.9371933267909716 0.2817713444553484 0.931305201177625
0 0.3612610402355251 0.02649656526005888 0.4201422963689892 0.04416094210009813 0.4208783120706575 0.944062806673209 0.353900883218842 0.9470068694798822
0 0.42676643768400396 0.07262021589793916 0.46503925417075564 0.07163886162904809 0.46945534838076547 0.9273797841020608 0.42897448478900885 0.931305201177625
0 0.4738714425907753 0.07065750736015701 0.5209764474975466 0.0775269872423945 0.5298086359175662 0.9293424926398429 0.4797595682041217 0.9293424926398429
0 0.5334887144259078 0.07948969578017664 0.5710255152109912 0.08537782139352307 0.5791216879293426 0.9254170755642787 0.5371687929342492 0.9293424926398429
0 0.5791216879293426 0.09126594700686948 0.616658488714426 0.09421000981354269 0.629170755642787 0.9195289499509322 0.5842737978410206 0.9283611383709519
0 0.6313788027477919 0.08047105004906771 0.6858439646712463 0.0873405299313052 0.6932041216879294 0.931305201177625 0.6394749754661433 0.9254170755642787
0 0.6976202158979391 0.0775269872423945 0.7520853778213935 0.0775269872423945 0.7616535819430815 0.9332679097154073 0.7071884200196271 0.9342492639842984
0 0.7690137389597647 0.0549558390578999 0.8264229636898922 0.06182531894013739 0.8418792934249265 0.9391560353287537 0.791830225711482 0.9421000981354268
0 0.8418792934249265 0.050049067713444556 0.8978164867517174 0.056918547595682045 0.9081207065750736 0.9391560353287537 0.8588076545632974 0.9430814524043178
