0 0.014613783907658323 0.24582114421261486 0.05952277890320688 0.24664139982897187 0.11304445787050443 0.8109772638826227 0.07305699657309825 0.8109772638826227
0 0.0724418048608304 0.24664139982897187 0.11242926615823663 0.24746165544532894 0.15241672745564286 0.8076962414171945 0.11858118328091453 0.8076962414171945
0 0.11919637499318234 0.2515629335271142 0.1567230694415174 0.2515629335271142 0.18994342190397792 0.8068759858008375 0.1567230694415174 0.8052354745681234
0 0.16349017827646303 0.25566421160889946 0.2016320644370659 0.2540237003761853 0.2280853080645808 0.8044152189517663 0.19424976388985243 0.8060557301844804
0 0.2083991732720116 0.2597654896906847 0.24284990915900767 0.2581249784579706 0.2606904688147736 0.8044152189517663 0.2330068417627231 0.8019544521026952
0 0.2471562511448822 0.2564844672252565 0.288374095866824 0.2597654896906847 0.29760197155084084 0.8134380307316939 0.26438161908838026 0.8093367526499087
0 0.2920652461404308 0.2589452340743276 0.33205270743783694 0.26140600092339883 0.33820462456051487 0.8101570082662658 0.30375388867351877 0.8134380307316939
0 0.33820462456051487 0.26304651215611297 0.37511612729658217 0.26550727900518406 0.37511612729658217 0.8109772638826227 0.3412805831218538 0.814258286348051
0 0.3800376609947244 0.2638667677724699 0.4163339720185239 0.26304651215611297 0.4157187803062561 0.8076962414171945 0.3831136195560634 0.8085164970335517
0 0.4231010808534696 0.2728895795523975 0.45693662502819793 0.2728895795523975 0.4544758581791268 0.8076962414171945 0.41940993057986287 0.8117975194989797
0 0.4630885421508758 0.27206932393604044 0.4981544697501398 0.2712490683196834 0.49200255262746184 0.814258286348051 0.4581670084527335 0.8158987975807652
0 0.5043063868728176 0.296676992426752 0.5861268846044334 0.29913775927582315 0.5719774752222743 0.8044152189517663 0.4963088946133363 0.8109772638826227
0 0.5940877458089173 0.30426830608179584 0.6810440793836436 0.2996306349578104 0.6532180526397312 0.817503910469514 0.5790153146559648 0.8229145267808303
0 0.692058548303109 0.30426830608179584 0.7737975018633517 0.30504125126912673 0.7320584617474831 0.8144121297201905 0.6648122304496947 0.8221415815934994
0 0.781333717439828 0.30736008683111943 0.8619132532190745 0.30736008683111943 0.8085800352932423 0.8190498008441758 0.7401743862144576 0.8229145267808303
0 0.8648117976715654 0.32513782613973014 0.8897392799629869 0.32436488095239924 0.8364060620371547 0.8144121297201905 0.8126379975267296 0.8136391845328595
0 0.8966957866489651 0.3313213876383774 0.9280000667358665 0.33209433282570827 0.867130633233558 0.8190498008441758 0.8456814042851256 0.8182768556568448
0 0.9337971556408482 0.3297754972637155 0.9610434734942624 0.3290025520763846 0.8966957866489651 0.8182768556568448 0.8769856843720271 0.8182768556568448
0 0.9639420179467534 0.32591077132706103 0.9795941579902042 0.3282296068890538 0.916405888925903 0.8020450067228959 0.8990146222109576 0.8051367874722196
