0 0.09204826839232857 0.12361474624278694 0.14704826839232857 0.12861474624278693 0.15079826839232857 0.8536147462427868 0.08829826839232859 0.8502814129094536
0 0.14704826839232857 0.17361474624278692 0.20329826839232856 0.1802814129094536 0.20579826839232856 0.8502814129094536 0.14704826839232857 0.8519480795761203
0 0.19829826839232856 0.19361474624278693 0.2545482683923286 0.19528141290945358 0.2570482683923286 0.8636147462427868 0.20454826839232856 0.8602814129094535
0 0.25329826839232855 0.20361474624278691 0.30204826839232857 0.20694807957612027 0.30829826839232854 0.8602814129094535 0.25579826839232855 0.8702814129094535
0 0.30579826839232854 0.19694807957612026 0.3557982683923286 0.2002814129094536 0.36704826839232857 0.8636147462427868 0.3120482683923286 0.8736147462427868
0 0.35704826839232856 0.19861474624278694 0.4057982683923286 0.20361474624278691 0.42204826839232856 0.8786147462427868 0.37579826839232855 0.8769480795761201
0 0.4032982683923286 0.2002814129094536 0.45829826839232857 0.20694807957612027 0.47454826839232855 0.8802814129094534 0.42204826839232856 0.8702814129094535
0 0.4657982683923286 0.2102814129094536 0.5107982683923286 0.21361474624278692 0.5307982683923285 0.8769480795761201 0.47704826839232856 0.8802814129094534
0 0.5120482683923285 0.22694807957612026 0.5445482683923285 0.22861474624278694 0.5757982683923285 0.8802814129094534 0.5295482683923285 0.8769480795761201
0 0.5457982683923285 0.22694807957612026 0.5945482683923285 0.22361474624278693 0.6332982683923285 0.8802814129094534 0.5807982683923285 0.8902814129094534
0 0.5995482683923286 0.19528141290945358 0.6482982683923285 0.19361474624278693 0.6845482683923285 0.8952814129094534 0.6407982683923286 0.8902814129094534
0 0.6495482683923285 0.2202814129094536 0.7045482683923285 0.22694807957612026 0.7545482683923285 0.8836147462427868 0.6982982683923286 0.8869480795761201
0 0.7120482683923285 0.24694807957612025 0.7620482683923285 0.24694807957612025 0.8095482683923285 0.8869480795761201 0.7607982683923286 0.8886147462427868
0 0.7682982683923285 0.19361474624278693 0.8382982683923285 0.18861474624278693 0.8920482683923285 0.8952814129094534 0.8132982683923285 0.9036147462427868
0 0.8407982683923285 0.12194807957612028 0.9457982683923285 0.11528141290945361 0.9882982683923285 0.9119480795761201 0.8982982683923285 0.9102814129094534
