0 0.13700000 0.51450000 0.12675000 0.51350000 0.12387500 0.51033333 0.11762500 0.47566667 0.10612500 0.34766667 0.09012500 0.21200000 0.07862500 0.06033333 0.07787500 0.03933333 0.08025000 0.03550000 0.10850000 0.03683333 0.11437500 0.04300000 0.12737500 0.18666667 0.13437500 0.30666667 0.13962500 0.32966667 0.14112500 0.35266667 0.14687500 0.38500000 0.14812500 0.41266667 0.15287500 0.43933333 0.15812500 0.49700000 0.15675000 0.51050000
0 0.18725000 0.51983333 0.16600000 0.51883333 0.16212500 0.51666667 0.15987500 0.51000000 0.14887500 0.38833333 0.13337500 0.26566667 0.12887500 0.17400000 0.11762500 0.07533333 0.11737500 0.04966667 0.12175000 0.04650000 0.15075000 0.04650000 0.15537500 0.05000000 0.16387500 0.17866667 0.16637500 0.20533333 0.17137500 0.22866667 0.17237500 0.26766667 0.18362500 0.37733333 0.18912500 0.47466667 0.19412500 0.51233333 0.19325000 0.51816667
0 0.21325000 0.52216667 0.20075000 0.52183333 0.19712500 0.51866667 0.19237500 0.48866667 0.18312500 0.34766667 0.15737500 0.05166667 0.15787500 0.04533333 0.16150000 0.04383333 0.19325000 0.04650000 0.19812500 0.05200000 0.20087500 0.06233333 0.20962500 0.20700000 0.21312500 0.23333333 0.23337500 0.51266667 0.23250000 0.51816667
0 0.25525000 0.52250000 0.23925000 0.52150000 0.23587500 0.51766667 0.23437500 0.50500000 0.21987500 0.31600000 0.21462500 0.20900000 0.21187500 0.20166667 0.20462500 0.09233333 0.20287500 0.05666667 0.20525000 0.05216667 0.23650000 0.05583333 0.23912500 0.06533333 0.25087500 0.30266667 0.26462500 0.50666667 0.26387500 0.51766667 0.26075000 0.52183333
0 0.28100000 0.52750000 0.26775000 0.52616667 0.26637500 0.52200000 0.26212500 0.39633333 0.25937500 0.38966667 0.25837500 0.34833333 0.25587500 0.33866667 0.25162500 0.28100000 0.24912500 0.22300000 0.25037500 0.20466667 0.24812500 0.19766667 0.24737500 0.14266667 0.24387500 0.12466667 0.24137500 0.06266667 0.24425000 0.05416667 0.25250000 0.05016667 0.27625000 0.05250000 0.27837500 0.07633333 0.28812500 0.41100000 0.29762500 0.51733333 0.29575000 0.52650000
0 0.32350000 0.51816667 0.29900000 0.51650000 0.29612500 0.51033333 0.28862500 0.37000000 0.28337500 0.22000000 0.28462500 0.18966667 0.28262500 0.18566667 0.27837500 0.05466667 0.27837500 0.03300000 0.28225000 0.02916667 0.31200000 0.02950000 0.31825000 0.03250000 0.31937500 0.03633333 0.31962500 0.16733333 0.33412500 0.48233333 0.33287500 0.51300000
0 0.35850000 0.53450000 0.34025000 0.53350000 0.33687500 0.51533333 0.33687500 0.44133333 0.32987500 0.33133333 0.32687500 0.23066667 0.32912500 0.22066667 0.32237500 0.09266667 0.32237500 0.05700000 0.32575000 0.05583333 0.35750000 0.05716667 0.35987500 0.07400000 0.36237500 0.21700000 0.36150000 0.22016667 0.34412500 0.22066667 0.36125000 0.22150000 0.36262500 0.22733333 0.36962500 0.53000000 0.36750000 0.53350000
0 0.39750000 0.54283333 0.37450000 0.54150000 0.37037500 0.53333333 0.36087500 0.06866667 0.36137500 0.05666667 0.36525000 0.05250000 0.39175000 0.05416667 0.39787500 0.05766667 0.40287500 0.53733333 0.40100000 0.54216667
0 0.43300000 0.54950000 0.40825000 0.54783333 0.40412500 0.53900000 0.40037500 0.28033333 0.40237500 0.18766667 0.40062500 0.08800000 0.40112500 0.07233333 0.40550000 0.06683333 0.43525000 0.06950000 0.43912500 0.07233333 0.43987500 0.07833333 0.44012500 0.54266667 0.43800000 0.54783333
0 0.47425000 0.55050000 0.44650000 0.54950000 0.44237500 0.54566667 0.44487500 0.38900000 0.44187500 0.32300000 0.44312500 0.08533333 0.44650000 0.07250000 0.45475000 0.07016667 0.47875000 0.07150000 0.48362500 0.07966667 0.47787500 0.47966667 0.47862500 0.54566667
0 0.50150000 0.55416667 0.48300000 0.55183333 0.48037500 0.53533333 0.48537500 0.08000000 0.48612500 0.07200000 0.49025000 0.06883333 0.52150000 0.07150000 0.52237500 0.07466667 0.51112500 0.54900000 0.50975000 0.55383333
0 0.54225000 0.55416667 0.51575000 0.55316667 0.51262500 0.54600000 0.51262500 0.53300000 0.52687500 0.09100000 0.53350000 0.08116667 0.55175000 0.07983333 0.56350000 0.08283333 0.56487500 0.09266667 0.54687500 0.54466667 0.54562500 0.55266667
0 0.57825000 0.56050000 0.55375000 0.55883333 0.54862500 0.55200000 0.56737500 0.08000000 0.57225000 0.07516667 0.58650000 0.07483333 0.60250000 0.07683333 0.60462500 0.08000000 0.60487500 0.08933333 0.58187500 0.55366667
0 0.61175000 0.56583333 0.58450000 0.56250000 0.58287500 0.55700000 0.58362500 0.53166667 0.60687500 0.08033333 0.63100000 0.07950000 0.64050000 0.08150000 0.64312500 0.09200000 0.61612500 0.55900000 0.61487500 0.56433333
0 0.63125000 0.56616667 0.61925000 0.56350000 0.61787500 0.56000000 0.62512500 0.46000000 0.62687500 0.38866667 0.63462500 0.26300000 0.63762500 0.24833333 0.64212500 0.13100000 0.64587500 0.08000000 0.65050000 0.07583333 0.67500000 0.07916667 0.68187500 0.08300000 0.68287500 0.09200000 0.68037500 0.09600000 0.68187500 0.12066667 0.65112500 0.55600000 0.65050000 0.56050000 0.64300000 0.56483333
0 0.66775000 0.56416667 0.65437500 0.56066667 0.65387500 0.54166667 0.66787500 0.36233333 0.68412500 0.10733333 0.68637500 0.09600000 0.68950000 0.09383333 0.71625000 0.09383333 0.72087500 0.09633333 0.72187500 0.10500000 0.68937500 0.55533333 0.68837500 0.56066667 0.68550000 0.56250000
0 0.71325000 0.56416667 0.69325000 0.56283333 0.69112500 0.56066667 0.69062500 0.55266667 0.69562500 0.46133333 0.70262500 0.39366667 0.72062500 0.13000000 0.72550000 0.10283333 0.74875000 0.10150000 0.75600000 0.10350000 0.76112500 0.11100000 0.75487500 0.21300000 0.74462500 0.33466667 0.73462500 0.41800000 0.72387500 0.55300000 0.72125000 0.56083333
0 0.75250000 0.56450000 0.72687500 0.56066667 0.72612500 0.52533333 0.72962500 0.50333333 0.73612500 0.41333333 0.74662500 0.32533333 0.76037500 0.15433333 0.76262500 0.11133333 0.75812500 0.09966667 0.77275000 0.09750000 0.79900000 0.10150000 0.80087500 0.10800000 0.75687500 0.56100000
0 0.79275000 0.57583333 0.76500000 0.57283333 0.75962500 0.56900000 0.75787500 0.55833333 0.79612500 0.17566667 0.80087500 0.10766667 0.81225000 0.10350000 0.84375000 0.10583333 0.85387500 0.11033333 0.85462500 0.12733333 0.84862500 0.16100000 0.84287500 0.22133333 0.82887500 0.32566667 0.80412500 0.55300000 0.80037500 0.57266667
0 0.83525000 0.57450000 0.80700000 0.57016667 0.80512500 0.56866667 0.80487500 0.56066667 0.80862500 0.54500000 0.81012500 0.51700000 0.81612500 0.48300000 0.81787500 0.44066667 0.84487500 0.20866667 0.85987500 0.09833333 0.86450000 0.09550000 0.89650000 0.09783333 0.89912500 0.10300000 0.89887500 0.11566667 0.86212500 0.42466667 0.85412500 0.48266667 0.85037500 0.49333333 0.84612500 0.55166667 0.84337500 0.55666667 0.84237500 0.57233333
0 0.16475000 0.99966667 0.14062500 0.99966667 0.11887500 0.68966667 0.11737500 0.65366667 0.11925000 0.65050000 0.14250000 0.65083333 0.14487500 0.65366667 0.14762500 0.66600000 0.15587500 0.80633333
0 0.19400000 0.99966667 0.16637500 0.99966667 0.15312500 0.76000000 0.15212500 0.70533333 0.14937500 0.67266667 0.15050000 0.66016667 0.17575000 0.66183333 0.17800000 0.66550000 0.18187500 0.66600000 0.18412500 0.67700000 0.19037500 0.85633333 0.19037500 0.92833333
0 0.22200000 0.99966667 0.19650000 0.99966667 0.19512500 0.99466667 0.19187500 0.92033333 0.19037500 0.79000000 0.18462500 0.67266667 0.18537500 0.65033333 0.19350000 0.64283333 0.21350000 0.64516667 0.21662500 0.65433333 0.21912500 0.77600000 0.21887500 0.84900000 0.22237500 0.94566667
0 0.23800000 0.99966667 0.22475000 0.99966667 0.22412500 0.99600000 0.21987500 0.84900000 0.22087500 0.80666667 0.21787500 0.65666667 0.22100000 0.65216667 0.23175000 0.65083333 0.23650000 0.65316667 0.23712500 0.65800000
0 0.25825000 0.99966667 0.23975000 0.99966667 0.23912500 0.99500000 0.23837500 0.66033333 0.24012500 0.64900000 0.24350000 0.64750000 0.25525000 0.64950000 0.25787500 0.65700000
