0 0.10450000 0.82750000 0.08625000 0.82650000 0.07962500 0.81866667 0.07812500 0.80766667 0.07437500 0.70266667 0.07487500 0.60366667 0.06237500 0.21066667 0.06312500 0.20133333 0.06950000 0.19850000 0.10375000 0.20016667 0.10687500 0.20600000 0.12112500 0.81966667 0.11750000 0.82650000
0 0.14400000 0.82916667 0.12350000 0.82650000 0.12112500 0.81066667 0.11837500 0.51766667 0.11537500 0.50433333 0.11012500 0.30366667 0.10887500 0.20500000 0.11150000 0.20116667 0.15025000 0.20316667 0.15362500 0.21666667 0.15587500 0.62733333 0.16012500 0.69300000 0.16287500 0.82366667 0.16125000 0.82716667
0 0.18450000 0.82916667 0.16600000 0.82750000 0.16412500 0.82033333 0.15487500 0.29133333 0.15512500 0.20933333 0.15825000 0.20416667 0.19350000 0.20650000 0.19962500 0.21266667 0.20587500 0.82266667 0.20150000 0.82783333
0 0.24200000 0.82650000 0.21300000 0.82516667 0.20837500 0.81733333 0.20287500 0.21966667 0.20362500 0.21300000 0.20900000 0.21016667 0.24325000 0.21250000 0.24587500 0.22166667 0.24987500 0.81333333 0.24937500 0.82300000
0 0.27675000 0.82583333 0.25650000 0.82516667 0.25212500 0.81666667 0.24712500 0.22533333 0.24812500 0.21700000 0.25200000 0.21350000 0.28325000 0.21383333 0.28737500 0.23500000 0.28887500 0.64733333 0.29262500 0.81833333 0.28950000 0.82283333
0 0.32625000 0.82316667 0.29800000 0.81883333 0.29487500 0.80800000 0.29337500 0.66566667 0.29537500 0.62633333 0.28862500 0.22066667 0.29825000 0.21250000 0.31875000 0.21483333 0.33062500 0.22266667 0.33137500 0.67433333 0.33387500 0.77833333 0.33262500 0.81800000
0 0.36300000 0.82783333 0.34250000 0.82716667 0.33687500 0.81966667 0.33387500 0.38266667 0.33487500 0.25233333 0.33875000 0.24650000 0.36075000 0.24516667 0.36925000 0.24750000 0.37162500 0.25233333 0.37387500 0.40800000 0.37112500 0.82300000
0 0.39700000 0.82883333 0.37700000 0.82716667 0.37412500 0.82100000 0.37562500 0.25366667 0.37687500 0.22633333 0.38625000 0.22216667 0.41400000 0.22483333 0.41912500 0.22866667 0.41962500 0.23566667 0.41512500 0.78133333 0.41237500 0.82233333
0 0.44200000 0.82816667 0.42025000 0.82716667 0.41562500 0.81933333 0.41887500 0.72533333 0.42187500 0.25266667 0.42312500 0.22933333 0.42775000 0.22450000 0.46175000 0.22850000 0.46462500 0.23333333 0.46537500 0.24900000 0.45687500 0.81466667 0.45500000 0.82450000
0 0.47625000 0.83183333 0.46325000 0.83050000 0.45862500 0.82233333 0.46587500 0.32066667 0.46862500 0.22866667 0.47375000 0.22450000 0.48700000 0.22383333 0.51150000 0.22850000 0.51237500 0.24966667 0.50137500 0.82633333 0.49725000 0.83050000
0 0.52200000 0.83450000 0.50512500 0.83033333 0.50487500 0.76700000 0.50937500 0.57600000 0.51212500 0.56833333 0.50937500 0.55900000 0.51312500 0.54933333 0.50937500 0.54533333 0.51287500 0.53600000 0.50937500 0.52900000 0.51612500 0.51400000 0.51062500 0.51133333 0.50912500 0.50333333 0.51662500 0.23600000 0.52100000 0.23050000 0.53025000 0.23050000 0.54337500 0.23266667 0.54387500 0.25366667 0.53837500 0.50633333 0.53700000 0.51183333 0.53137500 0.51366667 0.53587500 0.52733333 0.53187500 0.80766667 0.53087500 0.83066667
0 0.56450000 0.83650000 0.55300000 0.83616667 0.54837500 0.83066667 0.54862500 0.52300000 0.54587500 0.43966667 0.54862500 0.24000000 0.55225000 0.22816667 0.57250000 0.22816667 0.57612500 0.23266667 0.57637500 0.47233333 0.57412500 0.51000000 0.57587500 0.83066667 0.57300000 0.83583333
0 0.59275000 0.83450000 0.57950000 0.83416667 0.57662500 0.82666667 0.57962500 0.23866667 0.57987500 0.23266667 0.58400000 0.22883333 0.61925000 0.23216667 0.62062500 0.24966667 0.61412500 0.82666667 0.61125000 0.83216667
0 0.63200000 0.83183333 0.61925000 0.83150000 0.61662500 0.82633333 0.62312500 0.27100000 0.62437500 0.23566667 0.62975000 0.22983333 0.65875000 0.23116667 0.66112500 0.23533333 0.65262500 0.82600000 0.64950000 0.83083333
0 0.68650000 0.83250000 0.65900000 0.83150000 0.65462500 0.82633333 0.66412500 0.24033333 0.66800000 0.23250000 0.67375000 0.23150000 0.70225000 0.23216667 0.70637500 0.23900000 0.69312500 0.82633333 0.69225000 0.83050000
0 0.71100000 0.83350000 0.70125000 0.83316667 0.69487500 0.82633333 0.70862500 0.25433333 0.70937500 0.24366667 0.71250000 0.23883333 0.74300000 0.23850000 0.74987500 0.24366667 0.74937500 0.29666667 0.73362500 0.82666667 0.72850000 0.83183333
0 0.82325000 0.85416667 0.76225000 0.85283333 0.75675000 0.84983333 0.75575000 0.84483333 0.74675000 0.84216667 0.73812500 0.83033333 0.74512500 0.82400000 0.74962500 0.80733333 0.74787500 0.80233333 0.75262500 0.78633333 0.74962500 0.76433333 0.75062500 0.73066667 0.74812500 0.72866667 0.75537500 0.72466667 0.75487500 0.70533333 0.75962500 0.70100000 0.76037500 0.69500000 0.75987500 0.68800000 0.75587500 0.68600000 0.76012500 0.66733333 0.75587500 0.66233333 0.75387500 0.63866667 0.75612500 0.60366667 0.75537500 0.36666667 0.76037500 0.29266667 0.75987500 0.28333333 0.75587500 0.28000000 0.75562500 0.24000000 0.76000000 0.23250000 0.77875000 0.22416667 0.82625000 0.22283333 0.87687500 0.22866667 0.87312500 0.37766667 0.85312500 0.84366667 0.84950000 0.85183333
0 0.94650000 0.85916667 0.88075000 0.85750000 0.87075000 0.85416667 0.86737500 0.84966667 0.86937500 0.84466667 0.86262500 0.84200000 0.86512500 0.67333333 0.87587500 0.52233333 0.87562500 0.46266667 0.88437500 0.26366667 0.88812500 0.22933333 0.89650000 0.22450000 0.97200000 0.22450000 0.98675000 0.22550000 0.99137500 0.23066667 0.98312500 0.46400000 0.96362500 0.84933333 0.95850000 0.85783333
