0 0.008445945945945882 0.16816816816816818 0.06249999999999994 0.16816816816816818 0.08614864864864859 0.7177177177177178 0.035472972972972916 0.7252252252252253
0 0.06587837837837832 0.1696696696696697 0.11768018018018013 0.1726726726726727 0.13569819819819814 0.7207207207207208 0.0906531531531531 0.7222222222222223
0 0.12105855855855852 0.1711711711711712 0.17398648648648646 0.17867867867867868 0.1886261261261261 0.7207207207207208 0.13907657657657652 0.7267267267267268
0 0.1773648648648648 0.1801801801801802 0.23367117117117114 0.1816816816816817 0.24268018018018014 0.7252252252252253 0.19425675675675672 0.7282282282282283
0 0.241554054054054 0.18618618618618618 0.29448198198198194 0.1906906906906907 0.29786036036036034 0.7252252252252253 0.25281531531531526 0.7267267267267268
0 0.3001126126126126 0.18618618618618618 0.3519144144144144 0.1921921921921922 0.348536036036036 0.7237237237237238 0.3001126126126126 0.7267267267267268
0 0.3530405405405405 0.1936936936936937 0.40596846846846846 0.1981981981981982 0.39921171171171166 0.7267267267267268 0.3519144144144144 0.7267267267267268
0 0.40709459459459457 0.1951951951951952 0.45777027027027023 0.1981981981981982 0.44876126126126126 0.7207207207207208 0.40033783783783783 0.7267267267267268
0 0.4600225225225225 0.1981981981981982 0.5140765765765766 0.20270270270270271 0.4983108108108108 0.7207207207207208 0.4532657657657657 0.7267267267267268
0 0.5140765765765766 0.21471471471471473 0.5568693693693694 0.2162162162162162 0.5467342342342342 0.7162162162162163 0.500563063063063 0.7192192192192193
0 0.5681306306306306 0.19969969969969972 0.6165540540540541 0.20120120120120122 0.5974099099099099 0.7312312312312312 0.553490990990991 0.7282282282282283
0 0.6289414414414415 0.16816816816816818 0.704391891891892 0.17717717717717718 0.6829954954954955 0.7432432432432433 0.6109234234234234 0.7447447447447447
0 0.7111486486486487 0.17867867867867868 0.7753378378378379 0.18618618618618618 0.749436936936937 0.7312312312312312 0.6852477477477478 0.7342342342342343
0 0.7978603603603603 0.17567567567567569 0.8789414414414415 0.1741741741741742 0.84740990990991 0.7492492492492493 0.7730855855855857 0.7507507507507508
0 0.8924549549549551 0.17717717717717718 0.9712837837837839 0.1741741741741742 0.9307432432432433 0.7522522522522523 0.8530405405405407 0.7507507507507508
