0 0.001174496644295264 0.29932885906040263 0.04848993288590601 0.2939597315436241 0.15117449664429528 0.7865771812080538 0.11090604026845635 0.7946308724832215
0 0.05151006711409392 0.29932885906040263 0.09077181208053688 0.2953020134228187 0.19144295302013423 0.7812080536912752 0.15620805369127513 0.789261744966443
0 0.09479865771812078 0.29932885906040263 0.14815436241610735 0.29932885906040263 0.23070469798657717 0.7879194630872484 0.19647651006711406 0.7879194630872484
0 0.15520134228187918 0.3020134228187919 0.2035234899328859 0.29932885906040263 0.2689597315436241 0.7812080536912752 0.23473154362416107 0.7838926174496644
0 0.2065436241610738 0.29932885906040263 0.2518456375838926 0.30067114093959724 0.30721476510067114 0.7758389261744967 0.272986577181208 0.7825503355704698
0 0.2538590604026845 0.29932885906040263 0.30016778523489934 0.29932885906040263 0.348489932885906 0.7825503355704698 0.30922818791946305 0.7825503355704698
0 0.3052013422818792 0.3020134228187919 0.3525167785234899 0.3020134228187919 0.38875838926174494 0.7704697986577181 0.350503355704698 0.7758389261744967
0 0.35352348993288585 0.3020134228187919 0.3958053691275168 0.30469798657718117 0.42600671140939594 0.7583892617449666 0.3897651006711409 0.7624161073825504
0 0.39882550335570466 0.3060402684563758 0.4380872483221476 0.3060402684563758 0.45721476510067116 0.7503355704697987 0.425 0.7557046979865772
0 0.4390939597315436 0.30738255033557044 0.4783557046979866 0.30469798657718117 0.4924496644295302 0.7516778523489934 0.4582214765100671 0.7516778523489934
0 0.4813758389261745 0.30872483221476504 0.5206375838926175 0.30469798657718117 0.5266778523489933 0.7503355704697987 0.49446308724832216 0.7476510067114095
0 0.5266778523489933 0.30469798657718117 0.5286912751677852 0.753020134228188 0.5639261744966443 0.7543624161073826 0.5649328859060403 0.30469798657718117
0 0.5679530201342282 0.3060402684563758 0.6031879194630873 0.30469798657718117 0.5951342281879195 0.7489932885906041 0.5659395973154362 0.7503355704697987
0 0.612248322147651 0.30469798657718117 0.6565436241610739 0.30469798657718117 0.6434563758389262 0.7664429530201343 0.6041946308724832 0.7610738255033558
0 0.6645973154362417 0.30469798657718117 0.7058724832214766 0.3033557046979865 0.6817114093959732 0.7503355704697987 0.6444630872483221 0.753020134228188
0 0.7109060402684564 0.3114093959731543 0.7370805369127517 0.3100671140939597 0.7119127516778523 0.7342281879194631 0.6837248322147651 0.7436241610738256
0 0.7451342281879194 0.3100671140939597 0.7813758389261746 0.30738255033557044 0.7501677852348994 0.7288590604026846 0.7139261744966444 0.7328859060402685
0 0.7924496644295302 0.30067114093959724 0.8307046979865772 0.29798657718120797 0.7924496644295302 0.7342281879194631 0.7582214765100671 0.738255033557047
0 0.8468120805369128 0.3100671140939597 0.9062080536912752 0.3060402684563758 0.8508389261744966 0.7315436241610739 0.803523489932886 0.7395973154362416
0 0.9132550335570471 0.3020134228187919 0.9746644295302014 0.3033557046979865 0.9172818791946309 0.7342281879194631 0.8598993288590604 0.7395973154362416
