0 0.07850000 0.88516667 0.05175000 0.88116667 0.04662500 0.87300000 0.04687500 0.25200000 0.04862500 0.23700000 0.05225000 0.23483333 0.10750000 0.24216667 0.11012500 0.25100000 0.09737500 0.87200000 0.09225000 0.88116667
0 0.14325000 0.89650000 0.10775000 0.89183333 0.10012500 0.87700000 0.11412500 0.23766667 0.11762500 0.16500000 0.12300000 0.15783333 0.18100000 0.16783333 0.19350000 0.17516667 0.19487500 0.18000000 0.19012500 0.24833333 0.18800000 0.25083333 0.18537500 0.24266667 0.18662500 0.25200000 0.18237500 0.26333333 0.18537500 0.26766667 0.18162500 0.27533333 0.17762500 0.33800000 0.16087500 0.88366667 0.15750000 0.89316667
0 0.20975000 0.90150000 0.18725000 0.90083333 0.16987500 0.89200000 0.16937500 0.81866667 0.18862500 0.27233333 0.19350000 0.25850000 0.21725000 0.25416667 0.24600000 0.25883333 0.25712500 0.26500000 0.22287500 0.88533333 0.21950000 0.89683333
0 0.25725000 0.91050000 0.22875000 0.90816667 0.22612500 0.88766667 0.25662500 0.28400000 0.25962500 0.26633333 0.27225000 0.26283333 0.30275000 0.27083333 0.30487500 0.28300000 0.26687500 0.89900000 0.26400000 0.90850000
0 0.33300000 0.91416667 0.27550000 0.90716667 0.27087500 0.90066667 0.29037500 0.60400000 0.29437500 0.57633333 0.31212500 0.27533333 0.31462500 0.25800000 0.32200000 0.25250000 0.36900000 0.25983333 0.38812500 0.26900000 0.33837500 0.90400000 0.33662500 0.91233333
0 0.40150000 0.92583333 0.35625000 0.92250000 0.34212500 0.91500000 0.39437500 0.26766667 0.40062500 0.21700000 0.40450000 0.20983333 0.41225000 0.20916667 0.47425000 0.22450000 0.47687500 0.24166667 0.46637500 0.37966667 0.41337500 0.89600000 0.40887500 0.92200000
0 0.47125000 0.93383333 0.45725000 0.93316667 0.45387500 0.92666667 0.45837500 0.78300000 0.48562500 0.19566667 0.48700000 0.18950000 0.49825000 0.18916667 0.51650000 0.19350000 0.51812500 0.20533333 0.48237500 0.92533333 0.48025000 0.93216667
0 0.51800000 0.93783333 0.48962500 0.93133333 0.48787500 0.89100000 0.51337500 0.31366667 0.51725000 0.30483333 0.53275000 0.30416667 0.56175000 0.30750000 0.56512500 0.31400000 0.56487500 0.33500000 0.53187500 0.93233333 0.52975000 0.93683333
0 0.57025000 0.94583333 0.54325000 0.93983333 0.53675000 0.93650000 0.53512500 0.93200000 0.56612500 0.36433333 0.56837500 0.35400000 0.57175000 0.35183333 0.63475000 0.35616667 0.63712500 0.36033333 0.63587500 0.40800000 0.59537500 0.90300000 0.58862500 0.94200000
0 0.61150000 0.95516667 0.59575000 0.94983333 0.59437500 0.93966667 0.63562500 0.43166667 0.63837500 0.35833333 0.64250000 0.34850000 0.65475000 0.34850000 0.67000000 0.35183333 0.67087500 0.36133333 0.61787500 0.94400000
0 0.64550000 0.95216667 0.62325000 0.94783333 0.62137500 0.93533333 0.67187500 0.37666667 0.67162500 0.34866667 0.67362500 0.34033333 0.67800000 0.33683333 0.71075000 0.33983333 0.71887500 0.34400000 0.71937500 0.35766667 0.67137500 0.82700000 0.65737500 0.94366667 0.65425000 0.94883333
0 0.68150000 0.94916667 0.66525000 0.94583333 0.66212500 0.93200000 0.71762500 0.41300000 0.72262500 0.34600000 0.72450000 0.34316667 0.73875000 0.34316667 0.77500000 0.34850000 0.78137500 0.35333333 0.78087500 0.36933333 0.71312500 0.93233333 0.70900000 0.94550000
0 0.75975000 0.95183333 0.72475000 0.94683333 0.71962500 0.94366667 0.71787500 0.93166667 0.72462500 0.86633333 0.73137500 0.84200000 0.72912500 0.83333333 0.73187500 0.80066667 0.77712500 0.43233333 0.78537500 0.35400000 0.78387500 0.34166667 0.79150000 0.31750000 0.84975000 0.32183333 0.85325000 0.32883333 0.85837500 0.33033333 0.85862500 0.34166667 0.85162500 0.35666667 0.84137500 0.39566667 0.76962500 0.91133333 0.76412500 0.94533333
0 0.82250000 0.95983333 0.79675000 0.95583333 0.79362500 0.94733333 0.84962500 0.57933333 0.87537500 0.45533333 0.88287500 0.37633333 0.89700000 0.32016667 0.90525000 0.31616667 0.93525000 0.32183333 0.93887500 0.33000000 0.93687500 0.34933333 0.85662500 0.82233333 0.84712500 0.89600000 0.83412500 0.95300000
0 0.85425000 0.94183333 0.84150000 0.94016667 0.84087500 0.93166667 0.84837500 0.90033333 0.85787500 0.82300000 0.93112500 0.38533333 0.93600000 0.36416667 0.95650000 0.36516667 0.96562500 0.36933333 0.96362500 0.39233333 0.90537500 0.73433333 0.86662500 0.93400000 0.86400000 0.93983333
0 0.87875000 0.95777778 0.92458333 0.97555556 0.99975000 0.60049714 0.99975000 0.32444444
0 0.84791667 0.37222222 0.88125000 0.37444444 0.79291667 0.95111111 0.76625000 0.95111111
