0 0.06024774774774774 0.05405405405405406 0.14695945945945946 0.04804804804804805 0.25506756756756754 0.9189189189189189 0.19763513513513514 0.9294294294294294
0 0.15822072072072071 0.06006006006006006 0.24605855855855857 0.06306306306306307 0.3293918918918919 0.8978978978978979 0.2685810810810811 0.9099099099099098
0 0.24943693693693694 0.06906906906906907 0.32376126126126126 0.06756756756756757 0.3947072072072072 0.882882882882883 0.33164414414414417 0.8963963963963963
0 0.3293918918918919 0.06756756756756757 0.3969594594594595 0.06456456456456457 0.4543918918918919 0.8708708708708709 0.3992117117117117 0.8873873873873873
0 0.40033783783783783 0.06306306306306307 0.4712837837837838 0.06906906906906907 0.518581081081081 0.8543543543543544 0.45889639639639634 0.8723723723723724
0 0.4757882882882883 0.05705705705705706 0.5467342342342343 0.061561561561561555 0.5748873873873874 0.8483483483483483 0.5287162162162162 0.8678678678678678
0 0.5523648648648649 0.06606606606606606 0.6176801801801802 0.06006006006006006 0.634572072072072 0.8468468468468469 0.5793918918918919 0.8603603603603605
0 0.6233108108108109 0.08408408408408408 0.7021396396396397 0.07957957957957958 0.7122747747747747 0.8288288288288287 0.6390765765765766 0.8483483483483483
0 0.7134009009009009 0.08258258258258258 0.7911036036036035 0.07357357357357357 0.7877252252252253 0.8198198198198199 0.7179054054054054 0.8348348348348348
0 0.7967342342342343 0.08258258258258258 0.8688063063063063 0.08408408408408408 0.857545045045045 0.7867867867867867 0.7911036036036035 0.8168168168168167
