0 0.13100000 0.42737500 0.08666667 0.42712500 0.07950000 0.42275000 0.08383333 0.21800000 0.09050000 0.02125000 0.09733333 0.01862500 0.14166667 0.01737500 0.14950000 0.02125000 0.14950000 0.03025000 0.14450000 0.11525000 0.13750000 0.40975000 0.13650000 0.42400000
0 0.19766667 0.42812500 0.14266667 0.42687500 0.13950000 0.42425000 0.13950000 0.41600000 0.15316667 0.01750000 0.15833333 0.00912500 0.20533333 0.00412500 0.21933333 0.00962500 0.22983333 0.01775000 0.23383333 0.03925000 0.22683333 0.14875000 0.21750000 0.42000000 0.21266667 0.42587500
0 0.28333333 0.42862500 0.22433333 0.42737500 0.21983333 0.42600000 0.21816667 0.42100000 0.23483333 0.01775000 0.24033333 0.01212500 0.27900000 0.00787500 0.28766667 0.00837500 0.30316667 0.01775000 0.31850000 0.03350000 0.31983333 0.04050000 0.30883333 0.20525000 0.31116667 0.20975000 0.30516667 0.28925000 0.30150000 0.42025000 0.29933333 0.42812500
0 0.34333333 0.42912500 0.33033333 0.42837500 0.32850000 0.42375000 0.32950000 0.31050000 0.33750000 0.07875000 0.34200000 0.07287500 0.35000000 0.07262500 0.36100000 0.07437500 0.36450000 0.07775000 0.35983333 0.22325000 0.35916667 0.39300000 0.35850000 0.42400000 0.35400000 0.42862500
0 0.39500000 0.42862500 0.36900000 0.42812500 0.36083333 0.42025000 0.36150000 0.39250000 0.36650000 0.37150000 0.37683333 0.05175000 0.37950000 0.02900000 0.38866667 0.02437500 0.40266667 0.02537500 0.41316667 0.02950000 0.41111111 0.04611111 0.41083333 0.05875000 0.40650000 0.10425000 0.39916667 0.42400000
0 0.41777778 0.05777778 0.46444444 0.05500000 0.45555556 0.42611111 0.39703704 0.42611111 0.41777778 0.05888889
0 0.10633333 0.94137500 0.09366667 0.94012500 0.08983333 0.93400000 0.08983333 0.87325000 0.07516667 0.65775000 0.07316667 0.48750000 0.07800000 0.48012500 0.09666667 0.47987500 0.10350000 0.48250000 0.10716667 0.71350000 0.11350000 0.76950000 0.11816667 0.91400000 0.11750000 0.93825000
0 0.13333333 0.94137500 0.10616667 0.93950000 0.11583333 0.93725000 0.11683333 0.88575000 0.10283333 0.49800000 0.10483333 0.48275000 0.12033333 0.48062500 0.13100000 0.48112500 0.13583333 0.48575000 0.13716667 0.71350000 0.14683333 0.93650000 0.14333333 0.94037500
0 0.16400000 0.94062500 0.15033333 0.93987500 0.14750000 0.93625000 0.13650000 0.60000000 0.13550000 0.48875000 0.14100000 0.48187500 0.16233333 0.48187500 0.16783333 0.48875000 0.16783333 0.71350000 0.17883333 0.92800000 0.17450000 0.93800000
0 0.19366667 0.93337500 0.18083333 0.93175000 0.17883333 0.92125000 0.16950000 0.62100000 0.16850000 0.48900000 0.17366667 0.48287500 0.18966667 0.48312500 0.19116667 0.48575000 0.19050000 0.64300000 0.19616667 0.92375000
0 0.21666667 0.94437500 0.19966667 0.94362500 0.19550000 0.93175000 0.19083333 0.48650000 0.19366667 0.48237500 0.20133333 0.48162500 0.21733333 0.48212500 0.22483333 0.48950000 0.22150000 0.72150000 0.22650000 0.93650000
0 0.27300000 0.94412500 0.24566667 0.94362500 0.23266667 0.94112500 0.22783333 0.93600000 0.22450000 0.63525000 0.22516667 0.50475000 0.22866667 0.49862500 0.28966667 0.49887500 0.29516667 0.50500000 0.28950000 0.65800000 0.29116667 0.93625000 0.28733333 0.94262500
0 0.34200000 0.95237500 0.29966667 0.94912500 0.29350000 0.94200000 0.29183333 0.72650000 0.29450000 0.57250000 0.34066667 0.56012500 0.38150000 0.56475000 0.37900000 0.56837500 0.35900000 0.57337500 0.35383333 0.58200000 0.35150000 0.94350000 0.34716667 0.95100000
0 0.41366667 0.95687500 0.37600000 0.95562500 0.36166667 0.95237500 0.35583333 0.94750000 0.35216667 0.84450000 0.35583333 0.58100000 0.35716667 0.57750000 0.36500000 0.57337500 0.38500000 0.57312500 0.41133333 0.56562500 0.43600000 0.56837500 0.43966667 0.57237500 0.44366667 0.57087500 0.44650000 0.57625000 0.43850000 0.94775000 0.43500000 0.95362500
0 0.45866667 0.95987500 0.44466667 0.95912500 0.44050000 0.95525000 0.44850000 0.56250000 0.44950000 0.55625000 0.45966667 0.54862500 0.47366667 0.54687500 0.46583333 0.93700000 0.46483333 0.95550000
0 0.49033333 0.96312500 0.47066667 0.96087500 0.46650000 0.95550000 0.47016667 0.88700000 0.46950000 0.76300000 0.47683333 0.54075000 0.47866667 0.53612500 0.49833333 0.53287500 0.50250000 0.53500000 0.50416667 0.54100000 0.49850000 0.87750000 0.49483333 0.95950000
0 0.50233333 0.89212500 0.50550000 0.53925000 0.50083333 0.52950000 0.50600000 0.52887500 0.54133333 0.53162500 0.54416667 0.53500000 0.54483333 0.54675000 0.53450000 0.88900000 0.52933333 0.89187500 0.50966667 0.88887500
0 0.56100000 0.96212500 0.54066667 0.96137500 0.53783333 0.95575000 0.54350000 0.60600000 0.54483333 0.58950000 0.54783333 0.58000000 0.55200000 0.57862500 0.56516667 0.58025000 0.57016667 0.60575000 0.56616667 0.95925000
0 0.64366667 0.97762500 0.58766667 0.97362500 0.57716667 0.95925000 0.57450000 0.94250000 0.57216667 0.84175000 0.57583333 0.79100000 0.56950000 0.58750000 0.57116667 0.54875000 0.58033333 0.54087500 0.63866667 0.54387500 0.65150000 0.55675000 0.66083333 0.97050000 0.65800000 0.97537500
0 0.67600000 0.96612500 0.66533333 0.96537500 0.66150000 0.96100000 0.65416667 0.60025000 0.65450000 0.58975000 0.65833333 0.58362500 0.68250000 0.59950000 0.68483333 0.60925000 0.69016667 0.96125000 0.68600000 0.96587500
0 0.70333333 0.95562500 0.69333333 0.95562500 0.69050000 0.95050000 0.68550000 0.60975000 0.68283333 0.59800000 0.65650000 0.57650000 0.65216667 0.54425000 0.65416667 0.53900000 0.66200000 0.53512500 0.68166667 0.53562500 0.70166667 0.54112500 0.70916667 0.54775000 0.71016667 0.55550000 0.71816667 0.92350000 0.71750000 0.95125000 0.71333333 0.95437500
0 0.74833333 0.96637500 0.72666667 0.96487500 0.72283333 0.95625000 0.71333333 0.57537500 0.75200000 0.59037500 0.75650000 0.59625000 0.76050000 0.95550000 0.75916667 0.96375000
0 0.77700000 0.95362500 0.76333333 0.95237500 0.76083333 0.94750000 0.76216667 0.85375000 0.75650000 0.59275000 0.76000000 0.58512500 0.79100000 0.58662500 0.79450000 0.60775000 0.80050000 0.94375000 0.79700000 0.95137500
0 0.82300000 0.94812500 0.80733333 0.94737500 0.80216667 0.94375000 0.80150000 0.93850000 0.79533333 0.60312500 0.80000000 0.60362500 0.80300000 0.60662500 0.81100000 0.60662500 0.82633333 0.61362500 0.83183333 0.62250000 0.83616667 0.87875000 0.83983333 0.94400000 0.83733333 0.94662500
0 0.85566667 0.93462500 0.84200000 0.93387500 0.83983333 0.92975000 0.83650000 0.70375000 0.83316667 0.65125000 0.83433333 0.61862500 0.83800000 0.62037500 0.87133333 0.62062500 0.87516667 0.62375000 0.86983333 0.92850000 0.86600000 0.93337500
0 0.92033333 0.95512500 0.89266667 0.95337500 0.88116667 0.93625000 0.87316667 0.93050000 0.87183333 0.92525000 0.87583333 0.80400000 0.87616667 0.62375000 0.88066667 0.61912500 0.88533333 0.62037500 0.89766667 0.61812500 0.90100000 0.61987500 0.90066667 0.61462500 0.91633333 0.61912500 0.92150000 0.62450000 0.93983333 0.81825000 0.94116667 0.95200000 0.93933333 0.95387500 0.93150000 0.94750000 0.92800000 0.94012500 0.92616667 0.95175000
