0 0.07650000 0.88183333 0.06362500 0.88066667 0.05287500 0.83766667 0.04562500 0.75466667 0.02137500 0.58866667 0.00312500 0.42366667 0.00012500 0.41933333 0.00025000 0.10316667 0.00600000 0.10283333 0.01012500 0.11433333 0.04387500 0.41633333 0.10212500 0.87266667 0.09975000 0.87816667
0 0.13150000 0.89850000 0.11500000 0.89683333 0.10737500 0.88900000 0.09387500 0.80300000 0.00262500 0.03766667 0.00675000 0.00016667 0.05675000 0.00016667 0.05837500 0.00933333 0.09862500 0.41700000 0.15387500 0.88466667 0.15000000 0.89450000
0 0.17400000 0.90550000 0.15812500 0.90200000 0.15462500 0.84933333 0.15012500 0.84566667 0.15187500 0.83400000 0.14662500 0.82500000 0.14262500 0.79933333 0.13912500 0.73266667 0.12637500 0.65400000 0.07887500 0.20500000 0.07962500 0.17900000 0.09175000 0.17450000 0.10775000 0.17450000 0.12800000 0.18283333 0.14125000 0.18950000 0.15062500 0.20066667 0.14050000 0.20916667 0.11975000 0.21283333 0.11687500 0.21700000 0.15562500 0.54900000 0.15837500 0.59833333 0.16237500 0.61000000 0.16462500 0.65433333 0.16662500 0.67000000 0.17062500 0.67500000 0.17387500 0.72700000 0.17787500 0.73666667 0.19587500 0.87666667 0.19487500 0.88866667 0.19100000 0.89383333
0 0.21400000 0.89383333 0.19750000 0.89283333 0.19587500 0.88900000 0.19537500 0.86066667 0.11812500 0.22500000 0.11925000 0.21616667 0.13050000 0.21283333 0.15425000 0.21216667 0.15637500 0.22333333 0.21487500 0.77600000 0.22912500 0.86900000 0.22912500 0.89066667
0 0.25075000 0.93016667 0.23775000 0.92816667 0.23337500 0.91900000 0.22937500 0.86266667 0.20387500 0.67000000 0.15037500 0.14566667 0.15137500 0.11966667 0.15800000 0.11050000 0.22225000 0.11116667 0.22862500 0.13866667 0.27912500 0.71700000 0.30112500 0.90400000 0.30062500 0.91200000 0.29125000 0.92016667
0 0.32800000 0.92183333 0.31050000 0.92050000 0.30537500 0.89533333 0.28137500 0.65800000 0.27462500 0.62333333 0.21750000 0.00016667 0.26325000 0.00016667 0.26687500 0.01966667 0.28187500 0.20766667 0.35412500 0.89966667 0.34625000 0.91716667
0 0.38675000 0.90716667 0.36900000 0.90550000 0.36112500 0.89966667 0.35012500 0.85033333 0.33387500 0.65866667 0.27812500 0.13100000 0.28225000 0.11783333 0.34850000 0.09683333 0.37825000 0.10250000 0.38462500 0.11533333 0.38312500 0.15333333 0.39437500 0.31866667 0.44212500 0.87700000 0.44137500 0.89366667 0.43600000 0.90050000
0 0.52700000 0.94450000 0.45450000 0.94216667 0.44737500 0.92866667 0.38837500 0.18600000 0.38812500 0.13900000 0.40200000 0.12683333 0.48300000 0.11750000 0.48687500 0.11933333 0.48912500 0.13066667 0.50537500 0.45666667 0.53737500 0.91700000 0.53337500 0.94066667
0 0.56450000 0.94750000 0.55025000 0.94416667 0.54512500 0.93200000 0.53312500 0.82333333 0.52887500 0.72866667 0.52137500 0.67166667 0.50187500 0.33200000 0.50037500 0.25400000 0.49762500 0.24700000 0.49762500 0.18566667 0.51750000 0.17383333 0.53325000 0.17083333 0.55750000 0.17083333 0.56862500 0.17600000 0.57387500 0.24400000 0.59462500 0.92833333 0.58900000 0.93850000
0 0.61600000 0.92916667 0.59962500 0.92200000 0.59437500 0.87933333 0.57412500 0.17700000 0.56312500 0.16666667 0.57625000 0.16083333 0.64025000 0.16616667 0.65550000 0.16983333 0.65962500 0.17700000 0.65712500 0.19033333 0.66362500 0.32233333 0.67712500 0.89000000 0.67000000 0.91250000
0 0.71375000 0.92083333 0.69675000 0.92016667 0.68625000 0.91416667 0.68262500 0.89133333 0.68112500 0.82966667 0.68487500 0.82233333 0.68162500 0.81633333 0.68462500 0.79100000 0.68162500 0.78333333 0.68012500 0.73633333 0.67987500 0.21600000 0.68162500 0.20500000 0.69350000 0.19150000 0.71375000 0.18050000 0.73725000 0.17950000 0.74812500 0.19000000 0.75362500 0.29466667 0.75662500 0.45366667 0.75562500 0.78400000 0.76037500 0.84066667 0.76037500 0.90066667 0.75450000 0.91250000
0 0.80750000 0.93850000 0.77375000 0.93583333 0.76662500 0.93166667 0.76287500 0.91800000 0.75887500 0.21466667 0.75962500 0.20133333 0.76575000 0.19716667 0.81925000 0.19316667 0.84225000 0.19550000 0.84487500 0.21100000 0.84137500 0.63366667 0.83737500 0.69633333 0.83337500 0.92833333 0.82775000 0.93616667
0 0.85250000 0.92883333 0.83687500 0.92466667 0.83487500 0.90533333 0.84037500 0.68966667 0.84487500 0.63566667 0.84787500 0.21933333 0.85000000 0.21150000 0.86425000 0.20983333 0.87750000 0.21283333 0.88512500 0.22100000 0.88787500 0.30366667 0.87237500 0.92033333 0.86975000 0.92483333
0 0.95291667 0.18888889 0.99975000 0.18341131 0.99975000 0.65888889 0.93708333 0.94888889 0.88291667 0.94333333
