0 0.010347188313802108 0.18759223090277782 0.05784718831380211 0.19259223090277774 0.0928471883138021 0.9999999999999999 0.049097188313802116 0.9992588975694443
0 0.06784718831380211 0.23592556423611108 0.1303471883138021 0.23259223090277778 0.1603471883138021 0.9992588975694443 0.09159718831380209 0.9999999999999999
0 0.13909718831380213 0.20759223090277784 0.26534718831380205 0.19925889756944445 0.2890971883138021 0.9975922309027777 0.1665971883138021 0.9999999999999999
0 0.28159718831380204 0.2392588975694445 0.33284718831380206 0.2425922309027778 0.34784718831380207 0.9992588975694443 0.30534718831380203 0.9999999999999999
0 0.3340971883138021 0.25259223090277777 0.402847188313802 0.25092556423611106 0.41659718831380205 0.9992588975694443 0.34534718831380207 0.9999999999999999
0 0.41116141322317606 0.2136741405786128 0.4717469344211743 0.2023648432883198 0.5517198224025321 0.9859375841157643 0.49113430120453383 0.9956312675074438
0 0.4814406178128541 0.20398045718693308 0.5335441660431326 0.19267115989664008 0.6098819227526104 0.9907844258116041 0.554143243250452 0.9999999999999999
0 0.5432378494348123 0.23629273515919885 0.5965531080890508 0.22659905176751913 0.666832312678729 0.9907844258116041 0.6098819227526104 0.9972468814060571
0 0.6001882393609308 0.24598641855087855 0.6413863937755697 0.23629273515919885 0.7068187566694077 0.9730126729268579 0.6728908647985287 0.9810907424199243
0 0.7080304670933677 0.1377402873437883 0.8279897990654044 0.13127783174933513 0.8195078260976846 0.9972468814060571 0.7116655983652477 0.9956312675074438
0 0.841318613728964 0.12966221785072185 0.9685482082447603 0.13289344564794844 0.9334086059499214 0.9999999999999999 0.8219312469456045 0.9999999999999999
0 0.9624896561249605 0.29122360771205064 0.9891472854520799 0.2896079938134373 0.9649130769728805 0.9859375841157643 0.9334086059499214 0.9859375841157643
