0 0.21002252252252251 0.10360360360360359 0.26182432432432434 0.10810810810810811 0.29335585585585583 0.8618618618618619 0.2483108108108108 0.8603603603603605
0 0.2685810810810811 0.11411411411411412 0.3158783783783784 0.1126126126126126 0.3384009009009009 0.8543543543543544 0.30011261261261263 0.8588588588588588
0 0.32376126126126126 0.11411411411411412 0.3721846846846847 0.11711711711711711 0.3856981981981982 0.8663663663663663 0.34403153153153154 0.8693693693693693
0 0.37894144144144143 0.12312312312312311 0.42961711711711714 0.12912912912912913 0.4318693693693693 0.8618618618618619 0.3902027027027027 0.8648648648648649
0 0.4341216216216216 0.12912912912912913 0.4802927927927928 0.13363363363363365 0.4746621621621621 0.8648648648648649 0.4363738738738739 0.8678678678678678
0 0.4814189189189189 0.12912912912912913 0.5320945945945946 0.13213213213213212 0.518581081081081 0.8648648648648649 0.4780405405405405 0.8678678678678678
0 0.5365990990990991 0.13663663663663664 0.5827702702702703 0.13663663663663664 0.5625 0.8693693693693693 0.5208333333333334 0.8678678678678678
0 0.5884009009009009 0.14114114114114112 0.6379504504504505 0.14414414414414414 0.6052927927927927 0.8753753753753754 0.5670045045045046 0.8693693693693693
0 0.6413288288288288 0.14564564564564564 0.6807432432432432 0.15015015015015015 0.6503378378378378 0.8693693693693693 0.6109234234234234 0.8723723723723724
0 0.6908783783783783 0.14864864864864866 0.7393018018018018 0.15615615615615616 0.6920045045045045 0.8708708708708709 0.6537162162162162 0.8753753753753754
0 0.7528153153153153 0.16216216216216214 0.7956081081081081 0.16216216216216214 0.7381756756756757 0.8738738738738739 0.696509009009009 0.8783783783783783
0 0.8001126126126126 0.15615615615615616 0.8496621621621622 0.16666666666666666 0.7820945945945946 0.8753753753753754 0.7426801801801802 0.8813813813813814
0 0.8552927927927927 0.16216216216216214 0.9543918918918919 0.16816816816816815 0.8688063063063063 0.882882882882883 0.7843468468468469 0.8798798798798798
