0 0.009572072072072071 0.14414414414414414 0.05912162162162162 0.14414414414414414 0.07488738738738739 0.8693693693693693 0.02759009009009009 0.8723723723723724
0 0.07038288288288289 0.16216216216216214 0.10979729729729729 0.16366366366366367 0.11993243243243243 0.8573573573573573 0.07939189189189189 0.8648648648648649
0 0.11768018018018017 0.18318318318318316 0.1875 0.1906906906906907 0.19313063063063063 0.8633633633633634 0.11993243243243243 0.8648648648648649
0 0.1920045045045045 0.20270270270270271 0.25506756756756754 0.19969969969969972 0.26182432432432434 0.8663663663663663 0.19425675675675674 0.8648648648648649
0 0.26182432432432434 0.27477477477477474 0.30123873873873874 0.27627627627627627 0.303490990990991 0.8528528528528528 0.26407657657657657 0.8543543543543544
0 0.30123873873873874 0.16216216216216214 0.34177927927927926 0.16066066066066065 0.34403153153153154 0.8768768768768769 0.3057432432432432 0.882882882882883
0 0.348536036036036 0.24324324324324323 0.38231981981981983 0.24324324324324323 0.3856981981981982 0.8708708708708709 0.3541666666666667 0.8753753753753754
0 0.38344594594594594 0.22072072072072074 0.4352477477477477 0.2252252252252252 0.4352477477477477 0.8678678678678678 0.38795045045045046 0.8723723723723724
0 0.4375 0.18618618618618618 0.5129504504504505 0.18768768768768768 0.509572072072072 0.8888888888888888 0.4352477477477477 0.8813813813813814 0.4375 0.2672672672672673
0 0.517454954954955 0.2132132132132132 0.5748873873873874 0.2132132132132132 0.5692567567567568 0.882882882882883 0.5118243243243243 0.8948948948948949
0 0.5793918918918919 0.15315315315315317 0.6199324324324323 0.15465465465465467 0.615427927927928 0.9009009009009008 0.5748873873873874 0.9009009009009008
0 0.6278153153153153 0.18018018018018017 0.7043918918918919 0.1786786786786787 0.6976351351351351 0.9069069069069069 0.6233108108108109 0.9084084084084084
0 0.7088963963963965 0.15465465465465467 0.7449324324324323 0.16216216216216214 0.7347972972972973 0.9009009009009008 0.696509009009009 0.9009009009009008
0 0.7640765765765766 0.12012012012012012 0.8316441441441441 0.12612612612612614 0.8226351351351351 0.912912912912913 0.7460585585585585 0.9159159159159159
0 0.8429054054054054 0.13363363363363365 0.9104729729729729 0.14114114114114112 0.9025900900900901 0.912912912912913 0.8271396396396397 0.9099099099099098
0 0.9307432432432432 0.12612612612612614 0.9983108108108109 0.13063063063063063 0.9735360360360361 0.912912912912913 0.9104729729729729 0.9084084084084084
