0 0.09275000 0.82916667 0.04900000 0.82550000 0.04262500 0.80833333 0.05612500 0.07500000 0.05762500 0.04533333 0.06137500 0.03333333 0.06675000 0.02950000 0.13100000 0.04083333 0.18350000 0.05616667 0.18012500 0.14000000 0.18812500 0.16766667 0.17512500 0.44266667 0.16487500 0.80633333 0.15050000 0.82450000
0 0.27175000 0.82883333 0.18800000 0.82250000 0.17962500 0.81566667 0.17687500 0.80666667 0.17437500 0.73566667 0.17787500 0.63400000 0.18087500 0.62366667 0.19312500 0.18733333 0.19987500 0.08500000 0.20475000 0.07350000 0.21625000 0.06850000 0.25600000 0.07383333 0.27550000 0.08950000 0.29000000 0.08150000 0.30050000 0.08216667 0.31887500 0.09566667 0.28737500 0.81200000 0.28350000 0.82650000
0 0.34225000 0.85483333 0.29125000 0.85083333 0.28837500 0.84433333 0.32112500 0.08800000 0.32625000 0.08050000 0.38850000 0.09183333 0.39387500 0.10266667 0.37862500 0.40966667 0.35412500 0.79633333 0.35437500 0.84300000 0.34975000 0.85383333
0 0.41250000 0.86083333 0.37425000 0.85950000 0.36062500 0.85033333 0.38837500 0.34233333 0.39737500 0.10633333 0.40350000 0.09583333 0.46300000 0.10516667 0.46987500 0.11133333 0.42562500 0.85166667 0.42375000 0.85850000
0 0.47550000 0.85983333 0.43325000 0.85816667 0.42912500 0.85066667 0.46712500 0.18133333 0.47062500 0.12666667 0.47475000 0.11350000 0.52050000 0.11916667 0.53587500 0.12700000 0.48837500 0.84933333 0.48625000 0.85783333
0 0.55375000 0.90916667 0.50075000 0.90483333 0.49662500 0.89633333 0.49412500 0.85366667 0.51562500 0.61933333 0.52362500 0.45133333 0.53062500 0.38900000 0.53462500 0.29866667 0.53887500 0.27833333 0.54387500 0.18666667 0.54062500 0.12333333 0.54550000 0.11116667 0.55800000 0.10750000 0.61575000 0.11450000 0.62087500 0.12433333 0.57137500 0.77566667 0.56537500 0.89800000 0.56250000 0.90683333
0 0.62700000 0.92416667 0.57800000 0.92116667 0.57062500 0.91566667 0.56762500 0.90000000 0.59262500 0.63166667 0.60812500 0.42033333 0.61062500 0.32600000 0.62312500 0.26400000 0.62762500 0.21000000 0.62812500 0.18966667 0.62237500 0.18600000 0.62412500 0.11400000 0.62975000 0.10350000 0.64000000 0.10083333 0.69650000 0.10750000 0.70425000 0.11116667 0.70487500 0.11733333 0.63487500 0.91466667 0.63275000 0.92183333
0 0.68800000 0.92850000 0.64600000 0.92516667 0.63812500 0.91800000 0.65562500 0.77166667 0.66012500 0.70466667 0.66887500 0.65200000 0.67362500 0.54866667 0.68637500 0.42800000 0.68537500 0.37633333 0.70162500 0.27933333 0.71387500 0.13900000 0.72475000 0.13616667 0.72875000 0.14216667 0.77175000 0.14250000 0.77937500 0.15833333 0.77637500 0.19966667 0.71712500 0.80833333 0.70537500 0.91700000 0.70125000 0.92550000
0 0.76150000 0.92883333 0.71600000 0.92416667 0.70837500 0.91533333 0.74237500 0.60066667 0.78112500 0.15933333 0.78700000 0.14916667 0.81875000 0.15050000 0.84412500 0.15866667 0.84262500 0.18866667 0.77162500 0.92133333 0.76775000 0.92816667
0 0.82850000 0.93650000 0.78725000 0.93383333 0.77887500 0.92800000 0.77412500 0.91566667 0.79537500 0.78766667 0.84662500 0.29133333 0.85487500 0.16966667 0.86575000 0.16083333 0.90050000 0.16216667 0.91350000 0.16550000 0.91712500 0.17266667 0.90462500 0.32633333 0.84437500 0.90300000 0.84037500 0.92866667
