0 0.06016791044776119 0.10945273631840795 0.1310634328358209 0.10696517412935323 0.17490671641791045 0.8656716417910447 0.11520522388059701 0.876865671641791
0 0.14319029850746268 0.11815920398009949 0.20569029850746268 0.1281094527363184 0.23460820895522386 0.86318407960199 0.18236940298507462 0.8694029850746268
0 0.2159514925373134 0.0808457711442786 0.27845149253731344 0.08333333333333333 0.29244402985074625 0.8582089552238805 0.24113805970149252 0.86318407960199
0 0.2859141791044776 0.08955223880597014 0.345615671641791 0.0907960199004975 0.345615671641791 0.8519900497512437 0.2971082089552239 0.8544776119402985
0 0.3502798507462686 0.1044776119402985 0.41930970149253727 0.10572139303482586 0.39972014925373134 0.8606965174129353 0.3493470149253731 0.8569651741293531
0 0.4239738805970149 0.09950248756218905 0.4846082089552239 0.1044776119402985 0.45382462686567165 0.8594527363184079 0.40158582089552236 0.8606965174129353
0 0.49393656716417905 0.09701492537313432 0.5471082089552238 0.10199004975124377 0.5004664179104478 0.8569651741293531 0.4556902985074627 0.8557213930348259
0 0.5517723880597015 0.15422885572139303 0.6124067164179103 0.15920398009950248 0.5620335820895521 0.8557213930348259 0.511660447761194 0.8582089552238805
0 0.6217350746268656 0.15422885572139303 0.677705223880597 0.1616915422885572 0.6226679104477612 0.8582089552238805 0.5750932835820894 0.8619402985074627
0 0.6898320895522388 0.15796019900497513 0.7476679104477612 0.16417910447761194 0.6870335820895521 0.8694029850746268 0.6329291044776119 0.8694029850746268
0 0.7495335820895521 0.16293532338308456 0.8073694029850745 0.17039800995024876 0.7374067164179103 0.8606965174129353 0.6870335820895521 0.8669154228855721
0 0.8185634328358209 0.16915422885572137 0.8773320895522387 0.17412935323383083 0.7971082089552238 0.8706467661691542 0.7448694029850745 0.8731343283582088
0 0.9015858208955224 0.1281094527363184 0.9668843283582089 0.13308457711442787 0.867070895522388 0.8868159203980099 0.8083022388059701 0.8855721393034824
