0 0.0005005005005005005 0.13063063063063063 0.08058058058058057 0.13063063063063063 0.18268268268268267 0.9204204204204204 0.1066066066066066 0.9264264264264264
0 0.08858858858858859 0.08858858858858858 0.17467467467467468 0.08408408408408408 0.24874874874874872 0.9249249249249248 0.18668668668668667 0.9309309309309309
0 0.19269269269269268 0.10210210210210209 0.27877877877877877 0.1006006006006006 0.32282282282282276 0.9189189189189189 0.25675675675675674 0.9309309309309309
0 0.28678678678678676 0.09309309309309309 0.3968968968968969 0.1036036036036036 0.4129129129129129 0.9189189189189189 0.3328328328328328 0.9129129129129128
0 0.40890890890890885 0.1006006006006006 0.484984984984985 0.10210210210210209 0.484984984984985 0.9129129129129128 0.4229229229229229 0.9114114114114114
0 0.4829829829829829 0.1036036036036036 0.5690690690690691 0.1066066066066066 0.555055055055055 0.8978978978978978 0.48698698698698695 0.9054054054054053
0 0.585085085085085 0.1006006006006006 0.6691691691691691 0.1036036036036036 0.6251251251251251 0.9174174174174173 0.561061061061061 0.9159159159159159
0 0.6711711711711711 0.1036036036036036 0.7512512512512513 0.1081081081081081 0.6931931931931931 0.9129129129129128 0.6331331331331331 0.9144144144144144
0 0.7652652652652652 0.1141141141141141 0.8313313313313314 0.11261261261261261 0.7632632632632632 0.9069069069069069 0.7072072072072072 0.9129129129129128
0 0.8313313313313314 0.14714714714714713 0.9254254254254255 0.15015015015015015 0.9054054054054054 0.8888888888888888 0.8093093093093092 0.9009009009009009
0 0.9294294294294294 0.13213213213213212 1.0 0.12612612612612611 0.9854854854854854 0.8828828828828829 0.9134134134134133 0.8888888888888888
