0 0.05125000 0.72583333 0.03350000 0.72450000 0.02737500 0.71733333 0.00462500 0.26166667 0.00312500 0.20533333 0.00600000 0.20016667 0.03075000 0.20116667 0.03512500 0.21133333 0.03487500 0.25300000 0.04137500 0.35166667 0.03962500 0.38133333 0.04812500 0.54300000 0.04762500 0.58433333 0.05637500 0.71933333 0.05450000 0.72483333
0 0.08200000 0.73316667 0.06450000 0.73083333 0.05762500 0.72466667 0.05037500 0.61933333 0.04487500 0.42933333 0.03987500 0.37733333 0.04187500 0.36466667 0.03737500 0.29966667 0.03587500 0.21700000 0.03725000 0.20616667 0.05000000 0.20216667 0.06500000 0.20283333 0.06887500 0.21200000 0.07387500 0.31800000 0.07387500 0.42000000 0.07712500 0.44933333 0.08012500 0.60766667 0.08787500 0.71566667 0.08712500 0.72900000
0 0.11025000 0.73683333 0.09037500 0.73266667 0.08687500 0.69000000 0.07062500 0.23300000 0.07137500 0.20900000 0.07950000 0.20350000 0.09225000 0.20383333 0.09975000 0.20750000 0.10387500 0.21633333 0.10487500 0.22866667 0.10387500 0.25033333 0.09262500 0.25200000 0.10350000 0.25350000 0.10562500 0.25933333 0.10762500 0.40466667 0.11037500 0.43033333 0.10887500 0.46733333 0.11237500 0.51033333 0.11112500 0.62300000 0.11637500 0.65700000 0.11837500 0.72033333 0.11787500 0.73233333
0 0.10562500 0.20916667 0.13812500 0.20666667 0.15250000 0.73750000 0.11875000 0.73666667
0 0.13937500 0.20833333 0.17625000 0.20833333 0.18312500 0.74750000 0.15187500 0.74500000
0 0.17500000 0.20833333 0.21375000 0.20916667 0.21750000 0.75333333 0.18375000 0.75166667
0 0.21437500 0.21166667 0.24812500 0.21250000 0.25000000 0.75500000 0.21750000 0.75583333
0 0.25125000 0.20916667 0.28750000 0.21000000 0.28562500 0.75666667 0.25187500 0.76000000
0 0.29125000 0.21000000 0.32625000 0.20750000 0.32250000 0.76083333 0.28500000 0.76416667
0 0.32937500 0.20916667 0.36812500 0.20916667 0.35437500 0.76416667 0.32437500 0.76500000
0 0.37000000 0.21500000 0.40562500 0.21333333 0.38687500 0.76166667 0.35500000 0.76333333
0 0.41187500 0.22083333 0.44500000 0.21750000 0.42937500 0.76916667 0.38812500 0.76666667
0 0.45062500 0.21916667 0.49062500 0.22000000 0.46500000 0.76833333 0.43000000 0.76750000
0 0.47125000 0.78250000 0.50500000 0.78333333 0.52625000 0.22583333 0.49187500 0.22166667
0 0.52750000 0.78250000 0.50900000 0.78150000 0.50387500 0.77566667 0.52412500 0.28700000 0.53087500 0.23233333 0.53750000 0.22616667 0.55450000 0.22483333 0.56362500 0.22866667 0.56037500 0.34266667 0.55437500 0.41566667 0.53812500 0.76966667 0.53550000 0.78016667
0 0.56900000 0.79150000 0.54550000 0.78783333 0.53912500 0.77966667 0.54787500 0.58000000 0.56212500 0.34833333 0.56262500 0.29800000 0.56837500 0.21800000 0.60000000 0.21516667 0.60837500 0.22100000 0.60837500 0.23700000 0.59012500 0.47433333 0.57662500 0.78466667
0 0.61125000 0.79583333 0.58425000 0.79383333 0.57975000 0.79216667 0.57812500 0.78766667 0.59437500 0.45500000 0.60562500 0.28500000 0.61150000 0.24183333 0.62250000 0.23883333 0.65425000 0.23983333 0.65587500 0.24800000 0.64162500 0.43966667 0.62087500 0.78933333 0.61925000 0.79350000
0 0.66225000 0.80450000 0.63200000 0.80116667 0.62350000 0.79650000 0.62162500 0.79100000 0.65587500 0.25233333 0.65762500 0.24166667 0.66225000 0.23716667 0.70550000 0.23816667 0.70862500 0.24500000 0.68262500 0.62733333 0.66812500 0.79900000
0 0.71025000 0.82083333 0.67950000 0.81883333 0.67237500 0.81400000 0.67037500 0.80366667 0.70887500 0.26166667 0.71162500 0.23633333 0.71700000 0.22950000 0.76400000 0.23150000 0.76912500 0.23566667 0.76962500 0.24533333 0.72937500 0.73466667 0.72162500 0.81400000 0.71825000 0.81883333
0 0.76650000 0.82683333 0.74400000 0.82650000 0.73200000 0.82250000 0.72487500 0.81466667 0.72437500 0.79733333 0.77012500 0.24833333 0.77775000 0.23650000 0.78325000 0.23483333 0.81500000 0.23650000 0.82512500 0.25166667 0.82362500 0.28400000 0.77787500 0.77500000 0.77237500 0.82100000
0 0.81850000 0.83216667 0.78325000 0.82883333 0.77550000 0.82283333 0.77437500 0.81733333 0.79387500 0.63833333 0.82562500 0.27566667 0.82837500 0.25233333 0.83400000 0.24050000 0.87750000 0.24016667 0.88187500 0.24733333 0.84262500 0.67266667 0.82737500 0.81433333 0.82437500 0.82933333
0 0.87375000 0.84483333 0.85250000 0.84416667 0.83450000 0.83883333 0.82837500 0.83100000 0.82762500 0.82500000 0.87162500 0.38866667 0.88312500 0.24400000 0.88600000 0.23883333 0.89650000 0.23583333 0.93950000 0.23783333 0.94362500 0.24033333 0.94437500 0.24600000 0.90487500 0.64966667 0.88512500 0.82833333 0.88262500 0.84233333
0 0.92825000 0.85183333 0.89225000 0.84683333 0.88462500 0.84066667 0.90287500 0.68733333 0.94537500 0.25166667 0.94662500 0.24333333 0.95125000 0.24050000 0.99975000 0.24116667 0.99975000 0.30533333 0.99787500 0.30700000 0.95262500 0.73000000 0.93762500 0.84700000
