0 0.04000000 0.88316667 0.01050000 0.88216667 0.00462500 0.87300000 0.00287500 0.77433333 0.00212500 0.75566667 0.00012500 0.75533333 0.00025000 0.32650000 0.05000000 0.32683333 0.05950000 0.33016667 0.06162500 0.33466667 0.06487500 0.68533333 0.06312500 0.75633333 0.06637500 0.85766667 0.06462500 0.86833333 0.06075000 0.86583333 0.05700000 0.87783333
0 0.09425000 0.87116667 0.07325000 0.86950000 0.07112500 0.84866667 0.07062500 0.59433333 0.06637500 0.33766667 0.06850000 0.33316667 0.08425000 0.33150000 0.10475000 0.33283333 0.10862500 0.33800000 0.11162500 0.86600000 0.10825000 0.87016667
0 0.14225000 0.87250000 0.11525000 0.87150000 0.11237500 0.86533333 0.10937500 0.33433333 0.11475000 0.33050000 0.15025000 0.33216667 0.15450000 0.33350000 0.15612500 0.33800000 0.15712500 0.85833333 0.15525000 0.87150000
0 0.18100000 0.87550000 0.16275000 0.87516667 0.15662500 0.86933333 0.15737500 0.36333333 0.15762500 0.33766667 0.16175000 0.33216667 0.20550000 0.33483333 0.21375000 0.33783333 0.21712500 0.34566667 0.21412500 0.37300000 0.21187500 0.55666667 0.21087500 0.86533333 0.20950000 0.86950000 0.20150000 0.87416667
0 0.24100000 0.86950000 0.22025000 0.86850000 0.21512500 0.86300000 0.21587500 0.43733333 0.21662500 0.39166667 0.22025000 0.38816667 0.24525000 0.38850000 0.25200000 0.39116667 0.25362500 0.40833333 0.24862500 0.85866667 0.24787500 0.86533333
0 0.29050000 0.87016667 0.25950000 0.86983333 0.24987500 0.86566667 0.25587500 0.41100000 0.25837500 0.33933333 0.26375000 0.33383333 0.31375000 0.33683333 0.32037500 0.34533333 0.31837500 0.36500000 0.31837500 0.54600000 0.31062500 0.74266667 0.30937500 0.85766667 0.30650000 0.86683333
0 0.34500000 0.86350000 0.31800000 0.86283333 0.31387500 0.85800000 0.32337500 0.56833333 0.32737500 0.34533333 0.33250000 0.33883333 0.36075000 0.34016667 0.36562500 0.34366667 0.36687500 0.34966667 0.35212500 0.85733333 0.35025000 0.86183333
0 0.38875000 0.85950000 0.36025000 0.85950000 0.35587500 0.85500000 0.35837500 0.74066667 0.36737500 0.55733333 0.37237500 0.34900000 0.37475000 0.34383333 0.38250000 0.34216667 0.41675000 0.34550000 0.42137500 0.35333333 0.42212500 0.37100000 0.40487500 0.84500000 0.40075000 0.85616667
0 0.45050000 0.85483333 0.41200000 0.85250000 0.40787500 0.84966667 0.40687500 0.84200000 0.41187500 0.70833333 0.42012500 0.57866667 0.42612500 0.37733333 0.42862500 0.35066667 0.43425000 0.34450000 0.47875000 0.34583333 0.48425000 0.34816667 0.48662500 0.35366667 0.46587500 0.84433333 0.46400000 0.85116667
0 0.48925000 0.86683333 0.47850000 0.86683333 0.47062500 0.86133333 0.46812500 0.85000000 0.46837500 0.82200000 0.48837500 0.41133333 0.48862500 0.34566667 0.48987500 0.33033333 0.49312500 0.32233333 0.50250000 0.31916667 0.53325000 0.32316667 0.53812500 0.33033333 0.53812500 0.34600000 0.51487500 0.86166667 0.51025000 0.86616667
0 0.54225000 0.86483333 0.51750000 0.86283333 0.51612500 0.83900000 0.53862500 0.36533333 0.54100000 0.36250000 0.55250000 0.36250000 0.57275000 0.36550000 0.57812500 0.36933333 0.57837500 0.37433333 0.55537500 0.85800000 0.55300000 0.86350000
0 0.57550000 0.86050000 0.56050000 0.85850000 0.55837500 0.84533333 0.58037500 0.38566667 0.58162500 0.37333333 0.58400000 0.37016667 0.61525000 0.36983333 0.62012500 0.37366667 0.62012500 0.39000000 0.59687500 0.83900000 0.59275000 0.85516667
0 0.62950000 0.86683333 0.61400000 0.86583333 0.60462500 0.85733333 0.60112500 0.82266667 0.60187500 0.77166667 0.62112500 0.40066667 0.62012500 0.36533333 0.62750000 0.35883333 0.66075000 0.35950000 0.66525000 0.36116667 0.66687500 0.36633333 0.65712500 0.58433333 0.64937500 0.86166667 0.64550000 0.86583333
0 0.67750000 0.86683333 0.65450000 0.86616667 0.65137500 0.85800000 0.66437500 0.43433333 0.66762500 0.36866667 0.66975000 0.36450000 0.70375000 0.36650000 0.70912500 0.36933333 0.69287500 0.86133333
0 0.72075000 0.85716667 0.69625000 0.85516667 0.69337500 0.84400000 0.70912500 0.37900000 0.71275000 0.36916667 0.75900000 0.36916667 0.76737500 0.37300000 0.76812500 0.39100000 0.76212500 0.61300000 0.75437500 0.75566667 0.75287500 0.84500000 0.75237500 0.84966667 0.74800000 0.85383333
0 0.77041667 0.34333333 0.83708333 0.34888889 0.81291667 0.85444444 0.75791667 0.85444444
0 0.84041667 0.35777778 0.87375000 0.35777778 0.84458333 0.84888889 0.81208333 0.84888889
0 0.87458333 0.36222222 0.89458333 0.36333333 0.85875000 0.83333333 0.84458333 0.83666667
0 0.89393939 0.37878788 0.91893939 0.38383838 0.88106061 0.83131313 0.85984848 0.83434343
0 0.92196970 0.35959596 0.95303030 0.36969697 0.90833333 0.84242424 0.88257576 0.83838384
0 0.95227273 0.37878788 0.97575758 0.37878788 0.93030303 0.83939394 0.90833333 0.84141414
0 0.97651515 0.37272727 0.99975000 0.37272727 0.95075758 0.83636364 0.93030303 0.83636364
