0 0.14050000 0.43816667 0.13100000 0.43750000 0.12837500 0.42866667 0.10675000 0.00016667 0.13237500 0.00033333 0.14412500 0.30933333 0.14237500 0.35366667 0.14512500 0.36166667 0.14412500 0.38566667 0.14637500 0.43266667 0.14525000 0.43650000
0 0.15900000 0.44083333 0.15250000 0.43883333 0.14937500 0.43100000 0.14537500 0.29900000 0.14385965 0.27076023 0.14562500 0.25566667 0.14262500 0.25233333 0.14537500 0.24833333 0.14387500 0.24400000 0.14687500 0.24000000 0.14237500 0.23700000 0.14362500 0.23266667 0.13887500 0.16666667 0.13812500 0.09866667 0.13437500 0.05800000 0.13250000 0.00016667 0.14387500 0.00033333 0.14687500 0.04566667 0.14987500 0.13900000 0.14850000 0.14250000 0.15087719 0.14795322 0.15087719 0.15438596 0.14675000 0.15750000 0.15062500 0.14766667 0.15312500 0.18900000 0.15537500 0.23566667 0.15562500 0.32133333 0.15862500 0.32833333 0.15987500 0.34400000 0.16312500 0.41700000 0.16312500 0.43666667 0.16225000 0.43983333
0 0.17400000 0.44483333 0.16600000 0.44416667 0.16362500 0.43966667 0.16037500 0.34566667 0.15687500 0.31133333 0.15562500 0.22433333 0.14912281 0.15847953 0.14987500 0.14333333 0.14962500 0.08766667 0.14325000 0.00016667 0.16412500 0.00033333 0.16787500 0.17533333 0.17162500 0.21400000 0.17837500 0.43533333 0.17787500 0.44333333
0 0.19050000 0.44816667 0.18150000 0.44750000 0.17712500 0.44000000 0.17312500 0.30766667 0.17362500 0.26166667 0.16812500 0.17366667 0.16350000 0.00016667 0.18325000 0.00016667 0.18437500 0.01366667 0.19787500 0.43900000 0.19625000 0.44583333
0 0.21425000 0.44850000 0.20125000 0.44750000 0.19837500 0.44333333 0.18862500 0.14466667 0.18625000 0.00016667 0.20900000 0.00016667 0.21087500 0.00866667 0.20962500 0.05000000 0.21162500 0.16100000 0.21562500 0.36400000 0.21862500 0.42366667 0.21837500 0.44433333
0 0.21271930 0.00935673 0.22324561 0.00935673 0.23333333 0.44970760 0.22061404 0.44795322
0 0.22456140 0.00994152 0.23728070 0.00584795 0.24429825 0.45438596 0.23421053 0.45321637
0 0.25650000 0.45683333 0.24600000 0.45283333 0.24237500 0.44366667 0.24437500 0.44000000 0.24437500 0.41633333 0.24062500 0.36600000 0.24087500 0.22866667 0.23687500 0.13933333 0.23737500 0.07566667 0.23462500 0.05033333 0.23462500 0.01533333 0.23587500 0.00600000 0.23950000 0.00016667 0.25425000 0.00016667 0.25812500 0.00600000 0.26187500 0.45133333 0.26025000 0.45583333
0 0.27600000 0.45850000 0.26775000 0.45783333 0.26212500 0.45233333 0.25787500 0.07533333 0.25812500 0.00800000 0.26200000 0.00350000 0.27550000 0.00516667 0.27737500 0.01133333 0.27737500 0.29566667 0.28087500 0.44233333 0.27987500 0.45500000
0 0.29175000 0.46183333 0.28200000 0.45950000 0.28062500 0.45200000 0.27762500 0.01733333 0.27887500 0.00833333 0.28275000 0.00616667 0.29600000 0.00816667 0.29787500 0.01733333 0.29937500 0.45666667 0.29825000 0.46050000
0 0.31475000 0.46616667 0.30250000 0.46483333 0.29937500 0.45966667 0.29787500 0.01300000 0.29900000 0.00916667 0.30250000 0.00783333 0.31825000 0.00950000 0.31962500 0.01966667 0.31837500 0.43566667 0.31762500 0.46166667
0 0.34725000 0.46850000 0.32625000 0.46716667 0.32125000 0.46483333 0.31962500 0.45933333 0.32162500 0.02466667 0.32525000 0.02150000 0.33000000 0.02450000 0.36075000 0.02150000 0.36287500 0.02533333 0.35912500 0.12533333 0.36212500 0.17100000 0.35862500 0.22066667 0.36087500 0.24166667 0.35862500 0.30300000 0.35837500 0.46500000 0.35750000 0.46816667
0 0.39700000 0.47583333 0.36925000 0.47483333 0.36175000 0.47116667 0.35987500 0.46700000 0.35962500 0.22233333 0.36287500 0.16900000 0.36312500 0.03300000 0.36487500 0.02533333 0.36925000 0.02350000 0.40525000 0.02516667 0.40987500 0.02966667 0.40237500 0.33400000 0.40137500 0.46766667 0.40087500 0.47466667
0 0.43950000 0.48283333 0.42025000 0.48283333 0.40500000 0.47883333 0.40387500 0.47500000 0.41225000 0.02983333 0.45150000 0.03183333 0.45437500 0.03700000 0.45112500 0.11933333 0.45187500 0.18833333 0.44912500 0.20500000 0.44362500 0.45633333 0.44062500 0.46266667 0.44212500 0.47466667 0.43912500 0.47866667
0 0.47925000 0.49050000 0.45525000 0.48883333 0.44750000 0.48683333 0.44612500 0.48333333 0.45712500 0.03466667 0.45900000 0.02850000 0.50200000 0.03250000 0.50412500 0.03700000 0.49087500 0.38966667 0.48687500 0.42666667 0.48737500 0.48366667 0.48625000 0.48783333
0 0.52950000 0.49683333 0.49800000 0.49450000 0.49050000 0.49050000 0.48937500 0.48633333 0.50612500 0.04500000 0.50737500 0.03900000 0.51125000 0.03583333 0.54875000 0.03950000 0.55187500 0.04133333 0.55362500 0.04866667 0.53137500 0.49433333
0 0.56475000 0.49750000 0.53675000 0.49450000 0.53262500 0.49033333 0.53237500 0.48133333 0.55337500 0.11233333 0.55487500 0.04400000 0.55700000 0.03116667 0.57000000 0.02850000 0.59200000 0.03150000 0.59587500 0.03333333 0.59662500 0.03766667 0.57337500 0.44466667 0.56987500 0.49433333
0 0.60350000 0.50350000 0.57525000 0.49883333 0.57137500 0.49100000 0.57162500 0.46833333 0.57487500 0.45133333 0.57637500 0.40966667 0.57912500 0.39266667 0.57862500 0.35866667 0.58312500 0.26833333 0.59812500 0.05266667 0.59950000 0.04850000 0.62700000 0.04850000 0.63550000 0.05183333 0.63687500 0.05933333 0.62762500 0.16933333 0.61987500 0.31600000 0.61162500 0.39533333 0.60812500 0.48266667 0.60662500 0.49966667
0 0.64000000 0.51083333 0.61112500 0.50566667 0.61037500 0.47033333 0.61887500 0.36066667 0.62187500 0.34300000 0.62637500 0.25166667 0.63337500 0.18233333 0.63962500 0.06966667 0.64187500 0.05700000 0.64600000 0.04883333 0.65850000 0.04783333 0.68575000 0.05350000 0.68787500 0.05633333 0.68787500 0.06333333 0.64787500 0.50600000
0 0.68575000 0.51650000 0.65900000 0.51316667 0.64987500 0.50600000 0.65937500 0.42000000 0.65812500 0.40733333 0.66212500 0.36333333 0.66812500 0.32233333 0.67337500 0.24333333 0.68412500 0.15033333 0.68937500 0.06900000 0.69275000 0.05516667 0.70550000 0.05350000 0.72550000 0.05650000 0.73162500 0.06100000 0.71487500 0.25300000 0.69162500 0.46000000 0.68987500 0.50366667
0 0.72475000 0.52350000 0.70575000 0.52216667 0.69550000 0.51783333 0.69262500 0.51433333 0.69237500 0.50566667 0.69812500 0.45466667 0.70137500 0.44533333 0.70287500 0.42700000 0.70087500 0.41866667 0.70512500 0.36000000 0.71837500 0.24833333 0.72037500 0.20533333 0.73062500 0.13500000 0.73487500 0.06433333 0.74000000 0.05583333 0.76450000 0.05650000 0.77675000 0.06050000 0.77837500 0.06433333 0.77637500 0.09333333 0.73087500 0.51600000 0.72950000 0.52183333
0 0.76450000 0.52916667 0.74000000 0.52583333 0.73562500 0.52166667 0.74012500 0.44666667 0.74412500 0.43600000 0.74362500 0.42300000 0.74937500 0.38200000 0.75137500 0.34033333 0.76212500 0.26033333 0.76637500 0.20266667 0.78162500 0.06433333 0.78325000 0.06183333 0.81350000 0.06416667 0.81912500 0.06866667 0.81937500 0.08033333 0.81162500 0.16966667 0.78837500 0.38433333 0.78237500 0.42366667 0.77662500 0.49066667 0.77187500 0.52200000 0.76850000 0.52783333
0 0.80400000 0.53316667 0.77825000 0.52950000 0.77512500 0.52500000 0.77487500 0.51366667 0.78262500 0.44066667 0.78537500 0.43033333 0.78687500 0.40033333 0.79262500 0.36600000 0.79762500 0.30233333 0.80887500 0.22066667 0.81362500 0.15666667 0.82087500 0.09833333 0.82087500 0.07266667 0.82625000 0.06716667 0.84300000 0.06750000 0.86262500 0.07233333 0.86237500 0.09366667 0.83487500 0.33433333 0.82362500 0.42066667 0.81637500 0.45766667 0.81237500 0.51766667 0.80837500 0.53100000
0 0.84600000 0.53850000 0.83100000 0.53816667 0.81525000 0.53350000 0.81337500 0.52900000 0.81387500 0.51066667 0.82162500 0.45500000 0.82250000 0.45250000 0.82625000 0.45383333 0.82862500 0.45133333 0.82587500 0.44800000 0.82537500 0.43900000 0.82937500 0.38100000 0.84087500 0.30700000 0.84462500 0.25200000 0.85662500 0.16966667 0.86437500 0.09666667 0.86462500 0.07633333 0.86925000 0.07183333 0.89050000 0.07216667 0.90637500 0.07633333 0.90612500 0.09600000 0.87862500 0.30266667 0.87362500 0.35533333 0.86237500 0.42300000 0.85662500 0.48700000 0.85037500 0.53033333
0 0.88550000 0.54616667 0.85350000 0.53916667 0.85137500 0.52933333 0.85612500 0.51200000 0.86137500 0.46866667 0.86587500 0.46700000 0.86337500 0.45566667 0.86537500 0.45133333 0.86512500 0.42466667 0.87187500 0.38633333 0.88362500 0.28300000 0.88787500 0.26333333 0.89162500 0.21700000 0.90237500 0.14533333 0.90712500 0.09600000 0.91200000 0.07616667 0.95075000 0.07916667 0.95312500 0.08166667 0.95287500 0.09600000 0.94162500 0.16233333 0.90537500 0.43666667 0.89437500 0.49733333 0.89112500 0.53800000 0.88937500 0.54366667
0 0.92525000 0.55050000 0.89325000 0.54516667 0.89162500 0.53533333 0.93362500 0.24566667 0.93812500 0.20133333 0.95112500 0.13333333 0.95462500 0.08433333 0.96250000 0.07983333 0.99400000 0.08383333 0.99975000 0.08833333 0.99975000 0.09433333 0.99787500 0.09566667 0.98137500 0.21666667 0.97312500 0.25633333 0.94887500 0.43066667 0.94187500 0.46666667 0.93287500 0.54333333 0.93000000 0.54916667
0 0.95900000 0.55350000 0.93725000 0.54916667 0.93412500 0.54533333 0.93437500 0.53300000 0.94087500 0.49366667 0.94287500 0.46366667 0.94862500 0.43900000 0.96062500 0.36133333 0.99787500 0.10300000 0.99975000 0.10183333 0.99975000 0.16866667 0.99787500 0.17000000 0.99975000 0.17066667 0.99975000 0.32366667 0.99787500 0.32500000 0.98887500 0.38200000 0.96812500 0.52833333 0.96437500 0.54833333
0 0.14400000 0.94183333 0.12300000 0.94050000 0.11612500 0.93333333 0.11287500 0.92133333 0.11387500 0.89533333 0.10962500 0.82700000 0.10212500 0.61000000 0.10212500 0.56700000 0.10362500 0.55733333 0.11525000 0.54883333 0.13850000 0.53916667 0.17100000 0.54483333 0.17337500 0.55266667 0.16600000 0.56083333 0.15725000 0.56283333 0.15512500 0.56833333 0.15062500 0.57200000 0.15587500 0.65400000 0.15687500 0.72566667 0.16037500 0.76833333 0.16687500 0.92800000 0.15825000 0.93850000
0 0.15438596 0.58070175 0.18684211 0.58304094 0.19649123 0.94152047 0.16929825 0.93918129 0.15394737 0.57836257
0 0.23377193 0.93859649 0.20438596 0.93684211 0.19649123 0.58128655 0.22631579 0.58187135 0.23377193 0.93918129
0 0.26008772 0.94736842 0.23552632 0.94619883 0.23201754 0.59005848 0.26271930 0.58713450
0 0.26491228 0.59532164 0.29605263 0.59473684 0.29035088 0.95789474 0.26184211 0.95672515 0.26403509 0.59649123
0 0.29912281 0.60058480 0.33245614 0.60058480 0.32105263 0.96783626 0.29342105 0.96842105 0.29868421 0.60000000
0 0.33684211 0.60818713 0.36271930 0.60292398 0.34956140 0.97426901 0.32412281 0.97953216 0.33596491 0.60760234
0 0.36798246 0.59766082 0.39298246 0.59824561 0.37631579 0.97836257 0.35131579 0.97953216 0.36710526 0.59824561
0 0.39692982 0.60409357 0.42149123 0.60467836 0.40000000 0.98947368 0.37631579 0.99064327 0.39649123 0.60409357
0 0.42675439 0.60760234 0.44868421 0.60877193 0.42850877 0.99239766 0.40438596 0.99064327 0.42500000 0.60701754
0 0.45000000 0.99966667 0.43525000 0.99966667 0.42987500 0.99200000 0.43787500 0.84566667 0.45462500 0.59200000 0.45900000 0.58783333 0.46700000 0.58883333 0.47475000 0.58583333 0.47862500 0.58900000 0.47987500 0.59566667 0.47912500 0.66133333 0.45637500 0.98200000 0.45412500 0.99500000
0 0.48075000 0.99966667 0.45825000 0.99966667 0.45612500 0.99266667 0.46562500 0.85400000 0.46812500 0.83766667 0.46962500 0.79366667 0.47287500 0.76700000 0.47837500 0.67366667 0.48212500 0.65100000 0.48212500 0.63133333 0.48600000 0.61816667 0.50250000 0.61783333 0.50625000 0.61850000 0.50837500 0.62300000 0.50637500 0.66333333
0 0.50725000 0.99966667 0.48250000 0.99966667 0.48237500 0.99333333 0.51037500 0.63100000 0.51375000 0.61950000 0.52650000 0.61850000 0.53350000 0.62016667 0.53737500 0.62533333 0.53787500 0.64466667 0.52012500 0.83300000 0.51437500 0.92400000
0 0.53600000 0.99966667 0.50825000 0.99966667 0.50812500 0.99600000 0.53512500 0.67733333 0.53687500 0.66566667 0.53987500 0.65866667 0.54237500 0.63333333 0.54900000 0.62483333 0.55275000 0.62383333 0.55550000 0.62716667 0.56475000 0.62783333 0.56662500 0.63133333 0.56587500 0.67000000
0 0.56275000 0.99966667 0.53750000 0.99966667 0.53737500 0.99366667 0.56387500 0.68833333 0.56837500 0.64700000 0.57325000 0.62650000 0.58450000 0.62783333 0.59575000 0.63250000 0.59687500 0.64333333 0.57662500 0.86166667 0.56687500 0.94166667
0 0.58950000 0.99966667 0.56362500 0.99966667 0.56787500 0.94333333 0.57787500 0.85800000 0.57987500 0.82233333 0.59887500 0.63466667 0.59975000 0.63116667 0.60325000 0.62950000 0.62275000 0.62983333 0.62612500 0.64233333 0.62462500 0.66566667 0.62187500 0.67500000 0.61937500 0.71300000 0.60937500 0.79533333 0.60387500 0.86066667 0.59412500 0.93733333
0 0.61700000 0.99966667 0.59075000 0.99966667 0.59062500 0.99366667 0.62187500 0.68466667 0.62437500 0.67400000 0.62662500 0.64633333 0.63125000 0.63016667 0.63475000 0.63250000 0.64575000 0.63216667 0.65050000 0.63450000 0.65437500 0.64266667 0.65512500 0.65433333 0.64462500 0.74066667 0.63587500 0.83366667 0.62637500 0.90433333
0 0.64600000 0.99966667 0.61850000 0.99966667 0.61837500 0.99766667 0.62637500 0.91600000 0.63687500 0.84966667 0.64262500 0.76866667 0.65812500 0.64266667 0.66350000 0.63850000 0.67800000 0.63916667 0.68362500 0.64300000 0.68637500 0.66000000 0.66037500 0.86566667
0 0.67500000 0.99966667 0.64825000 0.99966667 0.64862500 0.98400000 0.67737500 0.73200000 0.68687500 0.67000000 0.68837500 0.64666667 0.69300000 0.64183333 0.70150000 0.64150000 0.71325000 0.64550000 0.71562500 0.64833333 0.71562500 0.66433333
0 0.70125000 0.99966667 0.67675000 0.99966667 0.67762500 0.98433333 0.68812500 0.89166667 0.69837500 0.82633333 0.70412500 0.76133333 0.71812500 0.65300000 0.72075000 0.64783333 0.72475000 0.64650000 0.74050000 0.64750000 0.74412500 0.65400000 0.74437500 0.66600000 0.73962500 0.68966667 0.73337500 0.75200000 0.72337500 0.81566667 0.71762500 0.87733333 0.70687500 0.94433333
0 0.72625000 0.99966667 0.70275000 0.99966667 0.70337500 0.98333333 0.72162500 0.85000000 0.72462500 0.81633333 0.73062500 0.77966667 0.74012500 0.69466667 0.74687500 0.65333333 0.74875000 0.64883333 0.75625000 0.64683333 0.76825000 0.65083333 0.77087500 0.66200000 0.74462500 0.86066667 0.73462500 0.92400000 0.73312500 0.94433333 0.72712500 0.98233333
0 0.75075000 0.99966667 0.72675000 0.99966667 0.72762500 0.98333333 0.73562500 0.91633333 0.74562500 0.86333333 0.74762500 0.83733333 0.75812500 0.76700000 0.76662500 0.69333333 0.77437500 0.65500000 0.77575000 0.65250000 0.78725000 0.64850000 0.78812500 0.64566667 0.78587500 0.64300000 0.78825000 0.64250000 0.79100000 0.64316667 0.79637500 0.65066667 0.79912500 0.65800000 0.79912500 0.66566667 0.78512500 0.75666667 0.78037500 0.79900000 0.76862500 0.86666667 0.76537500 0.90133333 0.75112500 0.99000000
0 0.78125000 0.99966667 0.75250000 0.99966667 0.75537500 0.97100000 0.76087500 0.93966667 0.76662500 0.88933333 0.78112500 0.81100000 0.78537500 0.76500000 0.78962500 0.74500000 0.79362500 0.70633333 0.79687500 0.69366667 0.80012500 0.68966667 0.80362500 0.66000000 0.80525000 0.65550000 0.81200000 0.65450000 0.81450000 0.65016667 0.82250000 0.65216667 0.82625000 0.64950000 0.83012500 0.66200000 0.82637500 0.69766667 0.81162500 0.79833333 0.80437500 0.83300000
0 0.81175000 0.99966667 0.78175000 0.99966667 0.78162500 0.99733333 0.78437500 0.98600000 0.79737500 0.88833333 0.80012500 0.87833333 0.80537500 0.83333333 0.81062500 0.81000000 0.82512500 0.70600000 0.83187500 0.67000000 0.83237500 0.65933333 0.83387500 0.65466667 0.83550000 0.65450000 0.85250000 0.65816667 0.86187500 0.66666667 0.86312500 0.67466667 0.85262500 0.73266667 0.82362500 0.92400000 0.81262500 0.98666667
0 0.85075000 0.99966667 0.81300000 0.99966667 0.81287500 0.99700000 0.82887500 0.88833333 0.84287500 0.81066667 0.86012500 0.69133333 0.86512500 0.67400000 0.86312500 0.66233333 0.86525000 0.65916667 0.88550000 0.65950000 0.90237500 0.67366667 0.90437500 0.68833333 0.89287500 0.73733333 0.88737500 0.78366667 0.88237500 0.80266667
0 0.89250000 0.99966667 0.85225000 0.99966667 0.85212500 0.99433333 0.87662500 0.84600000 0.88537500 0.81000000 0.89162500 0.75866667 0.90887500 0.67800000 0.90787500 0.67266667 0.91450000 0.66483333 0.92000000 0.66316667 0.92325000 0.66550000 0.93175000 0.66616667 0.93950000 0.67183333 0.94487500 0.67966667 0.94562500 0.69066667 0.92987500 0.77866667 0.92812500 0.79900000 0.91912500 0.84266667
0 0.95175439 0.68888889 0.98464912 0.69356725 0.93026316 0.99824561 0.89649123 0.99649123 0.95131579 0.68888889
0 0.98991228 0.69473684 0.99956140 0.69532164 0.99824561 0.82923977 0.96578947 0.99766082 0.93377193 0.99707602 0.98859649 0.69415205
