0 0.030444770220617635 0.1335975271189873 0.08191078676769757 0.1327902170555037 0.10552460612459308 0.8036648798103809 0.06435179288692912 0.8052794999373482
0 0.08493819950576109 0.16508261959484796 0.11945070471968529 0.16346799946788076 0.1430645240765808 0.8109306703817335 0.11097394905310742 0.8141599106356678
0 0.13034939057671396 0.1788068906740693 0.16486189579063815 0.1788068906740693 0.18484281986185744 0.8109306703817335 0.1533577273859968 0.8117379804452171
0 0.1715222038143779 0.17073379003923322 0.23388690621848654 0.1666972397218152 0.2423636618850644 0.8093160502547662 0.18968668024275906 0.8165818408261187
0 0.2423636618850644 0.2498501762606267 0.3083612595748493 0.24823555613365947 0.31259963740813823 0.8141599106356678 0.24720752226596604 0.8165818408261187
0 0.3107831897653001 0.25388672657804473 0.37738627000269764 0.25630865676849557 0.37799175255031037 0.8270768716514056 0.3180489803366526 0.8190037710165695
0 0.3822301303835993 0.2490428661971431 0.4288522865497776 0.24662093600669227 0.4294577690973903 0.8375719024766926 0.3846520605740501 0.8351499722862417
0 0.4306687341926157 0.2377405253083726 0.4651812394065399 0.23451128505443816 0.4627593092160891 0.8375719024766926 0.4355125945735173 0.8375719024766926
0 0.47002509978744156 0.2571159668319791 0.520280151239296 0.2571159668319791 0.5130143606679436 0.8319207320323073 0.4657867219541526 0.8351499722862417
0 0.530573354548712 0.25953789702242996 0.5711406852387634 0.2619598272128808 0.5590310342865092 0.8408011427306269 0.5178582210488453 0.8448376930480449
0 0.5796174409053412 0.2700329278477169 0.6195792890477797 0.27326216810165127 0.6038367428098494 0.8375719024766926 0.5620584470245727 0.8464523131750121
0 0.629267009809583 0.23935514543533978 0.6692288579520215 0.24258438568927423 0.651669864071253 0.8545254138098481 0.6092860857383637 0.860983894317717
0 0.6758891659757613 0.2845645089904218 0.7128236013801363 0.2869864391808726 0.6898152645708535 0.856947344000299 0.6565137244521547 0.8553327238733318
0 0.7158510141181998 0.2716475479746841 0.7636841353796036 0.27326216810165127 0.7352264556418064 0.8634058245081678 0.692842677308917 0.8634058245081678
0 0.7642896179272163 0.28294988886345457 0.7776102339746958 0.28214257879997096 0.7515744844273494 0.8585619641272662 0.7370429032846445 0.8577546540637827
0 0.7903253674745625 0.2619598272128808 0.8569284477119601 0.26357444733984803 0.8260488377837122 0.8682496848890695 0.7582347924510893 0.8682496848890695
0 0.8714600288546651 0.27326216810165127 0.9138438071875544 0.27729871841906933 0.8769093717831794 0.8827812660317745 0.8375530061883536 0.8771300955873893
0 0.9277699057826466 0.2304747347370201 0.9834743001630155 0.23208935486398732 0.9671262713774724 0.8876251264126761 0.9108163944494909 0.8884324364761597
