0 0.029842342342342343 0.10210210210210209 0.09853603603603604 0.0960960960960961 0.11768018018018017 0.8183183183183182 0.052364864864864864 0.8228228228228228
0 0.11204954954954956 0.0945945945945946 0.18074324324324323 0.0945945945945946 0.19313063063063063 0.8198198198198199 0.11993243243243243 0.8213213213213213
0 0.1875 0.14114114114114112 0.22804054054054054 0.13963963963963963 0.23479729729729729 0.8063063063063063 0.1920045045045045 0.8138138138138138
0 0.24042792792792791 0.14564564564564564 0.3113738738738739 0.14114114114114112 0.3113738738738739 0.8108108108108109 0.23704954954954954 0.8078078078078077
0 0.3158783783783784 0.14114114114114112 0.38795045045045046 0.14414414414414414 0.38457207207207206 0.7987987987987989 0.3136261261261261 0.8018018018018018
0 0.40033783783783783 0.13213213213213212 0.47015765765765766 0.14264264264264262 0.45213963963963966 0.7987987987987989 0.3856981981981982 0.8003003003003003
0 0.4712837837837838 0.15915915915915915 0.5118243243243243 0.15165165165165165 0.5050675675675675 0.7942942942942942 0.4577702702702703 0.7987987987987989
0 0.5140765765765766 0.15165165165165165 0.5568693693693694 0.15165165165165165 0.553490990990991 0.7957957957957957 0.5050675675675675 0.7972972972972973
0 0.5613738738738739 0.15165165165165165 0.6019144144144144 0.14564564564564564 0.5962837837837838 0.7927927927927928 0.5546171171171171 0.7927927927927928
0 0.6120495495495495 0.15015015015015015 0.6537162162162162 0.14414414414414414 0.643581081081081 0.7867867867867867 0.5985360360360361 0.7942942942942942
0 0.6570945945945946 0.14264264264264262 0.6908783783783783 0.14414414414414414 0.6908783783783783 0.7777777777777778 0.6458333333333334 0.7807807807807808
0 0.7010135135135136 0.15015015015015015 0.7370495495495495 0.14864864864864866 0.7302927927927927 0.7747747747747747 0.6931306306306306 0.7762762762762762
0 0.7370495495495495 0.14414414414414414 0.7775900900900901 0.14564564564564564 0.768581081081081 0.7702702702702703 0.7291666666666666 0.7747747747747747
0 0.7809684684684685 0.14864864864864866 0.8091216216216216 0.14864864864864866 0.8057432432432432 0.7687687687687688 0.768581081081081 0.7657657657657657
0 0.8158783783783783 0.15315315315315317 0.8451576576576576 0.15315315315315317 0.8440315315315315 0.7522522522522522 0.8091216216216216 0.7567567567567568
0 0.8631756756756757 0.11711711711711711 0.9239864864864864 0.11411411411411412 0.9307432432432432 0.7657657657657657 0.8755630630630631 0.7672672672672673
0 0.9352477477477478 0.12012012012012012 0.9712837837837838 0.11561561561561562 0.9679054054054054 0.7567567567567568 0.9329954954954954 0.7627627627627628
0 0.9757882882882883 0.15615615615615616 0.990427927927928 0.15465465465465467 0.9915540540540541 0.7507507507507507 0.9746621621621622 0.7612612612612613
