0 0.06587837837837837 0.10210210210210209 0.09966216216216216 0.10210210210210209 0.11993243243243243 0.8348348348348348 0.08164414414414414 0.8408408408408409
0 0.11092342342342341 0.0975975975975976 0.13795045045045046 0.10960960960960961 0.1615990990990991 0.8363363363363363 0.12443693693693693 0.8378378378378377
0 0.14245495495495494 0.0990990990990991 0.17511261261261263 0.10210210210210209 0.1920045045045045 0.8408408408408409 0.16385135135135134 0.8438438438438438
0 0.1875 0.1786786786786787 0.23254504504504506 0.18618618618618618 0.26182432432432434 0.8378378378378377 0.21227477477477477 0.8408408408408409
0 0.23367117117117117 0.18018018018018017 0.27984234234234234 0.18468468468468469 0.3091216216216216 0.8363363363363363 0.26295045045045046 0.8438438438438438
0 0.2865990990990991 0.2012012012012012 0.3170045045045045 0.2012012012012012 0.34515765765765766 0.8348348348348348 0.3102477477477477 0.8348348348348348
0 0.32038288288288286 0.18018018018018017 0.3552927927927928 0.18618618618618618 0.3856981981981982 0.8408408408408409 0.3462837837837838 0.8468468468468469
0 0.3586711711711712 0.18468468468468469 0.3913288288288288 0.18468468468468469 0.4318693693693693 0.8453453453453453 0.3924549549549549 0.8498498498498499
0 0.40033783783783783 0.1981981981981982 0.44313063063063063 0.1981981981981982 0.4847972972972973 0.8423423423423424 0.4318693693693693 0.8513513513513514
0 0.45326576576576577 0.18768768768768768 0.4938063063063063 0.1891891891891892 0.5433558558558558 0.8543543543543544 0.4847972972972973 0.8573573573573573
0 0.5106981981981982 0.2087087087087087 0.5523648648648649 0.21621621621621623 0.6019144144144144 0.8453453453453453 0.5433558558558558 0.8528528528528528
0 0.5546171171171171 0.17567567567567566 0.5974099099099098 0.17567567567567566 0.6559684684684685 0.8543543543543544 0.6041666666666666 0.8588588588588588
0 0.6041666666666666 0.1816816816816817 0.6728603603603603 0.16816816816816815 0.7280405405405406 0.8588588588588588 0.6593468468468469 0.8618618618618619
0 0.6920045045045045 0.2132132132132132 0.732545045045045 0.1981981981981982 0.8913288288288288 0.8408408408408409 0.8406531531531531 0.8588588588588588
0 0.8507882882882883 0.20270270270270271 0.8980855855855856 0.1951951951951952 0.9453828828828829 0.8618618618618619 0.8890765765765766 0.8618618618618619
0 0.928490990990991 0.15015015015015015 0.9780405405405406 0.14414414414414414 1.0 0.8723723723723724 0.9577702702702702 0.8753753753753754
0 0.6796171171171171 0.2882882882882883 0.6987612612612613 0.28228228228228225 0.8327702702702702 0.8408408408408409 0.8102477477477478 0.8513513513513514
