0 0.02651156304846367 0.12308874324046504 0.06770971746310249 0.11339505984878531 0.18161049731533926 0.8630399088053506 0.1476826054444602 0.8662711366025773
0 0.07255655915894237 0.14893856561827762 0.1101195823017013 0.14570733782105105 0.21675009961017827 0.8565774532108974 0.18524562858721916 0.8743492060956437
0 0.12344839696526093 0.17478838799609026 0.16222313053197981 0.16671031850302379 0.25552483317689717 0.8468837698192179 0.22159694130601815 0.8549618393122842
0 0.15858799926009992 0.1650947046044105 0.20099786409869871 0.16024786290857065 0.29066443547173615 0.8501149976164443 0.25552483317689717 0.8549618393122842
0 0.2022095745226587 0.16671031850302379 0.26279509572065696 0.15540102121273078 0.3391328524301348 0.8501149976164443 0.29066443547173615 0.8484993837178312
0 0.2688536478404568 0.15863224900995737 0.334286010734295 0.15540102121273078 0.3924481110843733 0.8436525420219912 0.3439796941259747 0.8533462254136709
0 0.331862589886375 0.15540102121273078 0.3876012693885334 0.14570733782105105 0.44455165931465185 0.8452681559206046 0.3960832423562532 0.8501149976164443
0 0.39487153193229324 0.14570733782105105 0.4603038948261314 0.14086049612521118 0.4978669179688903 0.8468837698192179 0.44818679058653177 0.8468837698192179
0 0.4615156052500914 0.14570733782105105 0.5330065202637293 0.13601365442937133 0.5548173078950087 0.8468837698192179 0.49665520754493037 0.8533462254136709
0 0.5281596785678895 0.1376292683279846 0.5887451997658877 0.13116681273353148 0.6044974352773673 0.8404213142247646 0.5560290183189686 0.8468837698192179
0 0.5911686206138077 0.11339505984878531 0.6154028290930069 0.10854821815294544 0.6299433541805266 0.8484993837178312 0.6093442769732071 0.8533462254136709
0 0.611767697821127 0.10370137645710557 0.6384253271482464 0.10370137645710557 0.649330720963886 0.8484993837178312 0.6347901958763665 0.8565774532108974
0 0.6444838792680463 0.0875452374709727 0.7026459796181246 0.08431400967374614 0.7087045317379244 0.8581930671095107 0.649330720963886 0.8630399088053506
0 0.7111279525858444 0.12470435713907832 0.7559612382723631 0.12308874324046504 0.7450558444567235 0.8436525420219912 0.7123396630098043 0.8501149976164443
0 0.7595963695442429 0.09400769306542586 0.8359341262537208 0.08592962357235943 0.8104882073505615 0.8404213142247646 0.7511143965765231 0.8501149976164443
0 0.8383575471016408 0.14570733782105105 0.8892493849079594 0.14086049612521118 0.86622688685272 0.8258807891372452 0.8153350490464014 0.8388057003261513
0 0.8868259640600393 0.13439804053075805 0.9328709601705181 0.13601365442937133 0.8928845161798392 0.8064934223538857 0.8674385972766799 0.8048778084552723
