0 0.17575000 0.46950000 0.14250000 0.46716667 0.13862500 0.45933333 0.12162500 0.07700000 0.12062500 0.03300000 0.12325000 0.02783333 0.16300000 0.02816667 0.16700000 0.02916667 0.16937500 0.03366667 0.18337500 0.45966667 0.18200000 0.46816667
0 0.21850000 0.47416667 0.18925000 0.47383333 0.18437500 0.46700000 0.16962500 0.01266667 0.17012500 0.00666667 0.17400000 0.00450000 0.21250000 0.00850000 0.21612500 0.01766667 0.21737500 0.02966667 0.22162500 0.12166667 0.22512500 0.28733333 0.22212500 0.33366667 0.22337500 0.46466667 0.22237500 0.47066667
0 0.26825000 0.47883333 0.23650000 0.47750000 0.23337500 0.47466667 0.23112500 0.46666667 0.22462500 0.21366667 0.22212500 0.01366667 0.22475000 0.00983333 0.23600000 0.01650000 0.25100000 0.01883333 0.26775000 0.01716667 0.27062500 0.02500000 0.27212500 0.17400000 0.27062500 0.18266667 0.27687500 0.30533333 0.27762500 0.44433333 0.27512500 0.47466667
0 0.30800000 0.47883333 0.28525000 0.47716667 0.28237500 0.47466667 0.28012500 0.46300000 0.28062500 0.32400000 0.27662500 0.23733333 0.27687500 0.09933333 0.27812500 0.02733333 0.27912500 0.02300000 0.28275000 0.02050000 0.29875000 0.02483333 0.31850000 0.02416667 0.32162500 0.02633333 0.32312500 0.03166667 0.32412500 0.47300000 0.32225000 0.47650000
0 0.36475000 0.48016667 0.33475000 0.47950000 0.32962500 0.47466667 0.32787500 0.46700000 0.32612500 0.03666667 0.32712500 0.02900000 0.33100000 0.02150000 0.33375000 0.02083333 0.37400000 0.02550000 0.37812500 0.03266667 0.37812500 0.05366667 0.37412500 0.06733333 0.37412500 0.46766667 0.37037500 0.47866667
0 0.41350000 0.48116667 0.38500000 0.47916667 0.38062500 0.47466667 0.37912500 0.46466667 0.37862500 0.41466667 0.37687500 0.40433333 0.37687500 0.37600000 0.37962500 0.34633333 0.37712500 0.21900000 0.37887500 0.11133333 0.38262500 0.07200000 0.38675000 0.06216667 0.39150000 0.06050000 0.42000000 0.06450000 0.42775000 0.06816667 0.42962500 0.07266667 0.42412500 0.46766667 0.42125000 0.47750000
0 0.45425000 0.48450000 0.43150000 0.48416667 0.42800000 0.48283333 0.42562500 0.47733333 0.42962500 0.12900000 0.43137500 0.08100000 0.43525000 0.07516667 0.46800000 0.08016667 0.47162500 0.08733333 0.46637500 0.26066667 0.46412500 0.47500000 0.46125000 0.48283333
0 0.49250000 0.48483333 0.47000000 0.48316667 0.46537500 0.47666667 0.47037500 0.22366667 0.47212500 0.18566667 0.47437500 0.17833333 0.47387500 0.09733333 0.47475000 0.08516667 0.47712500 0.08533333 0.47687500 0.09166667 0.47900000 0.09316667 0.48212500 0.09200000 0.47725000 0.08416667 0.50650000 0.08316667 0.51237500 0.08800000 0.51087500 0.09200000 0.51387500 0.09300000 0.51412500 0.10100000 0.50462500 0.32233333 0.50237500 0.44566667 0.49962500 0.48233333
0 0.53125000 0.48550000 0.50650000 0.48350000 0.50362500 0.47866667 0.50287500 0.47200000 0.51537500 0.09966667 0.51712500 0.08733333 0.52125000 0.08516667 0.55275000 0.08783333 0.55512500 0.10366667 0.54137500 0.47733333 0.53875000 0.48416667
0 0.56050000 0.48516667 0.54475000 0.48383333 0.54237500 0.47433333 0.55587500 0.15333333 0.55937500 0.09600000 0.56050000 0.09183333 0.56300000 0.09183333 0.57200000 0.09483333 0.59975000 0.09583333 0.60062500 0.11433333 0.58112500 0.46700000 0.57912500 0.47866667 0.57675000 0.48250000
0 0.61600000 0.48816667 0.58875000 0.48650000 0.58425000 0.48350000 0.58312500 0.47933333 0.60487500 0.09600000 0.60600000 0.09183333 0.61125000 0.09016667 0.64250000 0.09416667 0.64587500 0.09600000 0.64812500 0.10333333 0.62512500 0.45133333 0.62462500 0.48300000 0.62325000 0.48683333
0 0.66350000 0.49083333 0.63100000 0.48816667 0.62862500 0.48633333 0.62737500 0.47166667 0.63087500 0.40066667 0.63987500 0.30466667 0.64662500 0.14966667 0.65012500 0.10800000 0.65287500 0.09633333 0.65525000 0.09450000 0.69375000 0.09883333 0.69537500 0.10766667 0.68712500 0.20200000 0.68212500 0.30100000 0.67262500 0.41866667 0.67162500 0.47066667 0.66987500 0.48633333
0 0.68575000 0.49316667 0.67237500 0.49000000 0.67262500 0.44833333 0.69687500 0.11566667 0.70012500 0.10400000 0.70500000 0.10050000 0.73725000 0.10183333 0.74137500 0.10466667 0.71212500 0.49033333 0.70900000 0.49283333
0 0.74325000 0.49516667 0.72075000 0.49450000 0.71337500 0.49033333 0.71937500 0.39466667 0.74262500 0.10766667 0.74425000 0.10283333 0.75350000 0.09916667 0.78725000 0.10283333 0.76562500 0.36133333 0.76262500 0.37766667 0.75487500 0.48933333 0.75225000 0.49450000
0 0.77775000 0.49650000 0.76125000 0.49450000 0.75912500 0.48633333 0.76712500 0.35866667 0.78212500 0.21366667 0.78637500 0.14600000 0.79112500 0.11633333 0.79525000 0.10516667 0.80350000 0.10350000 0.81450000 0.11116667 0.82625000 0.10616667 0.82962500 0.11100000 0.82812500 0.13700000 0.80212500 0.38133333 0.79287500 0.48533333 0.78950000 0.49450000
0 0.82675000 0.49550000 0.80075000 0.49450000 0.79500000 0.49250000 0.79412500 0.48566667 0.82962500 0.13100000 0.83587500 0.10233333 0.83850000 0.09950000 0.85375000 0.09883333 0.86525000 0.10316667 0.86937500 0.10766667 0.87012500 0.13200000 0.86087500 0.21733333 0.85687500 0.22800000 0.85287500 0.26266667 0.84962500 0.31300000 0.84212500 0.38400000 0.83637500 0.42000000 0.83187500 0.48400000 0.83087500 0.49033333
0 0.17125000 0.99683333 0.15825000 0.99616667 0.15412500 0.99366667 0.14887500 0.96000000 0.14087500 0.85000000 0.13362500 0.78566667 0.12287500 0.64866667 0.12350000 0.63950000 0.13500000 0.63683333 0.14700000 0.63583333 0.14912500 0.63933333 0.15737500 0.74033333 0.16312500 0.84200000 0.16637500 0.86466667 0.17437500 0.97366667 0.17737500 0.98666667 0.17712500 0.99433333
0 0.19425000 0.99716667 0.18175000 0.99516667 0.17862500 0.97900000 0.16962500 0.89333333 0.15962500 0.74233333 0.15137500 0.64700000 0.15437500 0.63533333 0.17750000 0.60883333 0.19837500 0.61133333 0.19737500 0.61533333 0.18387500 0.63366667 0.18187500 0.63966667 0.18562500 0.71300000 0.20562500 0.98633333 0.20562500 0.99033333 0.20225000 0.99616667
0 0.22825000 0.99966667 0.21150000 0.99966667 0.20812500 0.99500000 0.18862500 0.73633333 0.18437500 0.66266667 0.18575000 0.64050000 0.18612500 0.64666667 0.18875000 0.64783333 0.20925000 0.64250000 0.21212500 0.64666667 0.21387500 0.65833333 0.23362500 0.97933333 0.23362500 0.99466667
0 0.25050000 0.99966667 0.23825000 0.99966667 0.23562500 0.99100000 0.22662500 0.83000000 0.22387500 0.80433333 0.21637500 0.65533333 0.21700000 0.64250000 0.24025000 0.64083333 0.24312500 0.64600000 0.24312500 0.65466667 0.24487500 0.65833333 0.24737500 0.73333333 0.24962500 0.75200000 0.25337500 0.85100000 0.26112500 0.98533333 0.26037500 0.99633333 0.25225000 0.99483333
0 0.28800000 0.99966667 0.26725000 0.99966667 0.26412500 0.97900000 0.24787500 0.65500000 0.24862500 0.64533333 0.25150000 0.64283333 0.27175000 0.64283333 0.27612500 0.64733333 0.28587500 0.89666667 0.29137500 0.98800000 0.29112500 0.99366667
0 0.31600000 0.99966667 0.29700000 0.99966667 0.29337500 0.99400000 0.28212500 0.76966667 0.27862500 0.66066667 0.27950000 0.64283333 0.29100000 0.64483333 0.30275000 0.64283333 0.30512500 0.64633333 0.31862500 0.99233333
0 0.34400000 0.99966667 0.32225000 0.99966667 0.32162500 0.99566667 0.31062500 0.73700000 0.30887500 0.64966667 0.31075000 0.64350000 0.31550000 0.64516667 0.33400000 0.64283333 0.33637500 0.64666667 0.34612500 0.97000000 0.34637500 0.99433333
0 0.35825000 0.99383333 0.35350000 0.99383333 0.34962500 0.98666667 0.34162500 0.77866667 0.33962500 0.65066667 0.34275000 0.64550000 0.36175000 0.64350000 0.36462500 0.65400000 0.36662500 0.69100000 0.37287500 0.98666667 0.37000000 0.99216667
0 0.39900000 0.99966667 0.37600000 0.99966667 0.37387500 0.97266667 0.36762500 0.65433333 0.36950000 0.65216667 0.38800000 0.64983333 0.39275000 0.64983333 0.39337500 0.65266667
0 0.42750000 0.99966667 0.40237500 0.99966667 0.39512500 0.68000000 0.39487500 0.65166667 0.39650000 0.64683333 0.42025000 0.64683333 0.42287500 0.65000000
0 0.44450000 0.99966667 0.43025000 0.99966667 0.43112500 0.99433333 0.42887500 0.97933333 0.42962500 0.96300000 0.42612500 0.87866667 0.42487500 0.66433333 0.42512500 0.65133333 0.42775000 0.64350000 0.43000000 0.64683333 0.44050000 0.64683333 0.44362500 0.65000000 0.44387500 0.65366667
0 0.46475000 0.99966667 0.44687500 0.99966667 0.44462500 0.65400000 0.44612500 0.65033333 0.46037500 0.64666667 0.46387500 0.65366667
0 0.46535088 0.65029240 0.48026316 0.64853801 0.48377193 0.99824561 0.46535088 0.99941520
0 0.48289474 0.65087719 0.50394737 0.64795322 0.50219298 0.99649123 0.48289474 0.99883041
0 0.50438596 0.65029240 0.52105263 0.64912281 0.52017544 0.99941520 0.50219298 0.99824561
0 0.52368421 0.65029240 0.53728070 0.64853801 0.53728070 0.99883041 0.52061404 0.99941520
0 0.54254386 0.65029240 0.56052632 0.64736842 0.55614035 0.99883041 0.53859649 0.99941520
0 0.56228070 0.64678363 0.57631579 0.64385965 0.57324561 0.99707602 0.55745614 0.99707602
0 0.57631579 0.64444444 0.59298246 0.64269006 0.58991228 0.99005848 0.57412281 0.99473684
0 0.59210526 0.99707602 0.60921053 0.99649123 0.61710526 0.65029240 0.59956140 0.65263158
0 0.62543860 0.65087719 0.68771930 0.63918129 0.70000000 0.99649123 0.63684211 0.99941520
