0 0.07495093228655547 0.038272816486751716 0.15002453385672232 0.037291462217860644 0.16548086359175665 0.9234543670264966 0.09850343473994114 0.9244357212953876
0 0.16548086359175665 0.09617271835132482 0.24276251226692838 0.09519136408243375 0.251594700686948 0.9391560353287537 0.20816977428851818 0.9519136408243376 0.17357703631010798 0.9460255152109912
0 0.25748282630029445 0.038272816486751716 0.3185721295387635 0.03925417075564278 0.32004416094210014 0.9470068694798822 0.26410696761530916 0.9460255152109912
0 0.3340284592737979 0.07065750736015701 0.3877576054955839 0.07262021589793916 0.3715652600588813 0.9244357212953876 0.3281403336604515 0.9214916584887145
0 0.39217369970559374 0.06869479882237488 0.4481108930323847 0.07163886162904809 0.42529440628066734 0.9342492639842984 0.37303729146221787 0.9293424926398429
0 0.4547350343473994 0.06869479882237488 0.5033120706575074 0.07654563297350343 0.4775515210991168 0.9362119725220804 0.42823846908734053 0.9362119725220804
0 0.5114082433758587 0.0647693817468106 0.5673454367026496 0.07163886162904809 0.5334887144259078 0.9421000981354268 0.48196761530912663 0.9450441609421002
0 0.5739695780176644 0.06182531894013739 0.6321148184494603 0.06378802747791953 0.5872178606476938 0.9548577036310107 0.5371687929342492 0.9548577036310107
0 0.6541952894995093 0.03140333660451423 0.7285328753680079 0.040235525024533855 0.6733316977428853 0.9872423945044161 0.6137144259077527 0.9803729146221786
0 0.7638616290480864 0.03925417075564278 0.830839057899902 0.047105004906771344 0.7704857703631012 0.984298331697743 0.7101324828263004 0.9862610402355251
0 0.8514474975466144 0.04906771344455348 0.911064769381747 0.0549558390578999 0.8477674190382729 0.9784102060843964 0.7888861629048087 0.9784102060843964
