0 0.09286992421129447 0.001758233567257812 0.1754583254813818 0.004232792406810989 0.19216159764836574 0.8925994158064018 0.1225646302859326 0.8913621363866252
0 0.17824220417587913 0.05248668977809796 0.25526284805697175 0.053723969197874546 0.2561908076218042 0.9000230923250614 0.20144119329669016 0.8963112540657316
0 0.2608306054459664 0.03887661616055548 0.3406351280215564 0.04258845441988525 0.3341394110677293 0.9024976511646146 0.26361448414046373 0.9086840482634975
0 0.35455452149404304 0.025266542543013002 0.4334310845048006 0.031452939641895945 0.40837617625432465 0.8901248569668487 0.34713084497538355 0.888887577547072
0 0.4436386397179575 0.021554704283683238 0.48168498187608755 0.025266542543013002 0.45291823536628184 0.9086840482634975 0.42229556972681126 0.9000230923250614
0 0.4956043753485742 0.0 0.5345786770715367 0.001758233567257812 0.5039560114320661 0.9173450042019335 0.4575580331904441 0.9136331659426038
0 0.5420023535901962 0.05991036629675749 0.6180950379064565 0.05991036629675749 0.5735529787944993 0.9297177983996996 0.5113796879507256 0.9210568424612634
0 0.6273746335547808 0.0 0.7164587517786952 0.0 0.6505736226755918 0.9359041954985825 0.5837605340076562 0.9383787543381356
0 0.7183146709083602 0.07723227817362974 0.7925514360949555 0.07475771933407656 0.7275942665566846 0.949514269116125 0.6644930161480785 0.9420905925974654
0 0.8027589913081123 0.05991036629675749 0.976287429931779 0.06733404281541702 0.9001947456155187 0.9643616221534439 0.7378018217698414 0.9519888279556781
