0 0.0 0.333626485542164 0.03609228027411493 0.33478129232469717 0.06996661256175378 0.8209549477711502 0.0037576903631869377 0.8198001409886171
0 0.039171765027536644 0.3370909058897635 0.08228455157544064 0.3324716787596309 0.1223178533699229 0.8267289816838158 0.07458583969188635 0.8301934020314153
0 0.08844352108228407 0.3370909058897635 0.13617553476032063 0.3370909058897635 0.17158960942467033 0.8290385952488822 0.1253973381233446 0.8336578223790148
0 0.13617553476032063 0.3324716787596309 0.1900665179452006 0.33478129232469717 0.21778188072599602 0.8336578223790148 0.17312935180138117 0.8382770495091474
0 0.18852677556848976 0.333626485542164 0.24857672826021318 0.3394005194548297 0.27321260628758687 0.8348126291615479 0.22086136547941776 0.8348126291615479
0 0.24549724350679147 0.3382457126722966 0.29630874193824974 0.33593609910723027 0.3178651352122017 0.8394318562916805 0.27013312153416513 0.8417414698567468
0 0.2993882266916714 0.34055532623736284 0.3532792098765514 0.341710133019896 0.3763753455272143 0.8428962766392799 0.3301830742258886 0.8405866630742136
0 0.3563586946299731 0.34286493980242916 0.41024967781485316 0.341710133019896 0.42564710158196173 0.844051083421813 0.3809945726573468 0.8417414698567468
0 0.4179483896984075 0.36249665510549256 0.5010944780407937 0.3636514618880257 0.5103329323010588 0.8336578223790148 0.4425842677257812 0.8382770495091474
0 0.5026342204175046 0.33593609910723027 0.5903995358900235 0.33478129232469717 0.5996379901502885 0.8486703105519456 0.5180316441846131 0.8498251173344787
0 0.605796959657132 0.349793780497628 0.6750853666091206 0.3509485872801611 0.6689263971022771 0.850979924117012 0.6042572172804211 0.8475155037694124
0 0.6827840784926748 0.2978274752836366 0.7690096515884828 0.2978274752836366 0.7643904244583501 0.8544443444646113 0.6858635632460965 0.8579087648122108
0 0.7844070753555914 0.349793780497628 0.8983480112321948 0.3463293601500286 0.8644736789445558 0.8544443444646113 0.7628506820816393 0.8521347308995451
