0 0.022177419354838728 0.16715542521994137 0.06286656891495604 0.1686217008797654 0.0804618768328446 0.8841642228739003 0.04527126099706747 0.8885630498533724
0 0.06616568914956014 0.1217008797653959 0.10465542521994137 0.12463343108504397 0.11565249266862172 0.9222873900293256 0.08486070381231674 0.9193548387096774
0 0.10685483870967744 0.11290322580645161 0.1684384164222874 0.1187683284457478 0.16293988269794724 0.9560117302052786 0.11125366568914959 0.9516129032258065
0 0.17723607038123168 0.1217008797653959 0.2707111436950147 0.12756598240469208 0.25861436950146627 0.9530791788856305 0.1684384164222874 0.9545454545454545
0 0.27840909090909094 0.18035190615835775 0.33119501466275664 0.18181818181818182 0.3125 0.9560117302052786 0.26521260997067453 0.9574780058651027
0 0.32789589442815253 0.2155425219941349 0.37738269794721413 0.21847507331378296 0.3487903225806452 0.9677419354838709 0.30920087976539595 0.9677419354838709
0 0.3762829912023461 0.1686217008797654 0.4411656891495601 0.1744868035190616 0.4092741935483871 0.9604105571847508 0.35428885630498536 0.9604105571847508
0 0.4477639296187684 0.17008797653958943 0.5093475073313783 0.1788856304985337 0.467558651026393 0.9574780058651027 0.4092741935483871 0.9545454545454545
0 0.5104472140762464 0.17595307917888564 0.5764296187683285 0.18181818181818182 0.5269428152492669 0.9545454545454545 0.4719574780058651 0.9560117302052786
0 0.5797287390029326 0.17155425219941348 0.6413123167155426 0.17595307917888564 0.5874266862170089 0.9516129032258065 0.529142228739003 0.9545454545454545
0 0.6468108504398827 0.18768328445747798 0.7160923753665691 0.18768328445747798 0.6633064516129032 0.9545454545454545 0.5995234604105573 0.966275659824047
0 0.7248900293255133 0.18621700879765396 0.7941715542521994 0.18768328445747798 0.7270894428152493 0.9545454545454545 0.6721041055718476 0.9560117302052786
0 0.7930718475073314 0.18621700879765396 0.8568548387096776 0.18768328445747798 0.7831744868035191 0.9325513196480938 0.7270894428152493 0.936950146627566
0 0.8634530791788857 0.18914956011730208 0.9206378299120236 0.18621700879765396 0.8524560117302054 0.9325513196480938 0.7974706744868036 0.9310850439882699
0 0.9294354838709677 0.2434017595307918 0.9976173020527861 0.24633431085043989 0.9206378299120236 0.936950146627566 0.8689516129032259 0.935483870967742
