0 0.017454954954954954 0.06606606606606606 0.0884009009009009 0.07207207207207207 0.11204954954954956 0.9969969969969971 0.03997747747747748 0.9984984984984985
0 0.11204954954954956 0.06006006006006006 0.1829954954954955 0.05555555555555555 0.19313063063063063 0.9969969969969971 0.12894144144144143 0.9984984984984985
0 0.19650900900900903 0.05855855855855856 0.2685810810810811 0.06306306306306307 0.276463963963964 0.9924924924924925 0.20213963963963963 0.9954954954954954
0 0.28096846846846846 0.07357357357357357 0.3474099099099099 0.07807807807807808 0.3496621621621621 0.9939939939939939 0.2832207207207207 0.9939939939939939
0 0.3586711711711712 0.09009009009009009 0.4172297297297297 0.0960960960960961 0.4172297297297297 0.9849849849849849 0.35754504504504503 0.9924924924924925
0 0.428490990990991 0.08408408408408408 0.5061936936936937 0.08558558558558559 0.5005630630630631 1.0 0.42511261261261263 0.9984984984984985
0 0.5208333333333334 0.07357357357357357 0.5996621621621622 0.07507507507507508 0.5850225225225225 1.0 0.5061936936936937 1.0
0 0.6221846846846847 0.06906906906906907 0.6953828828828829 0.07057057057057056 0.678490990990991 0.9939939939939939 0.6030405405405406 1.0
0 0.7111486486486487 0.08558558558558559 0.7820945945945946 0.09009009009009009 0.7584459459459459 1.0 0.6875 0.9969969969969971
0 0.7877252252252253 0.08558558558558559 0.8507882882882883 0.09309309309309309 0.8260135135135136 0.9969969969969971 0.759572072072072 0.9984984984984985
0 0.8586711711711712 0.1111111111111111 0.9228603603603603 0.1126126126126126 0.8902027027027027 0.9984984984984985 0.8271396396396397 1.0
0 0.9329954954954954 0.1126126126126126 0.9971846846846847 0.11411411411411412 0.9915540540540541 0.48198198198198194 0.9735360360360361 1.0 0.8947072072072072 1.0
