0 0.001499989827473911 0.0 0.05104953937702348 7.174655123872794e-05 0.062310800638284716 0.8859576324371244 0.0 0.896468142947635
0 0.062164315729254155 0.0012398555849730169 0.09966431572925416 0.0029065222516396834 0.10966431572925416 0.8895731889183064 0.06591431572925416 0.891239855584973
0 0.10216431572925416 0.0 0.13716431572925417 0.0 0.15966431572925416 0.891239855584973 0.10966431572925416 0.9029065222516397
0 0.15091431572925415 0.009573188918306351 0.18591431572925415 0.0029065222516396834 0.19716431572925416 0.8979065222516397 0.16091431572925416 0.8979065222516397
0 0.18716431572925415 0.0012398555849730169 0.22716431572925416 0.0 0.24466431572925415 0.9045731889183063 0.19591431572925416 0.9079065222516397
0 0.23716431572925414 0.024573188918306347 0.26966431572925414 0.024573188918306347 0.28966431572925416 0.8979065222516397 0.25216431572925413 0.896239855584973
0 0.27466431572925415 0.026239855584973014 0.3121643157292542 0.016239855584973015 0.3334143157292542 0.9029065222516397 0.28716431572925416 0.9079065222516397
0 0.31591431572925416 0.01957318891830635 0.35591431572925414 0.016239855584973015 0.37591431572925416 0.9029065222516397 0.33091431572925417 0.9045731889183063
0 0.35716431572925417 0.007906522251639684 0.45716431572925414 0.009573188918306351 0.48341431572925414 0.9095731889183063 0.37716431572925413 0.9095731889183063
0 0.46216431572925415 0.016239855584973015 0.5359143157292541 0.016239855584973015 0.5646643157292541 0.9145731889183063 0.48716431572925417 0.9179065222516397
0 0.5484143157292541 0.06957318891830634 0.6346643157292541 0.07290652225163968 0.657164315729254 0.9195731889183063 0.5696643157292541 0.9279065222516397
0 0.6459143157292541 0.06790652225163968 0.7334143157292541 0.06623985558497301 0.7646643157292541 0.9345731889183063 0.6634143157292541 0.931239855584973
