0 0.05394670518809924 0.04648864898617167 0.14644670518809924 0.064821982319505 0.14144670518809924 0.914821982319505 0.06019670518809925 0.9114886489861717
0 0.14394670518809924 0.10815531565283834 0.20144670518809923 0.11482198231950501 0.19644670518809923 0.9181553156528383 0.14144670518809924 0.9181553156528383
0 0.20394670518809924 0.11482198231950501 0.2651967051880992 0.12315531565283834 0.25394670518809925 0.9181553156528383 0.19894670518809923 0.9164886489861717
0 0.2689467051880992 0.124821982319505 0.3264467051880992 0.13148864898617169 0.3076967051880992 0.914821982319505 0.2551967051880992 0.914821982319505
0 0.3314467051880992 0.134821982319505 0.3814467051880992 0.134821982319505 0.3589467051880992 0.919821982319505 0.3089467051880992 0.9181553156528383
0 0.3814467051880992 0.12815531565283833 0.4414467051880992 0.13148864898617169 0.4114467051880992 0.9364886489861717 0.3614467051880992 0.9314886489861717
0 0.4426967051880992 0.104821982319505 0.5426967051880992 0.11648864898617167 0.5026967051880992 0.9614886489861716 0.4176967051880992 0.949821982319505
0 0.5489467051880993 0.08815531565283834 0.6514467051880992 0.10315531565283834 0.5951967051880993 0.974821982319505 0.5039467051880993 0.9714886489861716
0 0.6526967051880993 0.09815531565283835 0.7614467051880992 0.11148864898617167 0.6901967051880993 0.9864886489861716 0.6014467051880993 0.979821982319505
0 0.7576967051880993 0.10815531565283834 0.8589467051880992 0.11815531565283834 0.7814467051880992 0.9981553156528383 0.7026967051880992 0.9964886489861716
0 0.8664467051880993 0.11815531565283834 0.9539467051880992 0.14148864898617167 0.8676967051880993 0.9914886489861716 0.7901967051880993 0.9964886489861716
