0 0.032191317840580096 0.2006165261327439 0.1354608164873361 0.20145611555263623 0.10586528943613165 0.7849707623778024 0.0007067145946178956 0.7774144575987713
0 0.13923896887685158 0.19893734729295923 0.22928493416030346 0.2048144732322055 0.199689407109099 0.7883291200573715 0.11153251802040484 0.78413117295791
0 0.2311740103550612 0.224125029889729 0.28973537239255087 0.22748338756929828 0.277141531094166 0.7958854248364025 0.21165355634256464 0.7958854248364025
0 0.30169952162601654 0.24091681828757547 0.36152026779334473 0.23671887118811386 0.3457779661703636 0.7975646036761871 0.28532752793811617 0.7967250142562948
0 0.3690765725723756 0.2316813346687599 0.4276379346098653 0.23420010292843688 0.41819255363607666 0.805120908455218 0.352074886819556 0.8017625507756488
0 0.4358239314538155 0.23252092408865224 0.4981634458808206 0.23587928176822157 0.48745868077719345 0.8093188555546798 0.4276379346098653 0.8109980343944644
0 0.5082385189195285 0.22916256640908295 0.568688957151776 0.23671887118811386 0.563651420632422 0.8126772132342491 0.5000525220755784 0.8177147497536029
0 0.5781343381255646 0.23587928176822157 0.6379550842928928 0.23587928176822157 0.6392144684227313 0.8244314651127416 0.5737264936711299 0.8252710545326338
0 0.6448816970070045 0.24091681828757547 0.7065915193690905 0.2442751759671448 0.7091102876287674 0.8261106439525262 0.643622312877166 0.8219126968530647
0 0.7091102876287674 0.2484731230666064 0.7657825734714994 0.25351065958596036 0.7739685703154496 0.8227522862729568 0.7135181320832023 0.8219126968530647
0 0.7764873385751265 0.24595435480692943 0.8388268530021317 0.24931271248649875 0.8501613101706781 0.830308591051988 0.7865624116138344 0.8286294122122032
0 0.8388268530021317 0.2316813346687599 0.8665333038585784 0.2316813346687599 0.8797568372218825 0.8319877698917725 0.852680078430355 0.8311481804718802
0 0.8684223800533362 0.23671887118811386 0.9068335960134101 0.23420010292843688 0.9200571293767142 0.8311481804718802 0.8816459134166402 0.830308591051988
0 0.9175383611170372 0.23000215582897526 0.9546901929472726 0.22748338756929828 0.9773591072843654 0.8353461275713417 0.9320212786101798 0.8336669487315571
0 0.9616168056613843 0.29297136232089965 0.9811372596738809 0.2904525940612227 1.0000000000000002 0.7715373316595251 1.0000000000000002 0.8387044852509111 0.9817669517388001 0.8387044852509111
