0 0.053067993366500824 0.18781094527363182 0.12437810945273632 0.1853233830845771 0.10116086235489219 0.7736318407960199 0.03150912106135986 0.7699004975124377
0 0.13266998341625205 0.18781094527363182 0.1990049751243781 0.18781094527363182 0.16749585406301823 0.7786069651741293 0.10281923714759535 0.7761194029850745
0 0.208955223880597 0.19402985074626863 0.27694859038142616 0.2027363184079602 0.23383084577114424 0.7786069651741293 0.1724709784411277 0.777363184079602
0 0.28192371475953565 0.1990049751243781 0.351575456053068 0.20771144278606962 0.3134328358208955 0.7798507462686566 0.24709784411276947 0.7810945273631841
0 0.3582089552238806 0.21393034825870647 0.5041459369817578 0.21641791044776118 0.4560530679933665 0.7860696517412935 0.3167495854063018 0.7798507462686566
0 0.5124378109452736 0.24378109452736316 0.603648424543947 0.2537313432835821 0.5621890547263682 0.7910447761194029 0.4693200663349917 0.7885572139303482
0 0.6417910447761194 0.21641791044776118 0.7197346600331673 0.21766169154228854 0.6849087893864013 0.8059701492537312 0.6135986733001658 0.804726368159204
0 0.7197346600331673 0.2251243781094527 0.7728026533996682 0.22761194029850745 0.736318407960199 0.7935323383084576 0.6849087893864013 0.7960199004975124
0 0.7728026533996682 0.23134328358208953 0.8524046434494196 0.2388059701492537 0.8175787728026533 0.7873134328358209 0.7396351575456053 0.7922885572139303
0 0.8756218905472636 0.22388059701492538 0.9270315091210612 0.2288557213930348 0.8938640132669983 0.7972636815920398 0.8441127694859037 0.7972636815920398
0 0.9485903814262022 0.24004975124378108 1.0 0.24129353233830844 0.9668325041459369 0.7922885572139303 0.9087893864013266 0.7960199004975124
