0 0.008291873963515753 0.15920398009950248 0.08955223880597014 0.16666666666666666 0.09950248756218905 0.7885572139303482 0.026533996683250412 0.7922885572139303
0 0.09286898839137646 0.15298507462686567 0.16749585406301823 0.15422885572139303 0.15422885572139303 0.7873134328358209 0.10281923714759535 0.7823383084577114
0 0.1724709784411277 0.15547263681592038 0.24875621890547264 0.16044776119402984 0.23051409618573795 0.7848258706467661 0.15422885572139303 0.7885572139303482
0 0.2553897180762852 0.15049751243781093 0.29187396351575456 0.15298507462686567 0.2570480928689884 0.7873134328358209 0.23051409618573795 0.7885572139303482
0 0.29187396351575456 0.18905472636815918 0.37147595356550583 0.19402985074626863 0.3283582089552239 0.7960199004975124 0.25870646766169153 0.7910447761194029
0 0.3814262023217247 0.2263681592039801 0.4593698175787728 0.2288557213930348 0.4112769485903814 0.7997512437810944 0.3333333333333333 0.804726368159204
0 0.4709784411276948 0.14427860696517414 0.5472636815920398 0.14925373134328357 0.4759535655058043 0.822139303482587 0.40630182421227196 0.8208955223880597
0 0.5588723051409619 0.15671641791044774 0.6600331674958541 0.15796019900497513 0.5704809286898839 0.8159203980099502 0.48092868988391374 0.822139303482587
0 0.6616915422885572 0.16915422885572137 0.6981757877280266 0.16915422885572137 0.6102819237147594 0.8146766169154229 0.5704809286898839 0.8134328358208954
0 0.7114427860696517 0.13432835820895522 0.7495854063018241 0.13432835820895522 0.6500829187396351 0.8022388059701492 0.6102819237147594 0.8022388059701492
0 0.7495854063018241 0.13059701492537312 0.8291873963515755 0.13557213930348258 0.7164179104477612 0.8233830845771144 0.6368159203980099 0.8159203980099502
0 0.8441127694859037 0.15049751243781093 0.9767827529021558 0.14676616915422883 0.8291873963515755 0.8308457711442785 0.7164179104477612 0.8271144278606964
