0 0.05350000 0.46083333 0.02850000 0.46050000 0.02550000 0.45916667 0.02437500 0.45533333 0.01337500 0.13266667 0.01362500 0.10866667 0.01487500 0.10400000 0.01725000 0.10250000 0.05300000 0.10183333 0.06112500 0.10366667 0.05637500 0.11100000 0.05662500 0.13400000 0.06012500 0.19166667 0.06012500 0.22166667 0.06237500 0.23200000 0.06087500 0.26000000 0.06312500 0.36366667 0.06437500 0.38500000 0.06712500 0.40000000 0.06562500 0.40800000 0.06662500 0.45200000 0.06525000 0.46016667
0 0.12350000 0.46283333 0.08800000 0.46150000 0.08425000 0.45950000 0.08337500 0.45566667 0.08262500 0.36466667 0.07887500 0.28333333 0.07587500 0.12000000 0.07687500 0.11166667 0.08150000 0.10883333 0.11525000 0.10916667 0.12412500 0.11166667 0.12087500 0.12666667 0.12112500 0.18200000 0.12312500 0.26066667 0.12462500 0.27066667 0.12712500 0.45933333
0 0.17475000 0.46650000 0.13825000 0.46516667 0.13350000 0.46316667 0.13262500 0.45900000 0.12962500 0.12500000 0.12962500 0.11133333 0.13200000 0.10750000 0.17350000 0.10916667 0.17950000 0.11116667 0.18287500 0.11566667 0.18212500 0.27433333 0.18337500 0.34866667 0.18212500 0.37433333 0.18362500 0.43200000 0.18212500 0.46233333
0 0.22900000 0.46883333 0.19325000 0.46683333 0.18787500 0.46333333 0.18462500 0.11866667 0.18512500 0.11466667 0.18925000 0.11150000 0.22875000 0.11416667 0.23337500 0.11866667 0.23362500 0.45966667 0.23237500 0.46666667
0 0.27950000 0.47216667 0.24500000 0.47116667 0.24025000 0.47050000 0.23712500 0.46700000 0.23487500 0.11533333 0.23650000 0.11150000 0.23975000 0.11050000 0.28175000 0.11316667 0.28650000 0.11516667 0.28812500 0.11866667 0.28662500 0.13766667 0.28662500 0.22233333 0.28437500 0.26400000 0.28637500 0.40100000 0.28437500 0.42666667 0.28412500 0.46766667 0.28275000 0.47116667
0 0.33400000 0.47316667 0.29500000 0.47250000 0.29062500 0.46833333 0.29012500 0.42300000 0.29212500 0.37633333 0.29037500 0.35866667 0.28987500 0.12566667 0.29087500 0.11600000 0.29500000 0.11316667 0.33800000 0.11683333 0.34187500 0.12066667 0.33987500 0.45966667 0.33937500 0.47066667
0 0.38200000 0.47516667 0.34550000 0.47350000 0.34137500 0.46966667 0.34287500 0.13800000 0.34362500 0.12033333 0.34700000 0.11783333 0.38550000 0.11916667 0.39212500 0.12333333 0.38912500 0.27533333 0.38937500 0.41266667 0.38737500 0.47100000 0.38500000 0.47450000
0 0.43600000 0.47650000 0.39650000 0.47516667 0.39312500 0.47100000 0.39437500 0.14200000 0.39487500 0.12333333 0.39650000 0.12150000 0.43875000 0.12183333 0.44462500 0.12400000 0.44362500 0.22233333 0.44137500 0.26500000 0.44112500 0.41133333 0.43962500 0.47166667
0 0.48150000 0.47816667 0.44675000 0.47716667 0.44350000 0.47550000 0.44262500 0.47266667 0.44737500 0.13100000 0.44887500 0.12366667 0.45125000 0.12183333 0.48775000 0.12316667 0.49837500 0.12733333 0.49412500 0.16600000 0.49462500 0.24066667 0.49212500 0.28900000 0.49287500 0.36300000 0.48837500 0.45900000 0.48912500 0.47133333 0.48775000 0.47583333
0 0.53825000 0.47983333 0.49925000 0.47883333 0.49512500 0.47466667 0.49937500 0.32366667 0.50187500 0.13366667 0.50600000 0.12516667 0.54875000 0.12683333 0.55437500 0.13066667 0.55012500 0.24566667 0.54737500 0.28000000 0.54637500 0.37133333 0.54237500 0.47433333 0.54125000 0.47850000
0 0.58650000 0.48216667 0.54875000 0.48050000 0.54575000 0.47916667 0.54462500 0.47533333 0.55587500 0.13100000 0.56025000 0.12816667 0.60000000 0.12883333 0.60425000 0.13050000 0.60487500 0.13366667 0.59187500 0.47200000 0.59062500 0.47933333
0 0.63525000 0.48483333 0.59950000 0.48250000 0.59562500 0.47966667 0.59462500 0.47600000 0.60662500 0.13466667 0.60825000 0.13083333 0.61175000 0.12916667 0.65200000 0.13016667 0.65450000 0.13083333 0.65612500 0.13466667 0.64187500 0.47633333 0.64025000 0.48383333
0 0.69100000 0.48583333 0.65325000 0.48550000 0.64675000 0.48383333 0.64562500 0.48166667 0.64662500 0.42800000 0.64987500 0.39333333 0.65187500 0.38933333 0.65087500 0.38333333 0.65537500 0.29433333 0.65787500 0.13866667 0.66200000 0.13283333 0.66850000 0.13050000 0.70375000 0.13083333 0.70900000 0.13183333 0.71112500 0.13500000 0.69587500 0.47933333 0.69512500 0.48366667
0 0.73550000 0.48683333 0.70250000 0.48550000 0.69837500 0.48266667 0.70337500 0.38933333 0.71212500 0.14466667 0.71262500 0.13900000 0.71650000 0.13616667 0.75625000 0.13716667 0.75887500 0.13900000 0.75937500 0.14233333 0.74462500 0.46100000 0.74287500 0.48300000 0.74050000 0.48650000
0 0.79400000 0.48850000 0.75625000 0.48750000 0.75125000 0.48583333 0.74787500 0.48066667 0.75087500 0.43433333 0.75187500 0.37066667 0.75437500 0.35033333 0.75537500 0.30600000 0.75837500 0.27566667 0.75862500 0.20933333 0.76137500 0.14666667 0.76375000 0.14150000 0.77375000 0.13883333 0.81100000 0.14050000 0.81487500 0.14266667 0.79737500 0.48333333 0.79687500 0.48666667
0 0.83825000 0.48916667 0.80275000 0.48783333 0.79937500 0.48333333 0.80237500 0.41533333 0.80537500 0.39300000 0.80562500 0.36800000 0.80837500 0.33833333 0.81537500 0.15333333 0.81637500 0.14533333 0.82100000 0.14250000 0.86150000 0.14416667 0.86312500 0.14633333 0.85887500 0.25233333 0.85187500 0.34000000 0.85037500 0.37933333 0.84812500 0.39466667 0.84362500 0.48400000 0.84225000 0.48783333
0 0.89750000 0.49283333 0.86100000 0.49150000 0.85812500 0.49033333 0.85637500 0.48266667 0.87037500 0.26766667 0.87562500 0.15033333 0.87750000 0.14250000 0.88450000 0.14116667 0.91975000 0.14216667 0.92262500 0.14666667 0.92037500 0.20633333 0.90637500 0.39566667 0.90187500 0.48533333 0.90137500 0.49033333
0 0.94925000 0.49516667 0.91275000 0.49350000 0.90600000 0.49083333 0.90512500 0.48633333 0.90812500 0.40966667 0.91137500 0.39666667 0.91162500 0.36933333 0.91487500 0.34766667 0.91612500 0.31733333 0.91937500 0.29133333 0.91862500 0.25466667 0.92162500 0.21766667 0.92387500 0.15066667 0.92625000 0.14516667 0.93500000 0.14283333 0.97475000 0.14450000 0.97737500 0.14866667 0.96812500 0.30066667 0.95712500 0.43233333 0.95387500 0.49033333 0.95200000 0.49450000
0 0.99975000 0.49616667 0.95875000 0.49516667 0.95487500 0.49033333 0.95862500 0.43333333 0.96462500 0.37733333 0.97837500 0.16233333 0.97962500 0.15066667 0.98225000 0.14650000 0.98550000 0.14583333 0.99975000 0.14633333
0 0.56625000 0.94950000 0.55575000 0.94950000 0.55137500 0.94733333 0.54987500 0.93866667 0.54962500 0.90733333 0.55462500 0.63066667 0.55675000 0.62516667 0.56450000 0.62450000 0.57300000 0.62750000 0.59600000 0.62883333 0.59887500 0.63100000 0.59887500 0.72100000 0.60012500 0.73600000 0.59862500 0.84666667 0.59462500 0.94266667 0.59200000 0.94850000
0 0.50875000 0.62777778 0.55125000 0.62888889 0.54208333 0.95333333 0.49625000 0.94888889 0.50041667 0.62555556
0 0.48650000 0.94250000 0.45100000 0.94183333 0.44787500 0.93633333 0.45587500 0.62866667 0.45662500 0.62400000 0.45900000 0.62083333 0.49050000 0.62283333 0.49825000 0.61950000 0.50112500 0.62633333 0.49987500 0.70866667 0.49687500 0.75833333 0.49487500 0.85033333 0.49112500 0.93300000 0.49037500 0.93933333
0 0.43600000 0.94650000 0.42450000 0.94616667 0.42162500 0.94366667 0.43062500 0.63500000 0.43162500 0.62833333 0.43525000 0.62416667 0.43875000 0.62716667 0.44725000 0.62716667 0.44862500 0.62333333 0.44737500 0.61800000 0.45125000 0.61516667 0.45187500 0.62666667 0.45462500 0.63033333 0.45537500 0.63633333 0.44587500 0.93966667 0.44350000 0.94416667
0 0.41675000 0.94550000 0.39925000 0.94483333 0.39650000 0.94383333 0.39537500 0.94033333 0.40487500 0.63000000 0.40850000 0.61816667 0.41200000 0.62383333 0.42500000 0.62383333 0.42775000 0.62183333 0.42962500 0.62900000 0.42362500 0.80300000 0.42137500 0.92500000 0.42062500 0.93966667
0 0.38125000 0.62333333 0.40458333 0.62333333 0.39625000 0.94222222 0.37291667 0.94333333
0 0.36150000 0.94350000 0.35300000 0.94283333 0.34987500 0.93800000 0.35337500 0.70500000 0.35537500 0.62733333 0.35750000 0.61916667 0.37700000 0.61983333 0.37962500 0.62733333 0.37212500 0.93966667 0.36950000 0.94250000
0 0.34575000 0.94383333 0.32975000 0.94216667 0.32637500 0.93933333 0.32587500 0.93666667 0.32912500 0.63366667 0.33012500 0.62433333 0.33400000 0.62116667 0.34200000 0.62216667 0.35375000 0.62016667 0.35512500 0.62333333 0.35137500 0.78233333 0.35012500 0.92833333 0.34937500 0.93900000
0 0.32250000 0.94050000 0.30625000 0.94016667 0.30162500 0.93600000 0.30387500 0.81166667 0.30462500 0.62966667 0.30562500 0.62333333 0.31037500 0.61900000 0.31075000 0.61516667 0.31300000 0.61550000 0.31450000 0.61950000 0.32250000 0.61950000 0.32350000 0.61616667 0.32650000 0.61583333 0.33025000 0.61150000 0.33037500 0.61600000 0.32712500 0.61766667 0.32887500 0.62766667 0.32737500 0.77200000 0.32512500 0.79866667 0.32687500 0.83033333 0.32662500 0.88633333 0.32512500 0.93566667
0 0.29750000 0.93916667 0.28350000 0.93883333 0.27862500 0.93566667 0.28137500 0.62233333 0.28300000 0.61883333 0.28725000 0.61716667 0.30325000 0.61750000 0.30512500 0.62200000 0.30262500 0.74766667 0.30162500 0.93266667 0.30087500 0.93700000
0 0.27600000 0.93850000 0.25900000 0.93816667 0.25512500 0.93566667 0.25462500 0.93200000 0.25462500 0.63033333 0.25487500 0.62300000 0.25950000 0.61950000 0.27950000 0.61983333 0.28062500 0.62266667 0.27937500 0.76466667 0.27787500 0.79333333 0.27812500 0.93600000
0 0.24875000 0.93716667 0.23625000 0.93616667 0.23337500 0.93233333 0.23287500 0.92833333 0.23112500 0.67166667 0.23162500 0.62566667 0.23237500 0.62133333 0.23525000 0.61950000 0.25200000 0.61950000 0.25462500 0.62266667 0.25462500 0.92933333 0.25325000 0.93583333
0 0.20625000 0.61888889 0.23041667 0.62000000 0.23291667 0.93111111 0.21208333 0.93111111
0 0.18541667 0.61666667 0.20625000 0.61666667 0.20958333 0.93555556 0.18875000 0.93333333
0 0.02682927 0.58943089 0.05365854 0.59349593 0.06951220 0.92113821 0.04024390 0.92439024
0 0.05792683 0.59593496 0.08841463 0.59593496 0.10121951 0.92113821 0.06951220 0.92113821
0 0.08902439 0.61219512 0.11036585 0.61219512 0.12134146 0.92113821 0.10121951 0.92276423
0 0.11463415 0.61300813 0.13475610 0.61300813 0.14146341 0.92357724 0.12317073 0.92439024
0 0.13536585 0.61382114 0.15914634 0.61300813 0.16524390 0.92764228 0.14207317 0.92764228
0 0.16219512 0.61300813 0.18414634 0.61544715 0.18780488 0.93170732 0.16707317 0.92845528
