0 0.14484126984126985 0.10052910052910052 0.19907407407407407 0.10405643738977072 0.2123015873015873 0.911816578483245 0.15674603174603174 0.9171075837742504
0 0.20568783068783067 0.13051146384479717 0.296957671957672 0.13756613756613756 0.30224867724867727 0.8977072310405644 0.210978835978836 0.911816578483245
0 0.30357142857142855 0.15873015873015872 0.39616402116402116 0.15696649029982362 0.416005291005291 0.8871252204585538 0.3101851851851852 0.8924162257495591
0 0.3988095238095238 0.14814814814814814 0.49272486772486773 0.14638447971781304 0.5112433862433863 0.8783068783068783 0.41865079365079366 0.8871252204585538
0 0.501984126984127 0.18694885361552027 0.5297619047619047 0.1781305114638448 0.6144179894179893 0.8518518518518519 0.5667989417989417 0.8447971781305114
0 0.5509259259259258 0.12698412698412698 0.5747354497354498 0.12522045855379188 0.6593915343915344 0.8712522045855379 0.6263227513227513 0.8677248677248678
0 0.5958994708994709 0.20105820105820105 0.6263227513227513 0.19753086419753088 0.7017195767195767 0.8447971781305114 0.6673280423280423 0.8500881834215167
0 0.6408730158730159 0.14991181657848324 0.6845238095238095 0.14462081128747795 0.7599206349206349 0.8500881834215167 0.7083333333333334 0.8553791887125219
0 0.7136243386243386 0.1234567901234568 0.7493386243386243 0.1234567901234568 0.833994708994709 0.8571428571428572 0.7863756613756614 0.8606701940035273
0 0.7705026455026455 0.14638447971781304 0.8194444444444444 0.13756613756613756 0.9305555555555556 0.8412698412698413 0.8683862433862434 0.8447971781305114
0 0.8167989417989417 0.09523809523809525 0.8604497354497355 0.08465608465608467 0.9715608465608466 0.8377425044091711 0.9265873015873015 0.8447971781305114
