0 0.87375000 0.66450000 0.85350000 0.66416667 0.84887500 0.65900000 0.84362500 0.10000000 0.84012500 0.08166667 0.83000000 0.07816667 0.82862500 0.07233333 0.82987500 0.05666667 0.83800000 0.04850000 0.85350000 0.04316667 0.88525000 0.04050000 0.88887500 0.04166667 0.89012500 0.04766667 0.89087500 0.09466667 0.88837500 0.64033333 0.88537500 0.65866667
0 0.81900000 0.66683333 0.79900000 0.66316667 0.79312500 0.65433333 0.79587500 0.64266667 0.79387500 0.63333333 0.79762500 0.42600000 0.79612500 0.21266667 0.79362500 0.19433333 0.79537500 0.18066667 0.79262500 0.17766667 0.79462500 0.17166667 0.79237500 0.11566667 0.79412500 0.10666667 0.78962500 0.09966667 0.79875000 0.09283333 0.80300000 0.08516667 0.83475000 0.08183333 0.83987500 0.08566667 0.84187500 0.09633333 0.84412500 0.19633333 0.84712500 0.65833333 0.84200000 0.66350000
0 0.73825000 0.65583333 0.72075000 0.65383333 0.71637500 0.64733333 0.71537500 0.63533333 0.71662500 0.07866667 0.72200000 0.07216667 0.75625000 0.07150000 0.76375000 0.07283333 0.76612500 0.08000000 0.76087500 0.63500000 0.75600000 0.65183333
0 0.68550000 0.65516667 0.67275000 0.65383333 0.66812500 0.64800000 0.66687500 0.63900000 0.66787500 0.11500000 0.66587500 0.07200000 0.67650000 0.06750000 0.71300000 0.07083333 0.71512500 0.09166667 0.71387500 0.64700000 0.70900000 0.65283333
0 0.63925000 0.65783333 0.61925000 0.65450000 0.61662500 0.63866667 0.61487500 0.06766667 0.61625000 0.06416667 0.62375000 0.06216667 0.66225000 0.06350000 0.66537500 0.10133333 0.66437500 0.64133333 0.66125000 0.65450000
0 0.59050000 0.65483333 0.57150000 0.65083333 0.56912500 0.63666667 0.56312500 0.15766667 0.56362500 0.06500000 0.58525000 0.06116667 0.61125000 0.06316667 0.61287500 0.07866667 0.61512500 0.64700000 0.61100000 0.65283333
0 0.54875000 0.65250000 0.52500000 0.65183333 0.52037500 0.64666667 0.51137500 0.07333333 0.51237500 0.06066667 0.51875000 0.05616667 0.55100000 0.05683333 0.56050000 0.06050000 0.56162500 0.06400000 0.56712500 0.64666667 0.56450000 0.65116667
0 0.04125000 0.64083333 0.02575000 0.63916667 0.02412500 0.63233333 0.00537500 0.03800000 0.01200000 0.03350000 0.02925000 0.03616667 0.03512500 0.04466667 0.05112500 0.60200000 0.04962500 0.63500000
0 0.07075000 0.63583333 0.05575000 0.63516667 0.05362500 0.62300000 0.05112500 0.46133333 0.03937500 0.10766667 0.03862500 0.05033333 0.03975000 0.04483333 0.04500000 0.04283333 0.06012500 0.04500000 0.06612500 0.37766667 0.07412500 0.61900000 0.07387500 0.63366667
0 0.08875000 0.63716667 0.07650000 0.63650000 0.07437500 0.63100000 0.05962500 0.07033333 0.05937500 0.04866667 0.06450000 0.04350000 0.08075000 0.04483333 0.08237500 0.05200000 0.09512500 0.62966667 0.09375000 0.63550000
0 0.10850000 0.63716667 0.09762500 0.63433333 0.09437500 0.59800000 0.08987500 0.30700000 0.08262500 0.06966667 0.08287500 0.04866667 0.08775000 0.04450000 0.10200000 0.04616667 0.10462500 0.05733333 0.11412500 0.50600000 0.11962500 0.62966667 0.11800000 0.63516667
0 0.13425000 0.63916667 0.12287500 0.63366667 0.11987500 0.59600000 0.10612500 0.05300000 0.10750000 0.04650000 0.11300000 0.04516667 0.12675000 0.04816667 0.12837500 0.06466667 0.13362500 0.41733333 0.14087500 0.62166667 0.14037500 0.63633333
0 0.15525000 0.64016667 0.14475000 0.63950000 0.14187500 0.63366667 0.13812500 0.51900000 0.12912500 0.06733333 0.13012500 0.04900000 0.14000000 0.04750000 0.14837500 0.04900000 0.14937500 0.06400000 0.14862500 0.12366667 0.15912500 0.52933333 0.15737500 0.58866667 0.16087500 0.62166667 0.16012500 0.63866667
0 0.17450000 0.64416667 0.16237500 0.63866667 0.16037500 0.59733333 0.14862500 0.10866667 0.14812500 0.05300000 0.14975000 0.04783333 0.15350000 0.04683333 0.16900000 0.04883333 0.17037500 0.06066667 0.18312500 0.63300000 0.18150000 0.64150000
0 0.19800000 0.64450000 0.18600000 0.64316667 0.18437500 0.63900000 0.17087500 0.05833333 0.17187500 0.04900000 0.17550000 0.04783333 0.18950000 0.04850000 0.19462500 0.05700000 0.20212500 0.48666667 0.20562500 0.55666667 0.20387500 0.59766667 0.20712500 0.62833333 0.20562500 0.64266667
0 0.22475000 0.64350000 0.21175000 0.64283333 0.20912500 0.62933333 0.21062500 0.61533333 0.20837500 0.60233333 0.20337500 0.39266667 0.19912500 0.06200000 0.20125000 0.05450000 0.21650000 0.05583333 0.21837500 0.06333333 0.23137500 0.62600000 0.23112500 0.63966667
0 0.24800000 0.64350000 0.23600000 0.64316667 0.23362500 0.63566667 0.21812500 0.08333333 0.21887500 0.05866667 0.22300000 0.05550000 0.23725000 0.05583333 0.23987500 0.06500000 0.25387500 0.61233333 0.25662500 0.63366667 0.25600000 0.64050000
0 0.27550000 0.64516667 0.26375000 0.64450000 0.25887500 0.63566667 0.24037500 0.07966667 0.24012500 0.05933333 0.24300000 0.05616667 0.25900000 0.05650000 0.26262500 0.06366667 0.28037500 0.63766667 0.28012500 0.64266667
0 0.29125000 0.64783333 0.28262500 0.64266667 0.28012500 0.61200000 0.26337500 0.06200000 0.26525000 0.05650000 0.26850000 0.05583333 0.28150000 0.05683333 0.28462500 0.06900000 0.29887500 0.49700000 0.30012500 0.60133333 0.30362500 0.64233333 0.30150000 0.64683333
0 0.32150000 0.64883333 0.30412500 0.64633333 0.30287500 0.61500000 0.29937500 0.60000000 0.30112500 0.57200000 0.28512500 0.06333333 0.28700000 0.05883333 0.29775000 0.05650000 0.30512500 0.06066667 0.30762500 0.10600000 0.31037500 0.24466667 0.32487500 0.62033333 0.32537500 0.64300000
0 0.34225000 0.64916667 0.32875000 0.64850000 0.32587500 0.63966667 0.30737500 0.07033333 0.30800000 0.06050000 0.31800000 0.05716667 0.33000000 0.06050000 0.33112500 0.07066667 0.34712500 0.57633333 0.34762500 0.63933333 0.34687500 0.64666667
0 0.35775000 0.64883333 0.34962500 0.64666667 0.34687500 0.60800000 0.34737500 0.55900000 0.33162500 0.06866667 0.33287500 0.06233333 0.33725000 0.06016667 0.35025000 0.06083333 0.35487500 0.06466667 0.35537500 0.07033333 0.37137500 0.63733333 0.37000000 0.64750000
0 0.38525000 0.64950000 0.37400000 0.64750000 0.37187500 0.63866667 0.35487500 0.08500000 0.35487500 0.06533333 0.35975000 0.06183333 0.37650000 0.06350000 0.37837500 0.07233333 0.39337500 0.64133333 0.39250000 0.64750000
0 0.40825000 0.64850000 0.39412500 0.64666667 0.39112500 0.60000000 0.38712500 0.35133333 0.37787500 0.08133333 0.38050000 0.06616667 0.39275000 0.06450000 0.39950000 0.06750000 0.40137500 0.07233333 0.40612500 0.24800000 0.41512500 0.64266667 0.41450000 0.64683333
0 0.42550000 0.64883333 0.41512500 0.64633333 0.41287500 0.59666667 0.41162500 0.44966667 0.40162500 0.09300000 0.40187500 0.07166667 0.40412500 0.06466667 0.40725000 0.06416667 0.42000000 0.06683333 0.42287500 0.07100000 0.43612500 0.63700000 0.43525000 0.64683333
0 0.45125000 0.64950000 0.43950000 0.64883333 0.43612500 0.64000000 0.42237500 0.07833333 0.42362500 0.06900000 0.42700000 0.06716667 0.43975000 0.06716667 0.44462500 0.07200000 0.45537500 0.63733333 0.45537500 0.64666667
0 0.47075000 0.64983333 0.45900000 0.64950000 0.45587500 0.64400000 0.45012500 0.24766667 0.44387500 0.08666667 0.44437500 0.07200000 0.45100000 0.06750000 0.46325000 0.06783333 0.46712500 0.07233333 0.47362500 0.57300000 0.47662500 0.63666667 0.47662500 0.64666667
0 0.49100000 0.65050000 0.47850000 0.64850000 0.47662500 0.64133333 0.47387500 0.33800000 0.46837500 0.10100000 0.46837500 0.07366667 0.47250000 0.07083333 0.48575000 0.07183333 0.48762500 0.07900000 0.49562500 0.51333333 0.49462500 0.57300000 0.49837500 0.64200000 0.49625000 0.64850000
0 0.51025000 0.65216667 0.50075000 0.65116667 0.49812500 0.64666667 0.48812500 0.08533333 0.48887500 0.07233333 0.49725000 0.07016667 0.50975000 0.07183333 0.51087500 0.08700000 0.51587500 0.57466667 0.51887500 0.64700000 0.51725000 0.65116667
