0 0.0 0.0022769624103129564 0.0730370648162243 0.0 0.14115828298164632 0.9740469929741906 0.006306075592953729 0.9803030232138722
0 0.07859798058483017 0.0033196341169265584 0.1800846933618875 0.0 0.2634984298909757 1.0000000000000002 0.15367034346100955 0.9969857705196898
0 0.19954789855200805 0.024173068249198612 0.24542545364300655 0.018959709716130597 0.33579033488285215 1.0000000000000002 0.2787909482546419 1.0000000000000002
0 0.2607179720066728 0.0 0.3191075875770345 0.0 0.4025213241061227 1.0000000000000002 0.34135125065145805 1.0000000000000002
0 0.3260587322877918 0.03564245702194824 0.3747167452630933 0.03564245702194824 0.47203277121369625 1.0000000000000002 0.4178138424697889 1.0000000000000002
0 0.38444834785815357 0.03772780043517544 0.4317161318913036 0.04085581555501625 0.5401539893791182 1.0000000000000002 0.4775936869823021 1.0000000000000002
0 0.44005750554421236 0.048154517501311465 0.4817643738087565 0.048154517501311465 0.59854360494948 1.0000000000000002 0.5484953630320271 1.0000000000000002
0 0.4942764342881197 0.031471770195493826 0.5429344472634212 0.031471770195493826 0.6680550520570535 1.0000000000000002 0.6054947496602373 1.0000000000000002
0 0.5526660498584814 0.04398383067485706 0.5971533760073285 0.04294115896824346 0.7278348965695667 1.0000000000000002 0.6736159678256594 1.0000000000000002
0 0.6054947496602373 0.05441054774099308 0.6499820758090843 0.055453219447606686 0.7862245121399284 0.9980284422263035 0.734786041280324 1.0000000000000002
