0 0.09175121350547791 0.1272350445817361 0.1125617282918963 0.12577465757918044 0.12680050156681416 0.8764135768927984 0.10598998678039576 0.8851758989081325
0 0.1202287600553136 0.13161620558940312 0.13884869433789848 0.13161620558940312 0.15199217736089957 0.873492802887687 0.13446753333023145 0.8749531898902428
0 0.13775340408598175 0.13161620558940312 0.15746862862048336 0.13161620558940312 0.18156501416265206 0.8705720288825757 0.16075449937623365 0.873492802887687
0 0.16294507988006718 0.11993310956895772 0.1804697239107353 0.11847272256640203 0.2012802386971537 0.860349319864686 0.18923204592606935 0.8647304808723529
0 0.1826603044145688 0.1403785276047372 0.23085307549890616 0.14329930160984855 0.2527588805372413 0.8749531898902428 0.2034708192009872 0.877873963895354
0 0.23194836575082292 0.1330765925919588 0.28780816859857755 0.13161620558940312 0.3108092638888295 0.8837155119055767 0.2527588805372413 0.8851758989081325
0 0.2921893296062446 0.13161620558940312 0.349144422705916 0.14329930160984855 0.3622879057289171 0.8822551249030212 0.3097139736369127 0.8851758989081325
0 0.34695384220208253 0.1345369795945145 0.3995277742940869 0.1330765925919588 0.4181477085766717 0.8880966729132438 0.3622879057289171 0.8910174469183552
0 0.4017183547979204 0.16812588065329506 0.45648286739375826 0.16374471964562803 0.48057925293592696 0.8924778339209108 0.42143357933242204 0.9012401559362448
0 0.4630546089052588 0.16520510664818372 0.5222002825087637 0.17542781566607346 0.5408202167913487 0.8924778339209108 0.4827698334397605 0.8939382209234665
0 0.5265814435164308 0.1666654936507394 0.5901082781276027 0.1666654936507394 0.5955847293871865 0.8880966729132438 0.5419155070432654 0.8939382209234665
0 0.5879176976237692 0.17104665465840643 0.6426822102196071 0.17104665465840643 0.6503492419830244 0.8910174469183552 0.5966800196391033 0.8939382209234665
0 0.6481586614791909 0.17396742866351778 0.7073043350826959 0.17542781566607346 0.7105902058384461 0.8968589949285779 0.6558256932426082 0.8968589949285779
0 0.729210140121031 0.09364614352295553 0.7894511039764527 0.09072536951784417 0.7850699429687856 0.8997797689336893 0.7193525278537802 0.8968589949285779
0 0.7905463942283695 0.1520616236251826 0.8529779385876246 0.1520616236251826 0.8431203263203738 0.8880966729132438 0.7883558137245359 0.8910174469183552
0 0.8595496800991252 0.1783485896711848 0.969078705290801 0.1841901376814075 0.9723645760465512 0.8851758989081325 0.8442156165722906 0.8910174469183552
