0 0.0005005005005005005 0.11261261261261261 0.08458458458458458 0.1036036036036036 0.14464464464464463 0.9189189189189189 0.06456456456456457 0.9279279279279279
0 0.09259259259259259 0.0975975975975976 0.16266266266266263 0.09909909909909909 0.2207207207207207 0.9219219219219219 0.14464464464464463 0.9264264264264264
0 0.16866866866866867 0.09159159159159158 0.24074074074074073 0.0945945945945946 0.3008008008008008 0.9174174174174173 0.22672672672672672 0.9279279279279279
0 0.25075075075075076 0.0945945945945946 0.3288288288288288 0.0945945945945946 0.38488488488488487 0.9159159159159159 0.3108108108108108 0.9189189189189189
0 0.3308308308308308 0.08558558558558557 0.4009009009009009 0.08558558558558557 0.47097097097097096 0.9114114114114114 0.3908908908908909 0.9189189189189189
0 0.40890890890890885 0.07807807807807808 0.47697697697697694 0.07807807807807808 0.5530530530530531 0.9069069069069069 0.474974974974975 0.9159159159159159
0 0.49699699699699695 0.13513513513513514 0.551051051051051 0.13213213213213212 0.6151151151151151 0.8948948948948948 0.561061061061061 0.9069069069069069
0 0.555055055055055 0.11861861861861861 0.6091091091091091 0.1141141141141141 0.6751751751751751 0.9084084084084084 0.6211211211211211 0.9084084084084084
0 0.617117117117117 0.1141141141141141 0.6751751751751751 0.10960960960960961 0.7392392392392393 0.9144144144144144 0.6911911911911911 0.9189189189189189
0 0.6731731731731732 0.07657657657657657 0.7212212212212212 0.07357357357357357 0.7972972972972973 0.9054054054054053 0.7452452452452452 0.9099099099099098
0 0.7252252252252251 0.07807807807807808 0.7712712712712713 0.07357357357357357 0.8453453453453453 0.8978978978978978 0.7992992992992992 0.9009009009009009
0 0.7752752752752752 0.08858858858858858 0.8413413413413412 0.08558558558558557 0.9294294294294294 0.8738738738738738 0.8473473473473473 0.8768768768768769
0 0.8673673673673673 0.06306306306306306 0.9454454454454453 0.05555555555555555 1.0 0.5465465465465466 0.9974974974974974 0.8888888888888888 0.9454454454454453 0.8918918918918919
