0 0.19075000 0.84550000 0.16975000 0.84383333 0.16787500 0.82800000 0.17337500 0.05866667 0.17637500 0.03366667 0.18525000 0.03216667 0.20100000 0.03383333 0.20687500 0.03933333 0.20237500 0.27566667 0.20187500 0.82866667 0.20087500 0.84200000
0 0.22475000 0.85183333 0.20850000 0.85050000 0.20362500 0.84566667 0.20512500 0.20066667 0.20762500 0.04766667 0.21300000 0.03616667 0.22562500 0.03700000 0.22687500 0.06400000 0.22537500 0.58033333 0.22862500 0.62933333 0.22862500 0.82666667
0 0.25975000 0.87750000 0.23100000 0.87350000 0.22812500 0.85000000 0.23137500 0.64100000 0.22737500 0.54633333 0.22737500 0.03633333 0.22875000 0.01716667 0.24925000 0.01150000 0.26212500 0.01433333 0.26512500 0.03333333 0.26487500 0.87000000
0 0.30025000 0.88183333 0.27575000 0.88116667 0.26712500 0.87366667 0.26662500 0.06066667 0.26787500 0.01833333 0.27925000 0.01216667 0.30000000 0.01350000 0.30487500 0.02166667 0.30537500 0.87533333
0 0.34175000 0.88616667 0.31775000 0.88516667 0.30712500 0.87700000 0.30562500 0.02466667 0.30825000 0.01750000 0.31450000 0.01550000 0.34125000 0.01683333 0.34487500 0.02533333 0.34637500 0.87466667
0 0.37875000 0.89116667 0.35375000 0.89016667 0.34862500 0.87866667 0.34637500 0.05133333 0.34737500 0.02166667 0.35675000 0.01683333 0.37450000 0.01750000 0.38337500 0.02566667 0.38587500 0.09633333 0.38712500 0.88100000 0.38475000 0.88983333
0 0.41750000 0.89150000 0.39275000 0.89050000 0.38962500 0.88200000 0.38687500 0.03433333 0.38825000 0.02783333 0.39550000 0.02516667 0.42075000 0.02850000 0.42337500 0.04800000 0.43287500 0.87966667 0.42800000 0.88950000
0 0.45725000 0.88550000 0.43875000 0.88283333 0.43487500 0.87133333 0.42762500 0.04766667 0.42812500 0.03333333 0.43575000 0.02483333 0.46250000 0.03216667 0.46462500 0.04366667 0.47162500 0.88000000
0 0.48950000 0.88216667 0.47800000 0.88116667 0.47512500 0.87100000 0.46937500 0.49166667 0.46637500 0.02933333 0.46925000 0.01716667 0.47850000 0.01550000 0.49825000 0.01650000 0.50337500 0.02166667 0.50587500 0.09666667 0.51287500 0.87333333 0.50625000 0.88050000
0 0.53425000 0.89650000 0.51725000 0.89383333 0.51537500 0.87366667 0.50637500 0.07500000 0.50637500 0.04900000 0.51350000 0.04483333 0.53425000 0.04683333 0.53812500 0.05633333 0.55112500 0.88933333 0.54800000 0.89450000
0 0.58950000 0.90350000 0.55675000 0.90083333 0.55387500 0.89166667 0.53987500 0.05066667 0.54375000 0.04450000 0.55900000 0.04150000 0.57650000 0.04250000 0.57937500 0.04866667 0.59487500 0.87266667 0.59437500 0.89900000
0 0.62725000 0.91150000 0.60225000 0.90850000 0.59687500 0.89800000 0.58337500 0.07633333 0.58337500 0.04566667 0.59000000 0.04083333 0.61925000 0.04050000 0.62362500 0.04500000 0.63862500 0.85833333 0.63812500 0.90800000
0 0.68200000 0.92183333 0.64950000 0.92016667 0.64237500 0.91633333 0.64062500 0.90433333 0.62612500 0.05300000 0.62687500 0.04133333 0.63650000 0.03683333 0.66550000 0.03716667 0.66762500 0.04866667 0.68537500 0.87533333
0 0.71550000 0.92850000 0.69175000 0.92450000 0.68862500 0.90633333 0.67137500 0.11666667 0.67187500 0.04133333 0.68075000 0.03716667 0.71112500 0.04100000 0.71387500 0.08400000 0.73337500 0.89066667 0.73262500 0.92566667
0 0.77275000 0.93383333 0.73675000 0.92816667 0.73412500 0.91600000 0.73412500 0.74000000 0.71637500 0.09833333 0.71612500 0.04433333 0.72325000 0.03916667 0.75575000 0.03983333 0.75862500 0.05033333 0.78037500 0.91533333 0.77962500 0.93133333
0 0.81975000 0.93383333 0.78725000 0.93283333 0.78162500 0.92100000 0.76375000 0.04483333 0.79650000 0.04450000 0.80087500 0.05633333 0.82062500 0.68500000 0.82487500 0.92833333
0 0.84225000 0.93416667 0.82837500 0.93166667 0.82662500 0.91233333 0.80437500 0.05533333 0.80675000 0.04683333 0.81850000 0.04483333 0.84100000 0.04883333 0.84437500 0.06033333 0.86612500 0.68566667 0.87037500 0.92800000 0.86525000 0.93283333
0 0.89275000 0.93750000 0.87425000 0.93616667 0.87012500 0.92800000 0.85812500 0.37166667 0.84487500 0.06900000 0.84675000 0.06083333 0.85375000 0.05883333 0.88162500 0.06466667 0.88762500 0.16933333 0.90337500 0.63766667 0.90837500 0.92533333 0.90500000 0.93583333
0 0.93350000 0.93750000 0.91650000 0.93650000 0.90887500 0.92766667 0.90487500 0.65066667 0.88287500 0.07533333 0.88425000 0.06816667 0.89250000 0.06550000 0.91625000 0.06550000 0.92212500 0.07600000 0.93737500 0.45100000 0.94787500 0.88366667 0.94762500 0.93266667
0 0.98750000 0.94350000 0.95925000 0.94083333 0.95312500 0.92900000 0.92562500 0.10166667 0.92637500 0.07233333 0.93225000 0.06850000 0.95800000 0.07216667 0.96312500 0.09933333 0.99687500 0.88800000 0.99637500 0.93566667
