0 0.14000000 0.86237500 0.09200000 0.85887500 0.08716667 0.84150000 0.06350000 0.65525000 0.02983333 0.31675000 0.02850000 0.27050000 0.03633333 0.26537500 0.10100000 0.26762500 0.11433333 0.27212500 0.13533333 0.26887500 0.14200000 0.27362500 0.14300000 0.26762500 0.16550000 0.26775000 0.15683333 0.29550000 0.18750000 0.85025000 0.18133333 0.85837500
0 0.22133333 0.86437500 0.20366667 0.86237500 0.19750000 0.85675000 0.18950000 0.81275000 0.16216667 0.30800000 0.16483333 0.28525000 0.18133333 0.27987500 0.24366667 0.28137500 0.24983333 0.29300000 0.25383333 0.85000000 0.24433333 0.85912500
0 0.30366667 0.86012500 0.26366667 0.85412500 0.25616667 0.84200000 0.25283333 0.28650000 0.25483333 0.25275000 0.25983333 0.24425000 0.26666667 0.24312500 0.34800000 0.24412500 0.36166667 0.24687500 0.36683333 0.25200000 0.35683333 0.30775000 0.35883333 0.37725000 0.34083333 0.84675000 0.32700000 0.85862500
0 0.37933333 0.85887500 0.35600000 0.85787500 0.34383333 0.85000000 0.36350000 0.34225000 0.36083333 0.30575000 0.36933333 0.26812500 0.40433333 0.27237500 0.43166667 0.26887500 0.44116667 0.28400000 0.40283333 0.84700000 0.39633333 0.85737500
0 0.45266667 0.85862500 0.41233333 0.85762500 0.40583333 0.84900000 0.44283333 0.31400000 0.45016667 0.26750000 0.46033333 0.26262500 0.53000000 0.26762500 0.53783333 0.27150000 0.53816667 0.28375000 0.48016667 0.85075000 0.47466667 0.85762500
0 0.51033333 0.85812500 0.49033333 0.85762500 0.48716667 0.84950000 0.54683333 0.26775000 0.55333333 0.26237500 0.56766667 0.26062500 0.62766667 0.26412500 0.63516667 0.26675000 0.63516667 0.27600000 0.56183333 0.84100000 0.55433333 0.85387500
0 0.59400000 0.84412500 0.56850000 0.84200000 0.56750000 0.82375000 0.63916667 0.26475000 0.64966667 0.25837500 0.71033333 0.25987500 0.72433333 0.26262500 0.72516667 0.26775000 0.63850000 0.82650000 0.63100000 0.83887500
0 0.67800000 0.83537500 0.64900000 0.83462500 0.64116667 0.82400000 0.72716667 0.26375000 0.73933333 0.25887500 0.79900000 0.25912500 0.80716667 0.26350000 0.80316667 0.29525000 0.70983333 0.82650000 0.70500000 0.83187500
0 0.74800000 0.84287500 0.72900000 0.84262500 0.72100000 0.83887500 0.71283333 0.83000000 0.71183333 0.82175000 0.78016667 0.44725000 0.80716667 0.32975000 0.81383333 0.26775000 0.81716667 0.26000000 0.82566667 0.25512500 0.90333333 0.25887500 0.90583333 0.26775000 0.89050000 0.34875000 0.78983333 0.83450000 0.78066667 0.83987500
0 0.82066667 0.84337500 0.80633333 0.84312500 0.79583333 0.83800000 0.79450000 0.82200000 0.81283333 0.74900000 0.90816667 0.26350000 0.91933333 0.25387500 0.94766667 0.25512500 0.95516667 0.26400000 0.90550000 0.49400000 0.90716667 0.50600000 0.88783333 0.57225000 0.88116667 0.62825000 0.86383333 0.68175000 0.84716667 0.78725000 0.83416667 0.83450000 0.83000000 0.84062500
0 0.84200000 0.82962500 0.83683333 0.82625000 0.84150000 0.79975000 0.84683333 0.79125000 0.86516667 0.68175000 0.87416667 0.66250000 0.89250000 0.54975000 0.94616667 0.29450000 0.95450000 0.26600000 0.96450000 0.26400000 0.95916667 0.25825000 0.97500000 0.25587500 0.98216667 0.25975000 0.97683333 0.26350000 0.98116667 0.26775000 0.97616667 0.29525000 0.87483333 0.75650000 0.85783333 0.81950000 0.85366667 0.82687500
0 0.88966667 0.81287500 0.86733333 0.81137500 0.86383333 0.80300000 0.91350000 0.59450000 0.96283333 0.36450000 0.97100000 0.34587500 0.97466667 0.34862500 0.97866667 0.34412500 0.99966667 0.34487500 0.99966667 0.45550000 0.94650000 0.68225000 0.92816667 0.79575000 0.92200000 0.80737500 0.91233333 0.81137500
