0 0.13100000 0.89550000 0.10350000 0.89150000 0.09812500 0.88133333 0.08487500 0.68966667 0.07837500 0.64700000 0.07712500 0.60666667 0.07137500 0.59233333 0.06962500 0.52466667 0.03862500 0.13933333 0.04550000 0.13250000 0.08475000 0.13150000 0.09637500 0.13666667 0.10562500 0.19033333 0.11387500 0.20533333 0.12212500 0.24033333 0.11612500 0.26400000 0.11150000 0.27150000 0.10350000 0.27350000 0.10187500 0.28000000 0.13037500 0.67733333 0.12687500 0.68533333 0.12937500 0.68966667 0.12662500 0.70200000 0.12962500 0.70533333 0.12687500 0.70900000 0.13112500 0.71033333 0.13237500 0.72100000 0.13262500 0.75700000 0.13837500 0.78333333 0.14437500 0.87166667 0.14462500 0.88900000
0 0.17500000 0.89683333 0.15050000 0.89183333 0.14587500 0.87400000 0.10637500 0.31700000 0.10462500 0.28333333 0.10750000 0.27450000 0.15187500 0.27166667 0.16062500 0.47300000 0.18637500 0.87900000 0.18562500 0.89266667
0 0.21850000 0.90283333 0.19525000 0.90083333 0.18925000 0.89716667 0.18712500 0.89100000 0.15662500 0.39600000 0.15287500 0.27733333 0.15387500 0.26800000 0.15875000 0.26616667 0.21750000 0.26750000 0.23325000 0.27083333 0.23712500 0.27600000 0.23662500 0.28433333 0.22787500 0.29066667 0.22762500 0.32766667 0.24412500 0.88900000 0.24050000 0.89716667
0 0.28475000 0.90516667 0.25275000 0.90050000 0.24800000 0.89816667 0.24612500 0.89233333 0.22887500 0.31866667 0.23012500 0.29166667 0.24000000 0.28783333 0.30200000 0.29283333 0.30712500 0.29600000 0.30862500 0.30266667 0.30837500 0.31500000 0.30262500 0.31800000 0.29862500 0.32866667 0.29787500 0.35666667 0.30437500 0.88666667 0.30312500 0.89666667 0.29950000 0.90050000
0 0.33375000 0.90683333 0.31075000 0.90483333 0.30637500 0.88933333 0.30037500 0.36033333 0.30312500 0.32333333 0.31050000 0.31983333 0.34900000 0.32183333 0.35162500 0.33000000 0.35437500 0.89966667 0.35000000 0.90516667
0 0.39400000 0.92283333 0.36100000 0.92083333 0.35737500 0.91666667 0.35562500 0.90466667 0.35437500 0.27166667 0.35762500 0.25266667 0.36925000 0.24416667 0.41650000 0.24750000 0.42262500 0.25200000 0.42287500 0.25733333 0.41562500 0.88900000 0.40912500 0.91666667
0 0.46100000 0.91350000 0.42550000 0.90850000 0.41937500 0.89633333 0.42587500 0.26500000 0.42662500 0.25233333 0.43075000 0.24983333 0.48125000 0.25183333 0.49037500 0.25966667 0.49137500 0.27066667 0.47212500 0.89333333 0.46937500 0.90833333
0 0.50350000 0.92550000 0.47875000 0.92183333 0.47412500 0.90833333 0.48712500 0.51233333 0.48862500 0.39200000 0.48937500 0.37666667 0.49337500 0.36166667 0.49600000 0.36016667 0.50975000 0.36550000 0.53775000 0.36350000 0.54337500 0.36933333 0.52112500 0.90166667 0.51912500 0.92066667
0 0.55175000 0.92983333 0.53075000 0.92883333 0.52387500 0.92033333 0.54787500 0.31433333 0.54900000 0.29850000 0.57775000 0.29783333 0.59087500 0.30300000 0.59262500 0.31833333 0.56137500 0.92100000 0.55775000 0.92816667
0 0.58500000 0.93216667 0.56825000 0.92983333 0.56512500 0.91933333 0.56762500 0.81100000 0.57737500 0.67033333 0.57837500 0.59566667 0.59162500 0.33900000 0.59512500 0.31133333 0.59975000 0.29950000 0.62475000 0.29916667 0.63837500 0.31466667 0.63837500 0.33000000 0.61237500 0.77933333 0.60262500 0.92000000 0.59550000 0.92983333
0 0.62350000 0.92583333 0.60750000 0.92383333 0.60462500 0.91533333 0.63987500 0.31800000 0.64212500 0.30700000 0.64700000 0.30183333 0.67750000 0.30183333 0.68262500 0.30700000 0.68287500 0.32666667 0.64137500 0.90266667 0.63500000 0.92416667
0 0.66650000 0.92750000 0.64625000 0.92450000 0.64237500 0.91333333 0.68512500 0.31466667 0.68587500 0.30700000 0.69250000 0.30183333 0.72500000 0.30483333 0.72812500 0.31000000 0.72612500 0.34066667 0.68062500 0.90566667 0.67837500 0.92133333
0 0.71150000 0.93216667 0.68575000 0.92816667 0.68262500 0.91933333 0.70287500 0.68666667 0.70912500 0.57200000 0.71712500 0.50733333 0.72462500 0.38500000 0.73287500 0.31200000 0.73950000 0.30716667 0.76975000 0.30683333 0.77512500 0.31100000 0.77287500 0.36100000 0.72337500 0.87200000 0.72287500 0.92033333 0.72075000 0.92616667
0 0.74200000 0.92616667 0.72850000 0.92450000 0.72362500 0.91966667 0.72462500 0.87566667 0.73787500 0.76066667 0.74012500 0.71233333 0.74962500 0.63733333 0.75162500 0.59166667 0.77462500 0.35366667 0.78150000 0.31183333 0.79300000 0.30850000 0.81700000 0.30950000 0.82187500 0.31466667 0.82062500 0.34266667 0.76037500 0.90500000 0.75650000 0.92483333
0 0.78950000 0.93683333 0.76775000 0.93350000 0.76062500 0.91966667 0.77137500 0.81400000 0.77987500 0.77933333 0.78662500 0.67366667 0.79087500 0.64066667 0.79512500 0.63866667 0.79787500 0.56466667 0.80662500 0.47833333 0.82237500 0.35066667 0.82962500 0.31833333 0.83800000 0.31050000 0.86000000 0.31050000 0.87700000 0.31450000 0.87812500 0.31766667 0.86562500 0.43866667 0.80437500 0.92800000 0.79900000 0.93550000
0 0.81475000 0.90283333 0.80962500 0.90066667 0.81037500 0.88333333 0.86687500 0.43133333 0.87462500 0.34900000 0.87837500 0.32600000 0.88312500 0.31500000 0.89550000 0.31416667 0.90112500 0.31866667 0.90162500 0.33066667 0.88237500 0.46600000 0.87387500 0.54866667 0.86687500 0.58266667 0.82537500 0.88500000 0.82187500 0.90033333
0 0.93625000 0.31555556 0.97875000 0.31666667 0.87375000 0.93888889 0.84375000 0.94111111
0 0.97708333 0.32111111 0.99208333 0.32111111 0.90041667 0.90555556 0.88208333 0.90555556
0 0.95975000 0.93516667 0.94300000 0.93183333 0.92862500 0.91966667 0.94137500 0.85266667 0.96487500 0.70600000 0.97737500 0.61133333 0.98112500 0.59700000 0.97387500 0.58833333 0.97462500 0.57566667 0.97737500 0.57266667 0.97837500 0.54900000 0.98450000 0.54650000 0.98762500 0.54133333 0.98262500 0.53466667 0.98262500 0.53033333 0.99025000 0.53083333 0.99162500 0.52600000 0.98637500 0.51866667 0.98637500 0.50533333 0.99975000 0.50516667 0.99975000 0.78633333 0.99787500 0.78700000 0.99512500 0.79866667 0.97487500 0.92233333 0.97100000 0.93183333 0.96275000 0.93250000
