0 0.05050000 0.92583333 0.01150000 0.92416667 0.00787500 0.91233333 0.04387500 0.15900000 0.04937500 0.13533333 0.04937500 0.08366667 0.05250000 0.07716667 0.06450000 0.07416667 0.08425000 0.07816667 0.09312500 0.08800000 0.09212500 0.16033333 0.07737500 0.44300000 0.06262500 0.92033333
0 0.10375000 0.93250000 0.06625000 0.92816667 0.06412500 0.88800000 0.09712500 0.08400000 0.10362500 0.03533333 0.13150000 0.03283333 0.14675000 0.04083333 0.15212500 0.05500000 0.17412500 0.07866667 0.17987500 0.10166667 0.14750000 0.10683333 0.14187500 0.11933333 0.11237500 0.90466667 0.11087500 0.92800000
0 0.15000000 0.93683333 0.11412500 0.93100000 0.11387500 0.87100000 0.14437500 0.11800000 0.14825000 0.10950000 0.17500000 0.10883333 0.19000000 0.11183333 0.19512500 0.12400000 0.17237500 0.66600000 0.16737500 0.92400000 0.16425000 0.93183333
0 0.22950000 0.94350000 0.18950000 0.94050000 0.17162500 0.93133333 0.17287500 0.79266667 0.20037500 0.13500000 0.20312500 0.11900000 0.20900000 0.11316667 0.25250000 0.11016667 0.27737500 0.11933333 0.27787500 0.16233333 0.25212500 0.92566667 0.24850000 0.93983333
0 0.31475000 0.95050000 0.26100000 0.94883333 0.25437500 0.94100000 0.27887500 0.19166667 0.28212500 0.13100000 0.28675000 0.12650000 0.33825000 0.13050000 0.34262500 0.14233333 0.32487500 0.90933333 0.32337500 0.94333333
0 0.38600000 0.95416667 0.33425000 0.95283333 0.32787500 0.94400000 0.34812500 0.16866667 0.35037500 0.13500000 0.35550000 0.13216667 0.40825000 0.13483333 0.40987500 0.14233333 0.39662500 0.92400000 0.39412500 0.95133333
0 0.44300000 0.96116667 0.41225000 0.95916667 0.40212500 0.94733333 0.41687500 0.18466667 0.41987500 0.12533333 0.42400000 0.11516667 0.43100000 0.11383333 0.47900000 0.11883333 0.48487500 0.13666667 0.47337500 0.94066667 0.46850000 0.95616667
0 0.53550000 0.95916667 0.48850000 0.95550000 0.48312500 0.95100000 0.48137500 0.94133333 0.48637500 0.21566667 0.48812500 0.13500000 0.49675000 0.13050000 0.55325000 0.13416667 0.55812500 0.14600000 0.55737500 0.37833333 0.55287500 0.40400000 0.55162500 0.94066667 0.54900000 0.95283333
0 0.61150000 0.97350000 0.58025000 0.96883333 0.56900000 0.95950000 0.56362500 0.91200000 0.56437500 0.41933333 0.56712500 0.39666667 0.56037500 0.36166667 0.56237500 0.14466667 0.56437500 0.12700000 0.57250000 0.11516667 0.59700000 0.11150000 0.63075000 0.11583333 0.63612500 0.13800000 0.63737500 0.94866667 0.63475000 0.96783333
0 0.67900000 0.96516667 0.65775000 0.96416667 0.65037500 0.95900000 0.64612500 0.87833333 0.63912500 0.20400000 0.64087500 0.14333333 0.65700000 0.13750000 0.67800000 0.13850000 0.68387500 0.16100000 0.69387500 0.91100000 0.69212500 0.95266667 0.68750000 0.96350000
0 0.74200000 0.97083333 0.71300000 0.96716667 0.70112500 0.94733333 0.69262500 0.15300000 0.69412500 0.13933333 0.70200000 0.13450000 0.74087500 0.14200000 0.74462500 0.20533333 0.76037500 0.95666667 0.75675000 0.96750000
0 0.81375000 0.97183333 0.77900000 0.96716667 0.77162500 0.95900000 0.76812500 0.93566667 0.76337500 0.73300000 0.76787500 0.64600000 0.75712500 0.49900000 0.76037500 0.47533333 0.75787500 0.40833333 0.76262500 0.39233333 0.75287500 0.19400000 0.75412500 0.14200000 0.75512500 0.13500000 0.75975000 0.13316667 0.79975000 0.13483333 0.80412500 0.14033333 0.80612500 0.16166667 0.83087500 0.94866667 0.82962500 0.96666667
0 0.87200000 0.97483333 0.84700000 0.97216667 0.83887500 0.96666667 0.84237500 0.95633333 0.84212500 0.92266667 0.83012500 0.50233333 0.82637500 0.41266667 0.82262500 0.37666667 0.81837500 0.37466667 0.81887500 0.30300000 0.81412500 0.28500000 0.81512500 0.20133333 0.81037500 0.19100000 0.81087500 0.14766667 0.82300000 0.13616667 0.85050000 0.14183333 0.85312500 0.16066667 0.86612500 0.43566667 0.87837500 0.85766667 0.88062500 0.97100000
0 0.90550000 0.97750000 0.88675000 0.97550000 0.88287500 0.96833333 0.87337500 0.51900000 0.86112500 0.32633333 0.85750000 0.14116667 0.88800000 0.14083333 0.89112500 0.15133333 0.91262500 0.63133333 0.91787500 0.81033333 0.91537500 0.82266667 0.92012500 0.84566667 0.92287500 0.94666667 0.92162500 0.97466667
0 0.96775000 0.98050000 0.93425000 0.97883333 0.92537500 0.96800000 0.91312500 0.58666667 0.89312500 0.14733333 0.89562500 0.13533333 0.90100000 0.13283333 0.94350000 0.13483333 0.94912500 0.14500000 0.97012500 0.71333333 0.97437500 0.71700000 0.97112500 0.72866667 0.97487500 0.78266667 0.97062500 0.78433333 0.97487500 0.78433333 0.98387500 0.96733333 0.98250000 0.97616667
0 0.99975000 0.97716667 0.98462500 0.97100000 0.97412500 0.64566667 0.95512500 0.29800000 0.95012500 0.14233333 0.95625000 0.13850000 0.99975000 0.14266667 0.99975000 0.46966667 0.99475000 0.46483333 0.98962500 0.46700000 0.99425000 0.47283333 0.99975000 0.47200000 0.99975000 0.57033333 0.99450000 0.56550000 0.98262500 0.56833333 0.98650000 0.58383333 0.99000000 0.57850000 0.99975000 0.58200000 0.99975000 0.64900000 0.99187500 0.64666667 0.99425000 0.65350000 0.99975000 0.65200000
