0 0.02421171171171171 0.05555555555555555 0.048986486486486486 0.051051051051051045 0.11880630630630631 0.9474474474474475 0.0884009009009009 0.954954954954955
0 0.05574324324324324 0.05555555555555555 0.09740990990990991 0.052552552552552555 0.15146396396396394 0.9459459459459459 0.11768018018018017 0.948948948948949
0 0.09853603603603604 0.05855855855855856 0.12894144144144143 0.05855855855855856 0.1875 0.9459459459459459 0.15709459459459457 0.9534534534534533
0 0.13682432432432431 0.06906906906906907 0.16722972972972974 0.06606606606606606 0.205518018018018 0.9354354354354355 0.18637387387387386 0.9369369369369369
0 0.16272522522522523 0.06006006006006006 0.1920045045045045 0.06006006006006006 0.2393018018018018 0.954954954954955 0.20777027027027026 0.954954954954955
0 0.20664414414414414 0.0960960960960961 0.28434684684684686 0.09309309309309309 0.303490990990991 0.9459459459459459 0.24155405405405406 0.9504504504504504
0 0.28434684684684686 0.24024024024024024 0.3564189189189189 0.24324324324324323 0.3654279279279279 0.9504504504504504 0.3125 0.954954954954955
0 0.36317567567567566 0.2522522522522523 0.46227477477477474 0.24924924924924927 0.4577702702702703 0.9504504504504504 0.3778153153153153 0.9534534534534533
0 0.46227477477477474 0.20720720720720717 0.4971846846846847 0.20720720720720717 0.48704954954954954 0.960960960960961 0.4600225225225225 0.9654654654654655
0 0.4971846846846847 0.16066066066066065 0.5298423423423424 0.16516516516516516 0.5163288288288288 0.9729729729729729 0.4893018018018018 0.96996996996997
0 0.5320945945945946 0.15315315315315317 0.5748873873873874 0.15015015015015015 0.5613738738738739 0.9744744744744744 0.5219594594594594 0.9729729729729729
0 0.5748873873873874 0.3048048048048048 0.5985360360360361 0.3003003003003003 0.5884009009009009 0.9594594594594594 0.5613738738738739 0.9594594594594594
0 0.606418918918919 0.20420420420420418 0.6875 0.20420420420420418 0.6852477477477478 0.960960960960961 0.6143018018018018 0.96996996996997
0 0.6920045045045045 0.2987987987987988 0.7190315315315315 0.29429429429429427 0.714527027027027 0.9564564564564565 0.6875 0.954954954954955
0 0.7111486486486487 0.1921921921921922 0.7494369369369369 0.18618618618618618 0.7359234234234234 0.9354354354354355 0.714527027027027 0.9354354354354355
0 0.7967342342342343 0.27627627627627627 0.8271396396396397 0.2702702702702703 0.8147522522522522 0.924924924924925 0.7843468468468469 0.933933933933934
0 0.7652027027027027 0.28228228228228225 0.7989864864864864 0.27627627627627627 0.7809684684684685 0.9474474474474475 0.7483108108108109 0.9534534534534533
0 0.8316441441441441 0.3333333333333333 0.8620495495495495 0.3318318318318318 0.8530405405405406 0.9189189189189189 0.8181306306306306 0.924924924924925
0 0.8733108108108109 0.33483483483483484 0.9093468468468469 0.3363363363363363 0.8755630630630631 0.891891891891892 0.8541666666666666 0.9009009009009008
0 0.9262387387387386 0.33483483483483484 0.9611486486486487 0.33483483483483484 0.9341216216216216 0.9189189189189189 0.9037162162162162 0.9279279279279279
