0 0.09225000 0.46316667 0.08375000 0.46116667 0.08162500 0.45700000 0.07150000 0.00016667 0.09300000 0.00016667 0.09375000 0.00250000 0.12787500 0.01366667 0.12787500 0.22566667 0.13562500 0.45666667 0.13450000 0.46050000 0.13100000 0.46183333
0 0.17450000 0.46883333 0.14250000 0.46783333 0.13875000 0.46650000 0.13687500 0.46133333 0.12812500 0.04633333 0.12837500 0.01400000 0.13100000 0.01216667 0.17000000 0.01750000 0.18175000 0.02150000 0.18362500 0.02600000 0.18362500 0.22866667 0.18587500 0.24833333 0.18312500 0.31800000 0.18362500 0.35800000 0.18687500 0.37733333 0.18737500 0.46333333 0.18325000 0.46783333
0 0.23675000 0.47116667 0.20500000 0.47050000 0.19300000 0.46750000 0.18987500 0.46333333 0.18612500 0.10366667 0.18637500 0.03233333 0.18900000 0.02550000 0.23025000 0.03316667 0.23600000 0.03683333 0.23762500 0.04300000 0.23737500 0.30566667 0.24137500 0.46766667
0 0.27950000 0.47216667 0.24800000 0.47150000 0.24425000 0.47083333 0.24237500 0.46733333 0.23962500 0.18533333 0.23912500 0.04833333 0.24050000 0.04383333 0.28200000 0.04850000 0.28512500 0.05266667 0.28362500 0.25933333 0.28912500 0.46700000 0.28750000 0.47150000
0 0.28627451 0.04248366 0.33872549 0.04967320 0.33921569 0.47843137 0.29117647 0.47581699
0 0.33578431 0.04771242 0.39362745 0.05490196 0.39411765 0.48104575 0.34019608 0.47973856
0 0.39558824 0.05294118 0.44313725 0.05751634 0.44117647 0.48235294 0.39362745 0.48431373
0 0.44166667 0.05228758 0.49509804 0.06143791 0.49313725 0.48758170 0.44264706 0.48235294
0 0.50000000 0.06339869 0.55000000 0.06732026 0.54166667 0.49150327 0.49509804 0.48954248
0 0.54803922 0.06601307 0.60294118 0.07058824 0.59313725 0.49281046 0.54264706 0.49346405
0 0.06764706 0.57647059 0.13382353 0.57124183 0.13039216 0.99869281 0.06666667 0.99869281
0 0.13725490 0.57843137 0.19901961 0.57516340 0.19509804 0.99803922 0.13235294 0.99934641
0 0.20490196 0.57777778 0.26274510 0.57647059 0.25343137 0.99803922 0.19754902 0.99738562
0 0.26274510 0.57908497 0.32401961 0.57973856 0.31078431 0.99934641 0.25539216 0.99869281
0 0.32450980 0.58039216 0.38431373 0.58039216 0.36862745 0.99869281 0.31078431 0.99869281
0 0.42825000 0.99966667 0.37175000 0.99966667 0.37137500 0.99800000 0.38612500 0.59866667 0.38712500 0.58766667 0.39600000 0.58383333 0.43850000 0.58350000 0.44362500 0.59033333
0 0.48425000 0.99966667 0.42937500 0.99966667 0.43012500 0.96266667 0.43412500 0.95533333 0.43162500 0.95133333 0.43162500 0.94666667 0.44487500 0.59166667 0.44612500 0.58600000 0.45175000 0.58250000 0.49450000 0.58250000 0.49900000 0.58383333 0.50037500 0.58733333 0.49962500 0.64333333
0 0.54025000 0.99966667 0.48662500 0.99966667 0.49687500 0.78033333 0.50162500 0.59833333 0.50312500 0.58600000 0.50600000 0.58216667 0.54850000 0.58216667 0.55425000 0.58383333 0.55537500 0.58700000
0 0.59600000 0.99966667 0.54550000 0.99966667 0.54462500 0.99433333 0.55387500 0.73300000 0.55612500 0.60733333 0.55837500 0.58866667 0.56100000 0.58550000 0.60275000 0.58350000 0.60787500 0.58800000
0 0.65700000 0.99966667 0.60525000 0.99966667 0.60462500 0.99566667 0.60687500 0.99033333 0.60812500 0.97333333 0.60837500 0.89266667 0.61162500 0.83933333 0.61037500 0.81733333 0.61187500 0.76666667 0.61012500 0.76400000 0.61162500 0.75200000 0.60975000 0.75516667 0.60737500 0.75433333 0.60987500 0.74500000 0.61162500 0.70633333 0.61012500 0.68566667 0.61112500 0.59500000 0.61487500 0.59566667 0.61262500 0.60000000 0.61525000 0.60150000 0.61712500 0.59233333 0.62375000 0.58983333 0.66250000 0.58783333 0.66687500 0.59200000 0.66037500 0.93733333
0 0.66725000 0.99683333 0.66037500 0.99433333 0.65962500 0.98200000 0.66437500 0.84800000 0.66887500 0.59600000 0.67100000 0.59250000 0.67875000 0.59016667 0.71350000 0.58883333 0.71587500 0.59166667 0.71637500 0.59966667 0.71062500 0.98700000 0.70962500 0.99133333 0.70625000 0.99316667
0 0.76175000 0.99966667 0.72125000 0.99966667 0.72087500 0.99433333 0.71725000 0.99350000 0.71537500 0.98733333 0.71562500 0.95500000 0.71862500 0.94500000 0.71687500 0.94000000 0.71862500 0.93133333 0.71587500 0.92433333 0.71762500 0.92033333 0.71612500 0.90800000 0.72037500 0.90066667 0.71637500 0.89266667 0.72087500 0.88566667 0.72212500 0.84000000 0.72212500 0.76800000 0.71987500 0.74766667 0.72212500 0.72500000 0.72062500 0.71533333 0.72337500 0.70900000 0.72062500 0.70133333 0.72212500 0.69500000 0.72012500 0.68600000 0.72012500 0.67000000 0.72387500 0.60600000 0.72137500 0.59600000 0.72850000 0.59316667 0.77225000 0.59183333 0.77512500 0.59466667 0.77637500 0.60166667 0.76987500 0.98300000 0.76787500 0.99233333
0 0.78925000 0.98483333 0.77175000 0.98483333 0.76987500 0.97966667 0.77662500 0.75333333 0.77487500 0.71566667 0.77712500 0.59166667 0.77925000 0.58816667 0.80725000 0.58383333 0.81337500 0.58800000 0.81487500 0.59733333 0.81462500 0.97466667 0.81075000 0.98283333
