0 0.08677129382676303 0.2228027700289796 0.1732992237281869 0.21988199602386824 0.2412072193470259 0.88143730818159 0.17439451398010367 0.8945807912045911
0 0.18206154574352096 0.2242631570315353 0.26201773413344426 0.21988199602386824 0.31349637597353186 0.8799769211790343 0.24668367060660967 0.8799769211790343
0 0.27516121715644537 0.2184216090213126 0.34306921277528435 0.21988199602386824 0.37373733982895363 0.8785165341764787 0.3167822467292822 0.885818469189257
0 0.3562126957982855 0.21988199602386824 0.43178772318054176 0.21404044801364552 0.4449312062035428 0.8916600171994797 0.3814043715923709 0.8872788561918128
0 0.43811610076670315 0.1991602774735305 0.47426067907995617 0.1991602774735305 0.4808324205914567 0.8972252646951442 0.4501642935377875 0.9001460387002556
0 0.47973713033953996 0.20062066447608615 0.52026286966046 0.20208105147864183 0.5169769989047097 0.8928441036874771 0.48521358159912376 0.8884629426798101
0 0.5180722891566265 0.24005111354508946 0.5684556407447974 0.24005111354508946 0.5575027382256298 0.8811610076670318 0.5191675794085433 0.8840817816721431
0 0.569550930996714 0.23420956553486674 0.6100766703176341 0.24005111354508946 0.5969331872946331 0.8709382986491421 0.56078860898138 0.875319459656809
0 0.6122672508214676 0.2867834976268711 0.664841182913472 0.2867834976268711 0.6527929901423877 0.8417305585980285 0.5947426067907995 0.8475721066082512
0 0.6889375684556408 0.18601679445052938 0.7393209200438116 0.19477911646586343 0.700985761226725 0.8446513326031398 0.656078860898138 0.8461117196056954
0 0.7590361445783133 0.17871485943775098 0.8072289156626506 0.1728733114275283 0.7568455640744798 0.8388097845929171 0.7130339539978093 0.8373493975903614
