0 0.027757331087775016 0.11876692424542634 0.07525733108777502 0.11043359091209301 0.190257331087775 0.8587669242454262 0.149007331087775 0.8621002575787596
0 0.07650733108777502 0.12043359091209302 0.125257331087775 0.11543359091209301 0.23775733108777503 0.8587669242454262 0.19525733108777502 0.8587669242454262
0 0.13275733108777502 0.11876692424542634 0.179007331087775 0.12043359091209302 0.282757331087775 0.8671002575787596 0.241507331087775 0.8704335909120929
0 0.184007331087775 0.12876692424542635 0.23650733108777502 0.12376692424542635 0.330257331087775 0.8787669242454262 0.285257331087775 0.885433590912093
0 0.23525733108777502 0.135433590912093 0.277757331087775 0.12043359091209302 0.37775733108777504 0.8837669242454262 0.337757331087775 0.895433590912093
0 0.291507331087775 0.145433590912093 0.350257331087775 0.140433590912093 0.43025733108777503 0.880433590912093 0.38025733108777504 0.890433590912093
0 0.359007331087775 0.1471002575787597 0.410257331087775 0.13876692424542636 0.484007331087775 0.885433590912093 0.43525733108777503 0.8987669242454263
0 0.422757331087775 0.15710025757875967 0.476507331087775 0.15543359091209302 0.534007331087775 0.885433590912093 0.49025733108777503 0.8987669242454263
0 0.482757331087775 0.16043359091209303 0.536507331087775 0.15710025757875967 0.5877573310877751 0.890433590912093 0.545257331087775 0.9021002575787596
0 0.536507331087775 0.17210025757875966 0.5927573310877751 0.16710025757875968 0.636507331087775 0.890433590912093 0.591507331087775 0.8987669242454263
0 0.596507331087775 0.11710025757875968 0.675257331087775 0.10543359091209302 0.7127573310877751 0.895433590912093 0.6502573310877751 0.905433590912093
0 0.692757331087775 0.21210025757875967 0.772757331087775 0.20710025757875966 0.786507331087775 0.9187669242454263 0.727757331087775 0.9321002575787596
0 0.792757331087775 0.20210025757875966 0.865257331087775 0.195433590912093 0.845257331087775 0.9354335909120929 0.786507331087775 0.9337669242454263
0 0.914007331087775 0.20710025757875966 0.981507331087775 0.20543359091209298 0.896507331087775 0.9287669242454263 0.844007331087775 0.9321002575787596
