0 0.07725000 0.48616667 0.04525000 0.48383333 0.03987500 0.46866667 0.02675000 0.00016667 0.08575000 0.00016667 0.08887500 0.01166667 0.09612500 0.47866667 0.09562500 0.48266667 0.09225000 0.48516667
0 0.14450000 0.49183333 0.10400000 0.48916667 0.09975000 0.48716667 0.09762500 0.48233333 0.09187500 0.02066667 0.09387500 0.01000000 0.09825000 0.00750000 0.12900000 0.00983333 0.14300000 0.01350000 0.14712500 0.01766667 0.15062500 0.39733333 0.14962500 0.48400000 0.14837500 0.49033333
0 0.19750000 0.49683333 0.15900000 0.49416667 0.15325000 0.49216667 0.15087500 0.48733333 0.15262500 0.15800000 0.15037500 0.02933333 0.15850000 0.02016667 0.20500000 0.02550000 0.20737500 0.02966667 0.20537500 0.46966667 0.20362500 0.49200000
0 0.24825000 0.49850000 0.21250000 0.49616667 0.20687500 0.49100000 0.21512500 0.06800000 0.21712500 0.03333333 0.22025000 0.02916667 0.25275000 0.03316667 0.26725000 0.03750000 0.26912500 0.04066667 0.25462500 0.49200000 0.25250000 0.49783333
0 0.30325000 0.50783333 0.25975000 0.50450000 0.25487500 0.49833333 0.26212500 0.34966667 0.27087500 0.04433333 0.27575000 0.03550000 0.31775000 0.04116667 0.32712500 0.04633333 0.32712500 0.08333333 0.31637500 0.27166667 0.30862500 0.50233333 0.30750000 0.50616667
0 0.35525000 0.51083333 0.32075000 0.51016667 0.31362500 0.50600000 0.31237500 0.49333333 0.31362500 0.43866667 0.31637500 0.42800000 0.31762500 0.37666667 0.32012500 0.36533333 0.31962500 0.33800000 0.32687500 0.26466667 0.33037500 0.07600000 0.33287500 0.04866667 0.33400000 0.04483333 0.33800000 0.04450000 0.38125000 0.05616667 0.38487500 0.06133333 0.38612500 0.07500000 0.36337500 0.50300000 0.36150000 0.50950000
0 0.40525000 0.51683333 0.37450000 0.51516667 0.36700000 0.51016667 0.36512500 0.50333333 0.36837500 0.43933333 0.37112500 0.43566667 0.37662500 0.27933333 0.38662500 0.13866667 0.38862500 0.07166667 0.39087500 0.05866667 0.39675000 0.05450000 0.42825000 0.05983333 0.43950000 0.06516667 0.44187500 0.07233333 0.41437500 0.51166667 0.41225000 0.51583333
0 0.45575000 0.52116667 0.42175000 0.51916667 0.41512500 0.51366667 0.42287500 0.39133333 0.42562500 0.38100000 0.42662500 0.33733333 0.43362500 0.25233333 0.44287500 0.09066667 0.44725000 0.06416667 0.48300000 0.06883333 0.49375000 0.07216667 0.49587500 0.07600000 0.46337500 0.50866667 0.46237500 0.51766667
0 0.50725000 0.52783333 0.46750000 0.52183333 0.46512500 0.51400000 0.46937500 0.44633333 0.47712500 0.38100000 0.47737500 0.34100000 0.49737500 0.07933333 0.49950000 0.07250000 0.50350000 0.07183333 0.53800000 0.07583333 0.54962500 0.08033333 0.52562500 0.37333333 0.52262500 0.38466667 0.52212500 0.42400000 0.51862500 0.44700000 0.51562500 0.51800000 0.51350000 0.52616667
0 0.60775000 0.53850000 0.59575000 0.53750000 0.59337500 0.53166667 0.59262500 0.49033333 0.58737500 0.43700000 0.58437500 0.26000000 0.57737500 0.09300000 0.58000000 0.08816667 0.58425000 0.08650000 0.60825000 0.08783333 0.61362500 0.09566667 0.63037500 0.38733333 0.62537500 0.39266667 0.63112500 0.39800000 0.63787500 0.51766667 0.63712500 0.52966667 0.63350000 0.53350000
0 0.65450000 0.54216667 0.64825000 0.53916667 0.64262500 0.52666667 0.63912500 0.47466667 0.64112500 0.46300000 0.64012500 0.42833333 0.63887500 0.41600000 0.63462500 0.41166667 0.63062500 0.29500000 0.62637500 0.27233333 0.62237500 0.20933333 0.62237500 0.16633333 0.61787500 0.12466667 0.61762500 0.10700000 0.62325000 0.09983333 0.65425000 0.10350000 0.65837500 0.11233333 0.69312500 0.52433333 0.69187500 0.53233333 0.68575000 0.53783333
0 0.09650000 0.98850000 0.08000000 0.98716667 0.06500000 0.98283333 0.06012500 0.97900000 0.05662500 0.96700000 0.05187500 0.86466667 0.04487500 0.79466667 0.04262500 0.74366667 0.03287500 0.62533333 0.03262500 0.61000000 0.03650000 0.60716667 0.06850000 0.60683333 0.07950000 0.61150000 0.08287500 0.61666667 0.08737500 0.68200000 0.09212500 0.70300000 0.09337500 0.77000000 0.09637500 0.78333333 0.09887500 0.84066667 0.09862500 0.87866667 0.10287500 0.98300000 0.10125000 0.98650000
0 0.12400000 0.98883333 0.10750000 0.98750000 0.10562500 0.98300000 0.10412500 0.93666667 0.10562500 0.92800000 0.10312500 0.92000000 0.10362500 0.89266667 0.09537500 0.72700000 0.09262500 0.62700000 0.09337500 0.61933333 0.09575000 0.61716667 0.12950000 0.61383333 0.13875000 0.61450000 0.14162500 0.62233333 0.14512500 0.80033333 0.15112500 0.97466667 0.15037500 0.98266667 0.14650000 0.98783333
0 0.19050000 0.99216667 0.16225000 0.99050000 0.15525000 0.98650000 0.15312500 0.98166667 0.15262500 0.91133333 0.14887500 0.85566667 0.14562500 0.69766667 0.14437500 0.62333333 0.14675000 0.62050000 0.19350000 0.62083333 0.19537500 0.62533333 0.19887500 0.98666667 0.19650000 0.99083333
0 0.22500000 0.99683333 0.20900000 0.99516667 0.20400000 0.99216667 0.20212500 0.99000000 0.20062500 0.97966667 0.19987500 0.63466667 0.20112500 0.62900000 0.20300000 0.62783333 0.24075000 0.62450000 0.24362500 0.62300000 0.24425000 0.61916667 0.24825000 0.61750000 0.24937500 0.64366667 0.24662500 0.79700000 0.24587500 0.98766667 0.24512500 0.99133333 0.24025000 0.99550000
0 0.27000000 0.99616667 0.25175000 0.99550000 0.24787500 0.98933333 0.25212500 0.64533333 0.25387500 0.63466667 0.25950000 0.63083333 0.29875000 0.63016667 0.30087500 0.63800000 0.30087500 0.65033333 0.29287500 0.99033333 0.28725000 0.99550000
0 0.33575000 0.99966667 0.29750000 0.99966667 0.29387500 0.99100000 0.29787500 0.80866667 0.30462500 0.64066667 0.30650000 0.63650000 0.31725000 0.63450000 0.33550000 0.63650000 0.34100000 0.63983333 0.34200000 0.64283333 0.35350000 0.63816667 0.35487500 0.64666667 0.34987500 0.76400000 0.34437500 0.83366667 0.34312500 0.91900000 0.34037500 0.93933333 0.33912500 0.99033333
0 0.37750000 0.99966667 0.35175000 0.99966667 0.35150000 0.99816667 0.34350000 0.99516667 0.34187500 0.99066667 0.34762500 0.84633333 0.35637500 0.71733333 0.35737500 0.67800000 0.36037500 0.64166667 0.36250000 0.63683333 0.37275000 0.63283333 0.39900000 0.63250000 0.40512500 0.63500000 0.40687500 0.64666667 0.39562500 0.81633333 0.39362500 0.87133333 0.39187500 0.88066667 0.38687500 0.99066667 0.38475000 0.99616667 0.37775000 0.99816667
0 0.42975000 0.99966667 0.39125000 0.99966667 0.39012500 0.98000000 0.40812500 0.67666667 0.41137500 0.65100000 0.41212500 0.64700000 0.41650000 0.64183333 0.44375000 0.64050000 0.45050000 0.64250000 0.44962500 0.64666667 0.45075000 0.64750000 0.45237500 0.64666667 0.45225000 0.64283333 0.45525000 0.64250000 0.45637500 0.65100000 0.45162500 0.73533333 0.44562500 0.80100000 0.44412500 0.85600000 0.43887500 0.89466667 0.43312500 0.99233333
0 0.47650000 0.99966667 0.43750000 0.99966667 0.43762500 0.96533333 0.44237500 0.89666667 0.44887500 0.84333333 0.46187500 0.65566667 0.46575000 0.65016667 0.47075000 0.64750000 0.49725000 0.64616667 0.50175000 0.64683333 0.50462500 0.65033333 0.50337500 0.68333333 0.49062500 0.85000000 0.48537500 0.89266667 0.47987500 0.97400000
0 0.51875000 0.99966667 0.48050000 0.99966667 0.48012500 0.98233333 0.48537500 0.90933333 0.48837500 0.89300000 0.49637500 0.80733333 0.49762500 0.77666667 0.50887500 0.65400000 0.51025000 0.65050000 0.51400000 0.64850000 0.53725000 0.64783333 0.54950000 0.64983333 0.55112500 0.65900000 0.53062500 0.88900000 0.52912500 0.89300000 0.52787500 0.92166667 0.52387500 0.94466667
0 0.56375000 0.99966667 0.52400000 0.99966667 0.52437500 0.98066667 0.52812500 0.95866667 0.53212500 0.90800000 0.53512500 0.89333333 0.53612500 0.85500000 0.54362500 0.79966667 0.55587500 0.66166667 0.55675000 0.65816667 0.56025000 0.65683333 0.59225000 0.65316667 0.59575000 0.65383333 0.59812500 0.65766667 0.59812500 0.66600000 0.58912500 0.76800000 0.57512500 0.89233333 0.57337500 0.92700000 0.56962500 0.94433333
0 0.60725000 0.99966667 0.56675000 0.99966667 0.56712500 0.98666667 0.57387500 0.94000000 0.57887500 0.87433333 0.59337500 0.75566667 0.59512500 0.71633333 0.60162500 0.66266667 0.60375000 0.65683333 0.61150000 0.65750000 0.62150000 0.65183333 0.63525000 0.65283333 0.64437500 0.65766667 0.64487500 0.66733333 0.61612500 0.92966667 0.61087500 0.95633333
0 0.64875000 0.99966667 0.61025000 0.99966667 0.61112500 0.98200000 0.61787500 0.93700000 0.62262500 0.88666667 0.63637500 0.78666667 0.64287500 0.71700000 0.65012500 0.66566667 0.65225000 0.66183333 0.65750000 0.66016667 0.68675000 0.66116667 0.68925000 0.66183333 0.69062500 0.66533333 0.68687500 0.72100000 0.67837500 0.78200000 0.67637500 0.78766667 0.66637500 0.88133333 0.66087500 0.90833333 0.65837500 0.93566667
0 0.67350000 0.99966667 0.65450000 0.99966667 0.65337500 0.98600000 0.65812500 0.95166667 0.66112500 0.94300000 0.66187500 0.92766667 0.66412500 0.92400000 0.66562500 0.90000000 0.66837500 0.89300000 0.66937500 0.86766667 0.67512500 0.83200000 0.69312500 0.67766667 0.69750000 0.66050000 0.71175000 0.65616667 0.73150000 0.65683333 0.73337500 0.65966667 0.73312500 0.67000000 0.70262500 0.89266667 0.70212500 0.90866667 0.69762500 0.93500000 0.69512500 0.94133333 0.69012500 0.98266667 0.68625000 0.99450000 0.67400000 0.99783333
0 0.70000000 0.99316667 0.69350000 0.99316667 0.69087500 0.99033333 0.69112500 0.97866667 0.70237500 0.91166667 0.70787500 0.85700000 0.73462500 0.67400000 0.73562500 0.67000000 0.74287500 0.66233333 0.73962500 0.65866667 0.74025000 0.65683333 0.74850000 0.65616667 0.75200000 0.66016667 0.75600000 0.65483333 0.76775000 0.64950000 0.76912500 0.65066667 0.76862500 0.65433333 0.77150000 0.65516667 0.77312500 0.65900000 0.77262500 0.67366667 0.75712500 0.78100000 0.75112500 0.81100000 0.74487500 0.86133333 0.73887500 0.88833333 0.73412500 0.93200000 0.72587500 0.98266667 0.72025000 0.98783333
0 0.75650000 0.98883333 0.72925000 0.98650000 0.72687500 0.98433333 0.72662500 0.98000000 0.77387500 0.67866667 0.77687500 0.66533333 0.77950000 0.66050000 0.81175000 0.66216667 0.81450000 0.65750000 0.81487500 0.66666667 0.81087500 0.69766667 0.80137500 0.75033333 0.79587500 0.79433333 0.78512500 0.84966667 0.77862500 0.90100000 0.76737500 0.96666667 0.76362500 0.98400000 0.76050000 0.98783333
0 0.80725000 0.99966667 0.77737500 0.99966667 0.77562500 0.98966667 0.77787500 0.95500000 0.77437500 0.94733333 0.78337500 0.87666667 0.78962500 0.85166667 0.79162500 0.82633333 0.80487500 0.75566667 0.80662500 0.73433333 0.81287500 0.70500000 0.81462500 0.68600000 0.81662500 0.68333333 0.81787500 0.66600000 0.82300000 0.65783333 0.82625000 0.66450000 0.83400000 0.66616667 0.84200000 0.66450000 0.84550000 0.66750000 0.86400000 0.66816667 0.86537500 0.66900000 0.86562500 0.67466667 0.83312500 0.85733333 0.83187500 0.87400000 0.82362500 0.92300000 0.81362500 0.96933333 0.81112500 0.99000000
0 0.84021739 0.99782609 0.87119565 0.99782609 0.93206522 0.68188406 0.89510870 0.68260870 0.83913043 0.99855072
0 0.88967391 0.99347826 0.92336957 0.98768116 0.94836957 0.66159420 0.92445652 0.66884058 0.93423913 0.68043478 0.90434783 0.83695652
0 0.92880435 0.99130435 0.95923913 0.98550725 0.98967391 0.66449275 0.96032609 0.67681159 0.92880435 0.98985507
