0 0.006633499170812603 0.19402985074626863 0.09286898839137646 0.19402985074626863 0.10116086235489219 0.8743781094527362 0.026533996683250412 0.8743781094527362
0 0.0912106135986733 0.19278606965174128 0.175787728026534 0.19278606965174128 0.1791044776119403 0.8781094527363184 0.1077943615257048 0.8781094527363184
0 0.17744610281923712 0.19029850746268656 0.2537313432835821 0.18905472636815918 0.26865671641791045 0.8756218905472637 0.1824212271973466 0.880597014925373
0 0.2620232172470978 0.1865671641791045 0.34328358208955223 0.18905472636815918 0.34328358208955223 0.876865671641791 0.27197346600331673 0.880597014925373
0 0.351575456053068 0.19154228855721392 0.429519071310116 0.18781094527363182 0.4245439469320066 0.8781094527363184 0.34825870646766166 0.8756218905472637
0 0.4378109452736318 0.18905472636815918 0.5174129353233831 0.18407960199004975 0.5074626865671642 0.880597014925373 0.42786069651741293 0.8830845771144278
0 0.5306799336650082 0.15049751243781093 0.6799336650082918 0.1480099502487562 0.6567164179104478 0.8843283582089552 0.5290215588723051 0.880597014925373
0 0.6849087893864013 0.18407960199004975 0.72636815920398 0.18407960199004975 0.7014925373134328 0.8930348258706468 0.6650082918739635 0.8880597014925372
0 0.7313432835820894 0.18283582089552236 0.7744610281923715 0.18283582089552236 0.7429519071310117 0.894278606965174 0.703150912106136 0.8917910447761194
0 0.7827529021558871 0.17164179104477612 0.8225538971807628 0.17412935323383083 0.7893864013266998 0.8967661691542288 0.7529021558872305 0.8967661691542288
0 0.8225538971807628 0.1791044776119403 0.8640132669983415 0.1791044776119403 0.8291873963515755 0.8955223880597015 0.7893864013266998 0.8955223880597015
0 0.8739635157545605 0.18407960199004975 0.9104477611940298 0.1791044776119403 0.8756218905472636 0.894278606965174 0.8308457711442785 0.8980099502487561
0 0.9187396351575456 0.10945273631840796 1.0 0.10323383084577113 0.9485903814262022 0.8955223880597015 0.8822553897180763 0.8955223880597015
