0 0.014076576576576577 0.052552552552552555 0.07488738738738739 0.05405405405405406 0.13119369369369369 0.8603603603603605 0.08502252252252253 0.8603603603603605
0 0.08614864864864864 0.06006006006006006 0.1480855855855856 0.06306306306306307 0.1908783783783784 0.8648648648648649 0.1447072072072072 0.8723723723723724
0 0.15259009009009009 0.07207207207207207 0.2088963963963964 0.07507507507507508 0.25056306306306303 0.8708708708708709 0.20101351351351351 0.8738738738738739
0 0.22353603603603603 0.07807807807807808 0.28434684684684686 0.08108108108108107 0.3068693693693693 0.8813813813813814 0.25844594594594594 0.8798798798798798
0 0.2922297297297297 0.09009009009009009 0.3552927927927928 0.0945945945945946 0.3654279279279279 0.8798798798798798 0.31813063063063063 0.8798798798798798
0 0.36204954954954954 0.0945945945945946 0.4206081081081081 0.0960960960960961 0.42173423423423423 0.8888888888888888 0.3721846846846847 0.8903903903903904
0 0.42623873873873874 0.10810810810810811 0.4814189189189189 0.10510510510510511 0.4780405405405405 0.891891891891892 0.4318693693693693 0.891891891891892
0 0.4904279279279279 0.12462462462462463 0.5478603603603603 0.12312312312312311 0.5388513513513513 0.8888888888888888 0.4847972972972973 0.8933933933933934
0 0.5478603603603603 0.13663663663663664 0.5793918918918919 0.13813813813813813 0.6233108108108109 0.8858858858858859 0.5884009009009009 0.8903903903903904
0 0.5872747747747747 0.14864864864864866 0.6233108108108109 0.14714714714714713 0.6604729729729729 0.8858858858858859 0.6255630630630631 0.8933933933933934
0 0.6289414414414414 0.15465465465465467 0.6638513513513513 0.14714714714714713 0.6953828828828829 0.8888888888888888 0.6615990990990991 0.8933933933933934
0 0.6739864864864864 0.15615615615615616 0.705518018018018 0.15015015015015015 0.732545045045045 0.8933933933933934 0.6987612612612613 0.9009009009009008
0 0.7179054054054054 0.15615615615615616 0.7516891891891891 0.15015015015015015 0.768581081081081 0.8963963963963963 0.7370495495495495 0.903903903903904
0 0.759572072072072 0.16666666666666666 0.7911036036036035 0.15765765765765766 0.8012387387387386 0.8978978978978979 0.7730855855855856 0.9069069069069069
0 0.7956081081081081 0.16666666666666666 0.8271396396396397 0.16216216216216214 0.8338963963963965 0.8948948948948949 0.803490990990991 0.9024024024024024
0 0.8282657657657657 0.1786786786786787 0.8541666666666666 0.1741741741741742 0.8597972972972973 0.8813813813813814 0.839527027027027 0.8858858858858859
0 0.8586711711711712 0.1786786786786787 0.8879504504504505 0.18018018018018017 0.892454954954955 0.8798798798798798 0.8631756756756757 0.8858858858858859
