0 0.0 0.21921921921921922 0.04560810810810806 0.2162162162162162 0.07488738738738732 0.7042042042042042 0.016328828828828763 0.7102102102102102
0 0.04560810810810806 0.2222222222222222 0.11542792792792789 0.2222222222222222 0.1424549549549549 0.7057057057057059 0.07939189189189184 0.7072072072072072
0 0.12105855855855853 0.2162162162162162 0.19988738738738732 0.22072072072072074 0.21677927927927917 0.7012012012012012 0.1469594594594594 0.7057057057057059
0 0.20439189189189186 0.23573573573573572 0.25506756756756754 0.23123123123123124 0.2730855855855856 0.7027027027027027 0.22015765765765763 0.6966966966966969
0 0.25957207207207206 0.22822822822822822 0.31362612612612606 0.22822822822822822 0.32601351351351343 0.7102102102102102 0.2730855855855856 0.7042042042042042
0 0.31813063063063063 0.23123123123123124 0.37894144144144143 0.22672672672672675 0.3845720720720721 0.7117117117117119 0.32939189189189183 0.7072072072072072
0 0.37894144144144143 0.19669669669669665 0.39132882882882875 0.1951951951951952 0.4082917607545339 0.7133003108924522 0.3981455930651732 0.7158368528147924
0 0.392438373739908 0.19415473078683776 0.4038528123904386 0.19246370283861103 0.4222427413274046 0.7141458248665656 0.410828302676874 0.7141458248665656
0 0.4055808804293925 0.19571896713274914 0.4163610057272706 0.19482062335792596 0.4352262249985573 0.7149616689805475 0.42511985753179665 0.7167583565301936
0 0.4163610057272706 0.19482062335792596 0.42781488885626606 0.19302393580827953 0.44870138162090517 0.7167583565301936 0.43589998282967474 0.7167583565301936
0 0.42983616234961824 0.19212559203345642 0.44263756114084857 0.19032890448381007 0.4608290225810181 0.7158600127553705 0.45004889728313985 0.7203517316294865
0 0.4462951091491567 0.19023279946476504 0.4907004275746235 0.18754156804503982 0.5038201807457842 0.7136773106013269 0.4624424976675082 0.7230966205703654
0 0.4907004275746235 0.1727397952365509 0.5108846632225629 0.1754310266562762 0.5260228399585175 0.7190597734407775 0.507857027875372 0.7190597734407775
0 0.5169399339169448 0.20638018798311658 0.5472162873888539 0.20638018798311658 0.5623544641248084 0.7190597734407775 0.5270320517409143 0.7244422362802281
0 0.5522623463008387 0.20234334085352867 0.5875847586847325 0.19965210943380346 0.5966676647263053 0.7136773106013269 0.5633636759072054 0.7204053891506403
0 0.5966676647263053 0.22791003934091864 0.6198795357214356 0.22521880792119336 0.6259348064158173 0.7136773106013269 0.5986860882910993 0.7190597734407775
0 0.6229071710686265 0.2077258036929792 0.6501558891933448 0.20368895656339134 0.6562111598877267 0.7244422362802281 0.6289624417630084 0.7244422362802281
0 0.6534493554355365 0.1945561510315397 0.6842170931745003 0.1933130101127937 0.6851494488635598 0.7191616187423554 0.6553140668136556 0.7216479005798474
0 0.6870141602416788 0.20325813746276175 0.7326995890055946 0.20574441930025378 0.7252407434931186 0.7204047596611014 0.6870141602416788 0.7228910414985935
0 0.7364290117618326 0.2082307011377458 0.7821144405257485 0.20450127838150778 0.775587950702332 0.7228910414985935 0.7299025219384161 0.7204047596611014
0 0.784911507592927 0.19082672827530167 0.8287322249787239 0.18585416460031762 0.8072880441303552 0.7228910414985935 0.7765203063913916 0.7228910414985935
0 0.8268675136006048 0.19704243286903173 0.8483116944489734 0.1957992919502857 0.8445822716927355 0.7129459141486254 0.8082203998194146 0.7191616187423554
0 0.8520411172052116 0.24303864686263404 0.8967941902800678 0.24303864686263404 0.8781470764988777 0.7129459141486254 0.849244050138033 0.7154321959861174
0 0.8930647675238298 0.21568954665022186 0.9415472633549242 0.21817582848771386 0.9275619280190316 0.7129459141486254 0.8874706333894727 0.7191616187423554
