0 0.010347188313802037 0.19842556423611105 0.06659718831380204 0.19509223090277772 0.10534718831380203 0.9817588975694443 0.042847188313802034 0.9650922309027776
0 0.06159718831380204 0.11509223090277772 0.11534718831380203 0.11509223090277772 0.14909718831380203 0.973425564236111 0.11034718831380204 0.973425564236111
0 0.11784718831380203 0.13509223090277772 0.19034718831380204 0.13675889756944437 0.21534718831380203 0.9667588975694443 0.15159718831380203 0.9717588975694443
0 0.19534718831380204 0.15175889756944438 0.262847188313802 0.14842556423611106 0.27659718831380203 0.9650922309027776 0.22034718831380204 0.968425564236111
0 0.265347188313802 0.1450922309027777 0.3340971883138021 0.14342556423611105 0.341597188313802 0.978425564236111 0.27659718831380203 0.9750922309027776
0 0.337847188313802 0.12009223090277774 0.371597188313802 0.11842556423611102 0.3728471883138019 0.978425564236111 0.342847188313802 0.9817588975694443
0 0.37034718831380203 0.11509223090277772 0.462847188313802 0.1250922309027777 0.447847188313802 0.9817588975694443 0.3728471883138019 0.978425564236111
0 0.46784718831380195 0.15175889756944438 0.532847188313802 0.1450922309027777 0.512847188313802 0.9750922309027776 0.450347188313802 0.9750922309027776
0 0.547847188313802 0.17009223090277772 0.610347188313802 0.17175889756944437 0.5853471883138022 0.968425564236111 0.525347188313802 0.9817588975694443
0 0.6204242928452579 0.1281198003327787 0.6977953410981699 0.13311148086522462 0.6528702163061565 0.9816971713810315 0.5879783693843594 0.9816971713810315
0 0.7065307820299501 0.1064891846921797 0.8225873544093179 0.1064891846921797 0.7527891014975042 0.9989018302828618 0.6552891014975043 0.9855684969495285
0 0.8252891014975042 0.09223516361619526 0.8802891014975043 0.10056849694952859 0.8002891014975042 0.9955684969495285 0.7577891014975042 0.9922351636161952
0 0.8802891014975043 0.09056849694952859 0.9427891014975043 0.08723516361619527 0.8702891014975043 0.9939018302828619 0.8127891014975043 0.9922351636161952
