0 0.24450000 0.45350000 0.22025000 0.45283333 0.21837500 0.45133333 0.21712500 0.44133333 0.21562500 0.34566667 0.20462500 0.05000000 0.20512500 0.01400000 0.21225000 0.01116667 0.23775000 0.01350000 0.24537500 0.01800000 0.24637500 0.02633333 0.25462500 0.44833333 0.25250000 0.45283333
0 0.28450000 0.45416667 0.25950000 0.45350000 0.25562500 0.44733333 0.24837500 0.02600000 0.24887500 0.01866667 0.25125000 0.01683333 0.27850000 0.02150000 0.28412500 0.02533333 0.28537500 0.03333333 0.28562500 0.19400000 0.29037500 0.43600000 0.28937500 0.45133333
0 0.31500000 0.45950000 0.29500000 0.45716667 0.29112500 0.45133333 0.28662500 0.03566667 0.28812500 0.02566667 0.29450000 0.02216667 0.32150000 0.02516667 0.32387500 0.03366667 0.32512500 0.37000000 0.32712500 0.45266667 0.32350000 0.45783333
0 0.36175000 0.46116667 0.33325000 0.46016667 0.32962500 0.45833333 0.32787500 0.45233333 0.32512500 0.02900000 0.32625000 0.02516667 0.33025000 0.02383333 0.35675000 0.02550000 0.36312500 0.02966667 0.36462500 0.43266667 0.36412500 0.45633333
0 0.39150000 0.46350000 0.37175000 0.46316667 0.36512500 0.45933333 0.36462500 0.08000000 0.36512500 0.03600000 0.36662500 0.02966667 0.36875000 0.02850000 0.39650000 0.03150000 0.39975000 0.03316667 0.40087500 0.03700000 0.39887500 0.45900000
0 0.43225000 0.46616667 0.40475000 0.46483333 0.40012500 0.45933333 0.40262500 0.04366667 0.40337500 0.03300000 0.40750000 0.02883333 0.43700000 0.03316667 0.44037500 0.03666667 0.43712500 0.42600000 0.43612500 0.46300000
0 0.46350000 0.46816667 0.44500000 0.46783333 0.43737500 0.46300000 0.44162500 0.05133333 0.44237500 0.03700000 0.44725000 0.03383333 0.46950000 0.03716667 0.47712500 0.04133333 0.46812500 0.46300000 0.46675000 0.46716667
0 0.49825000 0.47083333 0.47425000 0.46916667 0.46987500 0.46366667 0.47312500 0.38166667 0.47387500 0.25500000 0.47862500 0.06033333 0.48037500 0.04100000 0.48275000 0.03650000 0.48625000 0.03550000 0.51375000 0.03983333 0.51587500 0.04600000 0.50662500 0.45166667 0.50537500 0.46700000
0 0.53225000 0.47183333 0.51275000 0.47116667 0.50812500 0.46800000 0.50737500 0.46333333 0.51512500 0.21733333 0.51737500 0.07500000 0.51962500 0.04166667 0.52500000 0.03783333 0.54550000 0.04116667 0.55412500 0.04633333 0.54237500 0.37566667 0.54162500 0.44366667 0.53987500 0.46700000 0.53725000 0.47116667
0 0.56850000 0.47450000 0.54475000 0.47283333 0.54062500 0.46700000 0.54662500 0.33466667 0.55487500 0.05266667 0.55612500 0.04533333 0.56075000 0.03983333 0.59150000 0.04450000 0.59287500 0.05033333 0.57662500 0.47133333
0 0.60175000 0.47616667 0.58100000 0.47483333 0.57787500 0.46933333 0.59462500 0.05100000 0.59612500 0.04566667 0.59925000 0.04383333 0.61625000 0.04483333 0.63012500 0.04900000 0.62362500 0.22066667 0.61637500 0.35633333 0.61312500 0.38666667 0.61237500 0.44033333 0.60987500 0.47100000 0.60800000 0.47516667
0 0.63225000 0.47816667 0.61350000 0.47516667 0.61212500 0.46833333 0.62112500 0.33166667 0.63262500 0.05866667 0.63625000 0.04483333 0.64650000 0.04316667 0.66000000 0.04483333 0.66975000 0.04783333 0.67087500 0.05066667 0.64862500 0.47466667
0 0.67800000 0.47883333 0.65400000 0.47650000 0.65062500 0.47400000 0.65037500 0.46500000 0.65662500 0.40200000 0.65687500 0.36500000 0.66762500 0.18300000 0.67287500 0.04900000 0.67850000 0.04250000 0.68600000 0.04083333 0.70925000 0.04516667 0.71112500 0.04866667 0.71137500 0.06100000 0.68637500 0.45400000 0.68462500 0.47466667
0 0.71725000 0.48116667 0.69125000 0.47883333 0.68712500 0.47500000 0.68712500 0.46566667 0.69962500 0.31000000 0.71362500 0.05366667 0.71500000 0.04483333 0.72500000 0.04050000 0.75225000 0.04483333 0.75412500 0.05800000 0.74962500 0.10766667 0.74862500 0.14766667 0.74262500 0.20066667 0.74412500 0.20566667 0.73837500 0.27533333 0.73837500 0.30133333 0.73487500 0.32400000 0.72787500 0.41533333 0.72812500 0.44366667 0.72387500 0.47866667
0 0.74100000 0.48050000 0.72650000 0.47916667 0.72437500 0.47333333 0.72912500 0.40400000 0.73462500 0.36766667 0.73637500 0.32833333 0.74362500 0.30433333 0.74012500 0.29100000 0.74262500 0.28366667 0.74137500 0.27900000 0.74362500 0.22266667 0.75387500 0.05666667 0.75600000 0.05150000 0.76700000 0.05150000 0.78350000 0.05416667 0.78587500 0.05666667 0.78437500 0.08866667 0.75312500 0.47366667 0.74950000 0.47950000
0 0.78975000 0.48450000 0.75600000 0.47883333 0.75537500 0.46966667 0.75987500 0.42833333 0.76287500 0.43166667 0.76175000 0.43616667 0.76775000 0.43816667 0.76837500 0.43566667 0.76612500 0.42200000 0.76787500 0.40866667 0.76462500 0.40800000 0.76362500 0.39166667 0.76750000 0.38150000 0.77212500 0.38100000 0.76662500 0.37400000 0.76712500 0.32800000 0.76962500 0.31466667 0.77462500 0.23600000 0.77862500 0.21333333 0.78912500 0.06000000 0.79475000 0.04850000 0.80475000 0.04416667 0.83000000 0.04883333 0.83362500 0.05300000 0.83387500 0.05733333 0.80887500 0.34066667 0.80337500 0.43900000 0.79912500 0.47733333 0.79625000 0.48283333
0 0.22175000 0.98516667 0.21025000 0.98283333 0.21112500 0.97433333 0.20900000 0.96983333 0.20525000 0.97516667 0.20412500 0.96533333 0.20387500 0.79400000 0.20112500 0.76100000 0.19962500 0.62700000 0.19687500 0.57633333 0.20150000 0.56850000 0.20762500 0.56400000 0.20825000 0.56050000 0.21275000 0.55883333 0.24500000 0.56150000 0.24975000 0.56316667 0.25237500 0.56733333 0.24912500 0.57666667 0.24837500 0.62600000 0.24862500 0.93666667 0.25062500 0.96400000 0.24662500 0.97333333 0.23850000 0.98283333
0 0.27275000 0.98616667 0.25975000 0.98383333 0.25562500 0.96833333 0.25162500 0.83433333 0.25062500 0.59666667 0.25487500 0.57233333 0.26275000 0.56450000 0.26750000 0.56350000 0.29300000 0.56450000 0.30312500 0.56933333 0.29812500 0.59866667 0.29762500 0.63066667 0.29837500 0.97966667 0.29525000 0.98516667
0 0.34450000 0.97150000 0.31475000 0.96950000 0.31062500 0.95800000 0.31037500 0.62700000 0.30737500 0.58633333 0.31125000 0.57416667 0.35350000 0.57050000 0.35637500 0.57266667 0.35762500 0.58100000 0.35262500 0.88833333 0.35412500 0.96333333 0.35300000 0.96716667
0 0.36950000 0.96916667 0.35850000 0.96650000 0.35737500 0.96000000 0.36012500 0.90466667 0.36012500 0.58266667 0.36200000 0.57650000 0.37700000 0.57383333 0.39325000 0.57450000 0.40812500 0.58000000 0.40562500 0.58800000 0.40537500 0.75500000 0.40062500 0.95133333 0.39650000 0.96816667
0 0.41825000 0.97583333 0.40450000 0.97516667 0.40237500 0.96733333 0.40537500 0.85000000 0.40712500 0.61033333 0.40837500 0.59466667 0.41212500 0.58266667 0.41500000 0.57950000 0.42950000 0.58016667 0.43712500 0.58900000 0.42887500 0.96700000 0.42325000 0.97483333
0 0.43950000 0.96716667 0.43175000 0.96683333 0.42987500 0.96366667 0.43337500 0.85033333 0.43712500 0.59566667 0.43975000 0.58916667 0.45425000 0.58783333 0.45500000 0.58416667 0.45775000 0.58416667 0.46112500 0.59166667 0.46112500 0.59666667 0.45287500 0.95166667 0.45075000 0.96350000
0 0.47325000 0.97750000 0.45725000 0.97550000 0.45437500 0.96200000 0.46287500 0.60633333 0.46412500 0.58433333 0.46675000 0.58216667 0.48675000 0.58383333 0.49187500 0.59600000 0.48262500 0.94766667 0.48037500 0.97400000
0 0.49450000 0.98083333 0.48475000 0.97883333 0.48262500 0.96566667 0.49137500 0.65500000 0.49237500 0.59166667 0.48962500 0.58400000 0.49525000 0.58250000 0.50700000 0.58350000 0.51875000 0.59383333 0.52037500 0.61133333 0.50987500 0.97466667 0.50625000 0.97883333
0 0.52575000 0.97583333 0.51100000 0.97516667 0.50937500 0.96600000 0.51237500 0.91200000 0.52112500 0.58800000 0.52162500 0.58400000 0.52450000 0.58150000 0.53725000 0.57983333 0.54150000 0.58150000 0.54337500 0.58700000 0.54187500 0.67400000 0.53062500 0.96866667 0.52912500 0.97433333
0 0.53725000 0.97750000 0.53287500 0.97500000 0.53237500 0.95433333 0.53612500 0.90866667 0.53637500 0.84766667 0.54537500 0.59000000 0.54900000 0.57916667 0.55650000 0.58183333 0.56450000 0.58016667 0.56812500 0.59100000 0.56087500 0.81500000 0.55762500 0.89533333 0.55537500 0.90833333 0.55662500 0.91966667 0.55462500 0.97200000 0.55125000 0.97583333
0 0.57225000 0.97650000 0.55700000 0.97616667 0.55537500 0.97466667 0.55487500 0.96666667 0.55662500 0.91866667 0.55862500 0.91233333 0.56762500 0.61433333 0.57037500 0.58033333 0.57350000 0.57750000 0.58800000 0.58016667 0.59087500 0.59166667 0.57737500 0.95633333 0.57612500 0.97100000
0 0.58450000 0.97850000 0.57937500 0.97500000 0.57887500 0.96300000 0.58262500 0.90966667 0.58412500 0.83366667 0.59387500 0.59500000 0.59600000 0.58583333 0.61150000 0.58350000 0.61537500 0.58433333 0.61762500 0.59833333 0.60112500 0.96666667 0.59775000 0.97616667
0 0.61000000 0.97950000 0.60362500 0.97833333 0.60237500 0.96633333 0.62012500 0.59166667 0.62300000 0.58550000 0.63900000 0.58550000 0.64237500 0.59200000 0.62387500 0.97100000 0.61950000 0.97883333
0 0.64325000 0.98283333 0.63050000 0.98183333 0.62812500 0.97866667 0.62737500 0.97066667 0.64562500 0.59866667 0.64800000 0.58783333 0.65900000 0.58583333 0.66700000 0.58783333 0.66912500 0.59600000 0.66687500 0.67400000 0.65012500 0.95900000 0.64812500 0.97900000 0.64650000 0.98250000
0 0.66300000 0.98616667 0.65450000 0.98616667 0.65212500 0.98000000 0.66212500 0.77300000 0.67287500 0.58766667 0.68550000 0.58450000 0.69350000 0.58783333 0.69637500 0.59500000 0.68687500 0.78500000 0.67462500 0.97566667 0.67300000 0.98316667
0 0.67900000 0.98516667 0.67612500 0.98300000 0.67537500 0.97900000 0.67612500 0.95866667 0.69087500 0.72866667 0.69787500 0.59400000 0.69612500 0.58633333 0.69850000 0.58350000 0.70550000 0.58216667 0.71737500 0.58866667 0.72087500 0.59500000 0.72087500 0.60400000 0.69787500 0.97866667 0.69350000 0.98416667
0 0.70375000 0.98283333 0.69687500 0.97866667 0.70637500 0.85533333 0.72062500 0.61566667 0.72437500 0.58800000 0.73675000 0.58616667 0.74075000 0.58750000 0.74387500 0.59366667 0.74387500 0.62333333 0.72062500 0.97233333 0.71937500 0.97900000 0.71700000 0.98150000
0 0.72725000 0.98183333 0.72062500 0.97766667 0.72412500 0.92333333 0.72687500 0.91233333 0.72787500 0.87500000 0.73812500 0.73033333 0.74612500 0.59200000 0.74387500 0.58766667 0.74650000 0.58250000 0.75275000 0.58183333 0.76425000 0.58783333 0.76787500 0.59533333 0.76437500 0.67333333 0.74287500 0.97466667 0.74000000 0.97983333
