0 0.22175000 0.96916667 0.19275000 0.96750000 0.18162500 0.95933333 0.17837500 0.94133333 0.17737500 0.54833333 0.18387500 0.01100000 0.18500000 0.00016667 0.26250000 0.00016667 0.26912500 0.01333333 0.27112500 0.05433333 0.26162500 0.25000000 0.25537500 0.93266667 0.25437500 0.94366667 0.24400000 0.96116667
0 0.28375000 0.94816667 0.26325000 0.94783333 0.25937500 0.94366667 0.26687500 0.15333333 0.27150000 0.12583333 0.31400000 0.12716667 0.32237500 0.13133333 0.32312500 0.14466667 0.31537500 0.93366667 0.30975000 0.94350000
0 0.33800000 0.94883333 0.32475000 0.94650000 0.32187500 0.93700000 0.32512500 0.18333333 0.32612500 0.13066667 0.33000000 0.12583333 0.37775000 0.13083333 0.38012500 0.16500000 0.37662500 0.92000000 0.37225000 0.94350000
0 0.39475000 0.95383333 0.38012500 0.94766667 0.38262500 0.13600000 0.38462500 0.12633333 0.39100000 0.12316667 0.42500000 0.12250000 0.43237500 0.12700000 0.43287500 0.15800000 0.43037500 0.93833333 0.42625000 0.95150000
0 0.45175000 0.95216667 0.44175000 0.95150000 0.43587500 0.94333333 0.43662500 0.15200000 0.43812500 0.12000000 0.44750000 0.11550000 0.47900000 0.11816667 0.48462500 0.12700000 0.48362500 0.94100000 0.47850000 0.94883333
0 0.51975000 0.95283333 0.49075000 0.94783333 0.48662500 0.91633333 0.48937500 0.54700000 0.48712500 0.13000000 0.49050000 0.11816667 0.51275000 0.11583333 0.53537500 0.11900000 0.53612500 0.15400000 0.53387500 0.28033333 0.54087500 0.94466667 0.53725000 0.95150000
0 0.57250000 0.95016667 0.54875000 0.94850000 0.54462500 0.94066667 0.53912500 0.17833333 0.53937500 0.11933333 0.54525000 0.11383333 0.56700000 0.11083333 0.58400000 0.11250000 0.58887500 0.12333333 0.59312500 0.74633333 0.59412500 0.94133333 0.59175000 0.94783333
0 0.62400000 0.94150000 0.60750000 0.94083333 0.59812500 0.93233333 0.59187500 0.13566667 0.59525000 0.11916667 0.62200000 0.11616667 0.63875000 0.11883333 0.64037500 0.12700000 0.64062500 0.55766667 0.64562500 0.93200000 0.64200000 0.93983333
0 0.68175000 0.93683333 0.65050000 0.93383333 0.64812500 0.91500000 0.64287500 0.16700000 0.64537500 0.12700000 0.65800000 0.12450000 0.68575000 0.12516667 0.68912500 0.12900000 0.69512500 0.92900000 0.69300000 0.93450000
0 0.72750000 0.94016667 0.71250000 0.93950000 0.70212500 0.93200000 0.70462500 0.92400000 0.70187500 0.54666667 0.69312500 0.14133333 0.69537500 0.12733333 0.70150000 0.12216667 0.74900000 0.11850000 0.75162500 0.12266667 0.75612500 0.34966667 0.76037500 0.93566667
0 0.78050000 0.93716667 0.76487500 0.93166667 0.76287500 0.90833333 0.76437500 0.78733333 0.75387500 0.13966667 0.75600000 0.12416667 0.76875000 0.12183333 0.80275000 0.12316667 0.80562500 0.13266667 0.81787500 0.69500000 0.82037500 0.92933333 0.81475000 0.93650000
