0 0.013995696020393005 0.0048450121790826585 0.06908022039640864 0.010167188447296728 0.08424842276081873 0.442327901426279 0.03555050990665999 0.44179568379945755
0 0.07666432157861357 0.012828276581403763 0.13015219307416495 0.022408193864189088 0.1357404781557898 0.4465856424408503 0.0898367078424435 0.4444567719335646
0 0.13454298849544155 0.02560149962511761 0.18284173812948426 0.03411698165425996 0.1872325335507609 0.4503111658286001 0.14252625289776266 0.4503111658286001
0 0.1856358806702967 0.031455893520153086 0.23712793606526777 0.037310287415188485 0.23832542572561594 0.45244003633588575 0.1888291864312251 0.4503111658286001
0 0.2423170579267765 0.037842505042009894 0.2910149707809352 0.04210024605658123 0.28542668569931046 0.45456890684317136 0.24271622114689254 0.45456890684317136
0 0.2946074397619797 0.04369689893704536 0.34091037329544205 0.04955129283208093 0.3361204146540494 0.45829443023092115 0.28941831790047096 0.45616555972363554
0 0.3449020054966026 0.054341251473473504 0.38880995970936866 0.06019564536850907 0.3848183275082082 0.459358865484564 0.34091037329544205 0.45829443023092115
0 0.3924024286904131 0.05966342774168758 0.43351624036236697 0.06392116875625892 0.42712962884051 0.46042330073820686 0.3876124700490205 0.46148773599184983
0 0.43710870934341134 0.0633889511294375 0.4842099693171059 0.06711447451718736 0.4762267049147848 0.46042330073820686 0.42992377138132243 0.4625521712454925
0 0.4905965808389628 0.06551782163672305 0.5345045350517288 0.06924334502447282 0.521731312008015 0.4668099122600638 0.4818149899964095 0.4641488241259567
0 0.5420886362339338 0.07296886841222276 0.5832024479058875 0.07988769756090104 0.5684334087615934 0.4678743475137065 0.5297145764103361 0.4646810417527781
0 0.5859808315310722 0.07915031380985055 0.6260610626960478 0.08315833692634803 0.6120329817883062 0.46525654069911465 0.5716187486969558 0.4625845252881162
0 0.6307370896652947 0.08716636004284559 0.6678113034928972 0.08939303955201082 0.650109201395033 0.4657018766009476 0.6127009856410558 0.46525654069911465
0 0.674491342020393 0.0876116959446786 0.7265956425348612 0.0951824062758407 0.7062215250259987 0.46837389201194596 0.6587932514807778 0.4665925484046138
0 0.7312716695041086 0.09919042939233817 0.7693478891108353 0.10141710890150359 0.7476377638964734 0.4697098997174452 0.7129015635534948 0.47015523561927836
0 0.7797019488284541 0.10497979611616806 0.8214521896253034 0.1098784910363317 0.7920600201043213 0.4746085946376089 0.757991823614092 0.4746085946376089
0 0.8214521896253034 0.12145722448399128 0.8308042435637979 0.12234789628765744 0.8090941183494359 0.47549926644127494 0.7943980335889448 0.4737179228339428
0 0.8434963167660399 0.11032382693816478 0.8678784573913998 0.11344117825099617 0.8444983225451643 0.4777259459504404 0.8171101645824308 0.47638993824494114
0 0.8718864805078977 0.11433185005466233 0.8969366249860072 0.11611319366199456 0.8708844747287733 0.4772806100486073 0.8458343302506633 0.4777259459504404
0 0.8992746384706307 0.11700386546566072 0.9139707232311218 0.11700386546566072 0.8879185729738879 0.4790619536559395 0.8735564901397717 0.4781712818522734
0 0.9146387270838715 0.11388651415282917 0.9370168561509826 0.11655852956382763 0.9173107424948698 0.4781712818522734 0.890924590311261 0.4799526254596056
0 0.9483729216477257 0.0813769933190158 0.9734230661258357 0.0813769933190158 0.9406908773411057 0.48128863316510484 0.9226547733168666 0.4817339690669379
0 0.0251635511699713 0.5609353726909656 0.08710471715115675 0.5605118433509234 0.10934000750337726 0.921358841066958 0.05089295857754067 0.9315235452279731
0 0.09441059826688637 0.5639000780712616 0.14110470800654928 0.5639000780712616 0.15889294028832562 0.921358841066958 0.11315177156375789 0.9302529572078462
0 0.14809294211724713 0.5634765487312194 0.19510469886194184 0.5626294900511348 0.2020929329726397 0.920088253046831 0.1601635283084526 0.9243235464472541
0 0.20241057997767137 0.5626294900511348 0.24910468971733438 0.5626294900511348 0.2503752777374612 0.9167000183264928 0.2100341080984327 0.9188176650267044
0 0.252916453777715 0.5664412541115155 0.29897526950731446 0.5639000780712616 0.296116446462029 0.9145823716262815 0.25513998281293704 0.9179706063466199
0 0.30310468057272694 0.5681353714716847 0.34789290828219954 0.5647471367513464 0.3440811442218188 0.9095000195457738 0.30342232757775855 0.9145823716262815
0 0.3513870253375484 0.5609353726909656 0.39077525396148177 0.5579706673106696 0.3863281958910377 0.8993353153847586 0.3488458492972947 0.9014529620849702
0 0.39522231203192587 0.5592412553307965 0.4339752466457958 0.5609353726909656 0.4285752475602565 0.9035706087851816 0.3898223129463866 0.8980647273646319
0 0.4362807528362018 0.5610378087083013 0.4767777819473633 0.5602552574211291 0.4653329693724699 0.90144761862821 0.4298247047170311 0.8990999647666933
0 0.47941889254156955 0.5629941869262319 0.5187420947219727 0.5637767382134041 0.5070038254143897 0.9049690994204848 0.46973482036281355 0.9049690994204848
0 0.5251981428411434 0.5653418407877485 0.5624671478927196 0.5649505651441623 0.5495550516543783 0.9034039968461404 0.5128729600681812 0.9065342019948291
0 0.5692166527445799 0.5692545972236095 0.6050183741327082 0.5669069433620929 0.5897586240328502 0.9034039968461404 0.5583587536350656 0.9026214455589683
0 0.6094202251230518 0.5704284241543678 0.6449284897784906 0.5704284241543678 0.6237996050248412 0.9010563429846238 0.5918128211616772 0.9045778237768988
0 0.6484499705707656 0.5723848023722983 0.6839582352262042 0.5684720459364373 0.6637097206706235 0.8920570031821435 0.6326033070055285 0.8963610352615906
0 0.6924684804742021 0.5723848023722983 0.7247487210700554 0.567298219005679 0.7047936632471642 0.8975348621923489 0.6763283601762753 0.8987086891231073
0 0.7314982259219156 0.5731673536594705 0.7670064905773544 0.5704284241543678 0.7461710625563944 0.8959697596180044 0.7153581056239889 0.9006650673410377
0 0.7722887117657667 0.5735586293030567 0.8101446302827221 0.5696458728671956 0.7840269810733498 0.894013381400074 0.7535074808736338 0.8947959326872462
0 0.8126749056387902 0.5735825226625979 0.8478533650114481 0.5714978732182923 0.8210135034160128 0.8925338876413631 0.7879196934876604 0.8904492381970575
0 0.851501501538983 0.5735825226625979 0.8929339092445578 0.5753197305328526 0.8627064923021258 0.894271095511618 0.8244010587630095 0.8911441213451594
0 0.9015330882023187 0.579141587847413 0.9380144534776677 0.5784467046993111 0.9025754129244715 0.8973980696780763 0.8676575347323517 0.8946185370856687
0 0.9387961970192823 0.5735825226625979 0.9685024516006379 0.5742774058106997 0.9338451545890564 0.8887120303268028 0.9054418059103917 0.8855850561603442
0 0.9810103482664718 0.5746248473847507 1.0 0.5749722889588017 1.0 0.7118642691348731 0.9797074423637807 0.8866273808824972 0.9453107265327375 0.8866273808824972
