0 0.20561682694082703 0.0 0.23068685770157446 0.0 0.24962865872080586 0.32018637468322325 0.22288729257600862 0.32018637468322325
0 0.23458664026435738 3.279667190035996e-05 0.25909955923042155 3.279667190035996e-05 0.2791555838390195 0.32092919040946755 0.2512999941048557 0.31795792750449
0 0.2635564535878877 3.279667190035996e-05 0.28918359614331846 0.0022612438506334257 0.3053398381891335 0.32018637468322325 0.27971269563370277 0.3231576375882007
0 0.29196915511673477 0.0 0.3187105212615321 3.279667190035996e-05 0.3331954279232973 0.32390045331444506 0.30923962075191647 0.321672006135712
0 0.32205319202963184 3.279667190035996e-05 0.3515801171478455 0.003746875303122265 0.3632794648361943 0.3261289004931781 0.33709521048608027 0.32464326904068946
0 0.35325145253189527 0.010432216839321592 0.3794357068820092 0.008203769660588396 0.39224927815972466 0.3253860847669337 0.3655079120149273 0.3224148218619563
0 0.3838926012394755 0.014146295470543366 0.4100768555895894 0.014889111196787723 0.41676219712578877 0.32687171621942246 0.3944777253384577 0.3261289004931781
0 0.41341952635768914 0.011175032565565946 0.43570399814502025 0.014146295470543366 0.44573201044931904 0.327614531945667 0.41843353250983856 0.32390045331444506
0 0.44016089250248636 0.011175032565565946 0.4669022586472837 0.012660664018054657 0.47414471197816627 0.327614531945667 0.4479604576280522 0.3261289004931781
0 0.4708020412100665 0.02008882128049834 0.4942007365867641 0.020831637006742693 0.50367163709638 0.3305857948506444 0.4791587181303157 0.3298429791244
0 0.5003289663282803 0.011175032565565946 0.525956108883711 0.017117558375520786 0.5276274442677608 0.33504268920811064 0.50367163709638 0.33207142630313313
0 0.5270703324730774 0.02008882128049834 0.5504690278497751 0.02008882128049834 0.5554830340019246 0.3298429791244 0.5298558914464939 0.33355705775562183
0 0.5560401457966079 0.019346005554253986 0.5816672883520386 0.02008882128049834 0.5816672883520386 0.33429987348186624 0.558268592975341 0.3313286105768887
0 0.5838957355307718 0.02751697854294202 0.6061802073181028 0.03271668862665251 0.6095228780862024 0.33207142630313313 0.5855670709148217 0.33504268920811064
0 0.6139797724436686 0.017117558375520786 0.6373784678203663 0.021574452732987047 0.6418353621778325 0.33429987348186624 0.6162082196224017 0.33281424202937737
0 0.6396069149990994 0.029002609995430733 0.6646769457598469 0.029002609995430733 0.6752620698588291 0.33355705775562183 0.6501920390980817 0.33504268920811064
0 0.66690539293858 0.029745425721675087 0.6930896472886938 0.03271668862665251 0.701446324208943 0.33504268920811064 0.6774905170375622 0.33578550493435494
0 0.6953180944674271 0.039402030162851966 0.7176025662547582 0.04088766161534067 0.7265163549696905 0.33578550493435494 0.7025605477983096 0.33801395211308805
0 0.7287448021484235 0.029002609995430733 0.7521434975251211 0.029002609995430733 0.7582717272666372 0.33504268920811064 0.7320874729165232 0.33429987348186624
0 0.7755421929018189 0.005975322481855331 0.8022835590466161 0.010432216839321592 0.7989408882785165 0.3298429791244 0.7733137457230856 0.3261289004931781
0 0.22165059028416956 0.4135558658103588 0.25301510004163774 0.4105687696429808 0.2673531616450518 0.6817971016408962 0.23912510286333044 0.6853816170417497
0 0.25659961544249127 0.4171403812112122 0.2893083184752795 0.41594554274426104 0.30050992910294666 0.6817971016408962 0.27093767704590527 0.6841867785747985
0 0.2911005761757062 0.4105687696429808 0.321568957082961 0.41236102734340757 0.32873798788466807 0.6817971016408962 0.30230218680337345 0.6841867785747985
0 0.32291315035828116 0.4153481235107855 0.35293346684042926 0.41654296197773666 0.3574141110914961 0.6841867785747985 0.33053024558509486 0.684784197808274
0 0.35517378896596263 0.41953005814511457 0.3695118505693767 0.41953005814511457 0.3726483015451235 0.687771293975652 0.35831023994170946 0.6865764555087008
0 0.3695118505693767 0.41594554274426104 0.3860902342983242 0.4153481235107855 0.38922668527407095 0.687771293975652 0.3730963659702302 0.6895635516760789
0 0.38877862084896436 0.4171403812112122 0.40401281130259176 0.41773780044468783 0.4071492622783386 0.6865764555087008 0.39057087854939104 0.6895635516760789
0 0.4075973267034452 0.4219197350790169 0.4228315171570726 0.41953005814511457 0.42417571043239266 0.6889661324426031 0.4075973267034452 0.6901609709095542
0 0.4255199037077128 0.41893263891163895 0.4389618364609134 0.4201274773785902 0.443890545137087 0.6841867785747985 0.4273121614081395 0.684784197808274
0 0.43985796531112675 0.40937393117602966 0.458228606740501 0.4105687696429808 0.45957280001582107 0.677615167006567 0.4443386095621936 0.6758229093061402
0 0.46002086444092777 0.4171403812112122 0.47032634621838154 0.41654296197773666 0.472566668343915 0.680602263173945 0.46181312214135445 0.680602263173945
0 0.47032634621838154 0.41415328504383425 0.4833202145464755 0.41415328504383425 0.4864566655222224 0.69075839014303 0.4739108616192351 0.6925506478434567
0 0.4846644078217956 0.41833521967816345 0.4954179540243561 0.41893263891163895 0.49810634057499625 0.6865764555087008 0.4864566655222224 0.6853816170417497
0 0.4967621472996762 0.41654296197773666 0.5093079512026636 0.4147507042773099 0.5115482733281969 0.687771293975652 0.49989859827542305 0.6895635516760789
0 0.5115482733281969 0.42550425047987045 0.5317111724579978 0.42610166971334607 0.5326073013082113 0.6883687132091276 0.5133405310286236 0.6889661324426031
0 0.5348476234337447 0.44760876211846706 0.5451531052111985 0.44760876211846706 0.546049234061412 0.6883687132091276 0.534399559008638 0.6883687132091276
0 0.5464972984865186 0.42490683124639483 0.561731488940146 0.42251715431249254 0.5689005197418531 0.6871738747421765 0.5532182648631189 0.6865764555087008
0 0.5644198754907862 0.4237119927794437 0.57606955054356 0.4237119927794437 0.581894388069947 0.6865764555087008 0.5706927774422798 0.684784197808274
0 0.5801021303695201 0.42610166971334607 0.5966805140984677 0.4243094120129193 0.6038495449001747 0.6919532286099811 0.5850308390456938 0.6925506478434567
0 0.6002650294993213 0.42132231584554136 0.6298372815563625 0.42132231584554136 0.6316295392567894 0.6943429055438834 0.6074340603010282 0.6961351632443102
0 0.6329737325321094 0.41893263891163895 0.6513443739614836 0.4171403812112122 0.6562730826376572 0.6961351632443102 0.6374543767831763 0.6955377440108346
0 0.6531366316619105 0.41833521967816345 0.6683708221155379 0.41654296197773666 0.6741956596419247 0.6901609709095542 0.6571692114878707 0.6931480670769323
0 0.6732995307917115 0.43088102358115066 0.6934624299215124 0.42968618511419954 0.6988392030227927 0.6919532286099811 0.6759879173423515 0.6913558093765055
0 0.23410828273879103 0.7512118950618959 0.27101829857745413 0.750080553580251 0.28374589024595864 1.0 0.25107840496346373 1.0
0 0.27823060052294 0.7444238461720268 0.30962532663858455 0.743292504690382 0.3206559060846218 0.9933189721338931 0.28841267385774366 0.9972786673196501
0 0.31259509802790225 0.7455551876536717 0.34398982414354673 0.746120858394494 0.34992936692218224 1.0 0.3215044121958554 0.9978443380604726
0 0.34653534247724765 0.7540402487660081 0.37750581553727536 0.7534745780251856 0.3821725991490603 1.0 0.35205063220026633 1.0
0 0.3821725991490603 0.7551715902476528 0.41356732526470485 0.7563029317292977 0.4144158313759385 1.0 0.3830211052602939 1.0
0 0.41780985582087304 0.7591312854334098 0.44750756971405026 0.7591312854334098 0.44581055749158294 1.0 0.4165370966540226 1.0
0 0.4500530880477511 0.7636566513599892 0.4636291858274893 0.7642223221008116 0.45938665527132116 1.0 0.4470833166584334 0.9995413502829398
0 0.46447769193872296 0.764787992841634 0.4772052836072275 0.764787992841634 0.47465976527352655 1.0 0.4610836674937884 1.0
0 0.4801750549965452 0.7602626269150548 0.4920541405538161 0.7602626269150548 0.4873873569420311 1.0 0.4755082713847602 1.0
0 0.4950239119431338 0.7602626269150548 0.5069029975004047 0.7613939683966996 0.5013877077773861 1.0 0.4890843691644984 1.0
0 0.5090242627784888 0.7568686024701201 0.5213276013913766 0.7568686024701201 0.5153880586127411 0.9989756795421173 0.5026604669442365 1.0
0 0.5226003605582269 0.764787992841634 0.5361764583379651 0.7642223221008116 0.5302369155593297 1.0 0.5179335769464419 1.0
0 0.538721976671666 0.7602626269150548 0.5493283030620865 0.7608282976558771 0.5442372663946846 1.0 0.5310854216705633 1.0
0 0.5522980744514042 0.7596969561742323 0.5646014130642919 0.7585656146925874 0.5578133641744228 1.0 0.5459342786171519 1.0
0 0.5679954375092264 0.7653536635824565 0.580723029177731 0.7653536635824565 0.5743592333434787 1.0 0.5599346294525069 1.0
0 0.5870868250119833 0.7376357972821578 0.6163602858495436 0.7336761020964008 0.6053297064035064 0.9978443380604726 0.5815715352889645 1.0
0 0.6184815511276277 0.7574342732109426 0.6290878775180482 0.7574342732109426 0.6210270694613287 0.9972786673196501 0.6091479839040578 0.9989756795421173
0 0.6333304080742164 0.7466865291353165 0.6469065058539545 0.7444238461720268 0.6371486855747677 0.9989756795421173 0.6218755755725622 1.0
0 0.6498762772432722 0.7664850050641013 0.6630281219673936 0.7653536635824565 0.6528460486325899 1.0 0.6392699508528518 1.0
0 0.6651493872454776 0.764787992841634 0.6893318114156364 0.764787992841634 0.6778769789139821 1.0 0.6558158200219077 1.0
