0 0.02000000 0.93716667 0.00012500 0.93700000 0.00012500 0.15566667 0.01137500 0.15066667 0.01612500 0.12333333 0.01175000 0.11516667 0.04525000 0.11516667 0.05312500 0.11933333 0.05337500 0.12833333 0.04537500 0.33333333 0.03737500 0.81733333 0.03212500 0.92633333 0.02650000 0.93583333
0 0.06900000 0.95916667 0.04687500 0.95100000 0.04162500 0.91833333 0.04462500 0.52100000 0.05612500 0.11533333 0.06337500 0.06466667 0.07100000 0.05683333 0.15075000 0.05883333 0.15637500 0.06400000 0.15637500 0.11366667 0.12712500 0.95133333 0.11300000 0.95716667
0 0.14875000 0.95850000 0.13037500 0.95500000 0.13037500 0.91200000 0.15837500 0.08233333 0.16062500 0.05700000 0.17150000 0.05216667 0.18625000 0.05516667 0.19062500 0.06900000 0.17412500 0.59300000 0.16637500 0.66600000 0.15962500 0.92266667 0.16287500 0.95533333
0 0.19350000 0.96016667 0.17325000 0.95950000 0.16837500 0.94666667 0.19087500 0.08033333 0.19350000 0.06950000 0.20025000 0.06950000 0.21787500 0.07333333 0.21887500 0.12900000 0.20062500 0.91666667 0.19887500 0.95400000
0 0.22125000 0.96283333 0.20312500 0.95866667 0.20187500 0.93433333 0.21912500 0.07900000 0.22325000 0.06450000 0.23250000 0.06350000 0.24900000 0.06816667 0.25137500 0.08300000 0.23437500 0.95233333 0.23250000 0.95983333
0 0.25550000 0.96150000 0.23975000 0.96016667 0.23562500 0.95133333 0.25037500 0.11200000 0.25625000 0.07183333 0.27562500 0.07933333 0.27587500 0.13233333 0.26512500 0.83233333 0.26162500 0.95233333
0 0.28150000 0.96916667 0.26212500 0.96400000 0.27637500 0.09800000 0.27862500 0.07133333 0.29800000 0.06850000 0.30387500 0.08033333 0.30387500 0.26766667 0.29762500 0.90433333 0.29487500 0.96266667 0.29175000 0.96816667
0 0.37800000 0.96950000 0.35350000 0.96916667 0.34600000 0.95383333 0.33425000 0.96050000 0.31050000 0.96150000 0.30112500 0.94033333 0.30412500 0.11133333 0.30487500 0.07266667 0.31075000 0.06916667 0.40825000 0.07983333 0.42800000 0.08783333 0.43137500 0.09966667 0.42937500 0.94900000 0.42712500 0.96033333 0.41975000 0.96716667
0 0.48625000 0.97550000 0.44275000 0.97550000 0.43362500 0.96700000 0.43787500 0.10800000 0.43512500 0.08400000 0.43962500 0.05466667 0.44700000 0.04950000 0.49050000 0.05283333 0.49512500 0.06000000 0.49437500 0.52666667 0.49937500 0.95900000 0.49450000 0.97150000
0 0.52150000 0.96416667 0.50362500 0.95933333 0.50212500 0.91133333 0.49612500 0.07866667 0.49787500 0.05800000 0.50400000 0.05550000 0.51825000 0.05650000 0.52062500 0.07233333 0.52487500 0.93600000
0 0.54550000 0.98083333 0.52512500 0.97633333 0.52337500 0.90066667 0.52087500 0.09166667 0.52162500 0.07266667 0.53575000 0.06783333 0.54387500 0.07200000 0.54512500 0.15366667 0.54837500 0.96833333
0 0.57225000 0.98516667 0.55275000 0.98383333 0.54862500 0.97566667 0.54487500 0.06800000 0.54637500 0.05700000 0.55175000 0.05516667 0.56525000 0.05583333 0.56912500 0.06433333
0 0.63475000 0.98816667 0.59200000 0.98650000 0.58287500 0.98266667 0.57887500 0.96800000 0.57062500 0.13200000 0.57062500 0.07266667 0.57600000 0.06383333 0.64250000 0.06350000 0.64512500 0.07433333 0.66062500 0.97966667 0.65825000 0.98650000
0 0.73025000 0.99550000 0.68175000 0.99116667 0.66900000 0.98550000 0.66462500 0.97666667 0.66687500 0.85833333 0.66037500 0.43033333 0.64887500 0.03800000 0.65037500 0.02166667 0.65825000 0.01283333 0.73275000 0.01416667 0.74750000 0.01750000 0.74962500 0.02466667 0.76587500 0.98300000 0.75975000 0.99216667
0 0.82100000 0.99966667 0.78275000 0.99966667 0.77412500 0.99033333 0.77062500 0.97100000 0.76862500 0.50566667 0.75562500 0.23866667 0.75162500 0.04033333 0.75637500 0.01000000 0.77325000 0.00016667 0.80575000 0.00016667 0.81362500 0.01266667 0.82387500 0.49766667 0.82487500 0.94066667 0.82862500 0.97866667
0 0.86375000 0.98083333 0.83100000 0.97516667 0.82762500 0.94066667 0.82537500 0.48766667 0.81737500 0.11133333 0.81837500 0.09800000 0.83025000 0.09416667 0.84575000 0.09483333 0.84987500 0.10000000 0.86562500 0.89133333 0.87012500 0.96933333 0.86962500 0.97866667
0 0.96150000 0.99966667 0.88350000 0.99966667 0.87487500 0.97466667 0.85862500 0.21933333 0.86437500 0.19366667 0.87850000 0.18150000 0.93050000 0.18050000 0.93712500 0.18866667
