0 0.023001095290251912 0.12029937933552391 0.0700985761226725 0.1276013143483023 0.07119386637458927 0.7760131434830229 0.0284775465498357 0.7716319824753559
0 0.39430449069003287 0.31745162468054033
0 0.07447973713033955 0.13636363636363635 0.1171960569550931 0.1349032493610807 0.1128148959474261 0.789156626506024 0.07557502738225629 0.78039430449069
0 0.12595837897042714 0.1392844103687477 0.16976998904709747 0.1407447973713034 0.16210295728368018 0.7920774005111354 0.11829134720700983 0.7862358525009127
0 0.17415115005476453 0.1349032493610807 0.21796276013143484 0.1451259583789704 0.20920043811610076 0.7979189485213581 0.16538882803943045 0.7979189485213581
0 0.2267250821467689 0.14950711938663747 0.2705366922234392 0.16119021540708287 0.2573932092004382 0.8125228185469149 0.2135815991237678 0.8008397225264695
0 0.27491785323110624 0.16119021540708287 0.32092004381161005 0.16411098941219424 0.30010952902519167 0.8183643665571376 0.2672508214676889 0.8154435925520263
0 0.33296823658269437 0.1670317634173056 0.3713033953997809 0.17141292442497263 0.3537787513691128 0.8242059145673604 0.30668127053669225 0.821285140562249
0 0.37787513691128144 0.17871485943775098 0.4238773274917853 0.1845564074479737 0.39649507119386634 0.8315078495801387 0.3559693318729463 0.8227455275648046
0 0.43263964950711936 0.183096020445418 0.47207009857612264 0.1845564074479737 0.44359255202628695 0.8417305585980285 0.4063526834611172 0.8402701715954728
0 0.4786418400876233 0.1903979554581964 0.5279299014238773 0.18601679445052938 0.49178532311062434 0.8563344286235851 0.4392113910186199 0.8446513326031398
0 0.7612267250821467 0.7949981745162468
0 0.5305740432612313 0.18635607321131445 0.5642678868552413 0.1930116472545757 0.5205906821963394 0.8668885191347754 0.48689683860232946 0.8618968386023295
0 0.5655158069883528 0.18635607321131445 0.5992096505823628 0.194675540765391 0.5542845257903495 0.8685524126455907 0.5230865224625625 0.8785357737104824
0 0.6017054908485857 0.19633943427620631 0.6291597337770383 0.20299500831946754 0.5854825291181365 0.8752079866888519 0.5617720465890184 0.8752079866888519
0 0.6329034941763727 0.20299500831946754 0.6653494176372714 0.20299500831946754 0.6204242928452579 0.8785357737104824 0.5879783693843594 0.8768718801996673
0 0.6678452579034942 0.2079866888519135 0.7002911813643927 0.2129783693843594 0.6528702163061565 0.8818635607321131 0.622920133111481 0.8835274542429284
0 0.7015391014975042 0.2129783693843594 0.7352329450915143 0.21797004991680533 0.6865640599001666 0.8868552412645591 0.6578618968386024 0.8801996672212978
0 0.7364808652246257 0.21797004991680533 0.7701747088186357 0.21630615640599002 0.719009983361065 0.8885191347753744 0.6878119800332779 0.8901830282861897
0 0.7701747088186357 0.21797004991680533 0.7938851913477538 0.22961730449251247 0.7477121464226291 0.8885191347753744 0.716514143094842 0.8901830282861897
0 0.7951331114808653 0.22628951747088188 0.8250831946755409 0.23294509151414308 0.7776622296173046 0.8818635607321131 0.752703826955075 0.8835274542429284
0 0.8413061564059902 0.23128119800332778 0.8675124792013312 0.2362728785357737 0.810108153078203 0.8918469217970051 0.7801580698835275 0.8935108153078203
0 0.884983361064892 0.2562396006655574 0.9835690515806988 0.2529118136439268 0.9748336106489186 0.908485856905158 0.8675124792013312 0.9068219633943428
