0 0.0 0.08818635607321132 0.05740432612312812 0.08818635607321132 0.17276760953965614 0.9284525790349418 0.0973377703826955 0.935108153078203 0.0 0.3560732113144759
0 0.07071547420965059 0.17138103161397672 0.21048252911813647 0.16638935108153077 0.30587909040488076 0.9417637271214643 0.17720465890183026 0.9467554076539102
0 0.21713810316139767 0.1630615640599002 0.30587909040488076 0.1630615640599002 0.37909040488075435 0.9434276206322795 0.31475318912922906 0.9384359400998336
0 0.32140876317249034 0.14143094841930115 0.4212423738214087 0.13976705490848587 0.47004991680532443 0.940099833610649 0.3835274542429285 0.9450915141430949
0 0.42567942318358293 0.1264559068219634 0.5255130338325014 0.12146422628951747 0.5632279534109818 0.9517470881863561 0.47448696616749864 0.9517470881863561
0 0.5676650027731559 0.12312811980033278 0.6519689406544648 0.12312811980033278 0.6386577925679423 0.9517470881863561 0.5654464780920688 0.9517470881863561
0 0.6564059900166389 0.13643926788685526 0.7495840266222962 0.13144758735440934 0.7296173044925125 0.9484193011647255 0.6430948419301166 0.9450915141430949
0 0.7540210759844703 0.1281198003327787 0.8272323904603439 0.12978369384359403 0.802828618968386 0.9550748752079867 0.7296173044925125 0.9550748752079867
0 0.8405435385468664 0.1630615640599002 0.9359400998336106 0.1630615640599002 0.9004437049362174 0.9550748752079867 0.802828618968386 0.9534109816971714
0 0.9403771491957849 0.13311148086522462 1.0 0.12978369384359403 0.9669994453688298 0.9633943427620633 0.9026622296173046 0.9650582362728786
