0 0.05533333 0.37462500 0.03666667 0.37412500 0.03383333 0.37250000 0.03116667 0.36675000 0.02816667 0.27900000 0.01616667 0.12675000 0.01716667 0.11950000 0.02133333 0.11737500 0.04133333 0.11737500 0.04350000 0.12175000 0.04516667 0.19450000 0.06050000 0.36850000 0.05983333 0.37325000
0 0.07933333 0.37512500 0.06233333 0.37362500 0.06016667 0.36400000 0.05450000 0.27600000 0.04850000 0.22475000 0.04383333 0.12475000 0.04383333 0.11925000 0.04833333 0.11712500 0.07700000 0.11812500 0.08483333 0.12200000 0.08650000 0.12550000 0.09716667 0.32725000 0.09683333 0.37000000 0.09583333 0.37325000 0.09266667 0.37462500
0 0.12333333 0.37512500 0.10366667 0.37412500 0.10050000 0.36800000 0.08716667 0.12825000 0.08816667 0.12350000 0.09200000 0.12187500 0.11233333 0.12212500 0.11550000 0.12525000 0.11950000 0.22425000 0.11816667 0.23125000 0.12550000 0.34475000 0.12616667 0.37325000
0 0.14533333 0.37537500 0.12866667 0.37437500 0.12516667 0.36425000 0.12316667 0.26075000 0.11616667 0.13575000 0.11616667 0.12300000 0.12166667 0.12037500 0.14366667 0.12062500 0.14750000 0.12300000 0.14850000 0.12725000 0.15183333 0.32050000 0.15516667 0.36225000 0.15450000 0.37300000 0.15066667 0.37512500
0 0.17466667 0.37512500 0.15833333 0.37512500 0.15483333 0.37325000 0.15450000 0.37050000 0.15250000 0.24000000 0.14783333 0.12275000 0.14966667 0.11912500 0.15600000 0.11837500 0.17700000 0.11912500 0.17983333 0.12425000 0.18083333 0.24050000 0.18616667 0.37325000
0 0.20533333 0.37562500 0.18900000 0.37512500 0.18616667 0.37325000 0.18583333 0.36950000 0.17950000 0.12450000 0.17983333 0.11900000 0.18366667 0.11712500 0.20966667 0.11837500 0.21316667 0.12025000 0.21483333 0.12450000 0.21883333 0.37325000 0.21666667 0.37487500
0 0.23833333 0.37512500 0.22100000 0.37387500 0.21916667 0.36550000 0.21450000 0.12300000 0.21666667 0.11987500 0.22100000 0.11912500 0.24066667 0.12037500 0.24550000 0.12300000 0.24583333 0.30850000 0.24916667 0.37125000 0.24766667 0.37387500
0 0.27566667 0.37562500 0.25900000 0.37562500 0.25016667 0.37325000 0.24616667 0.12550000 0.24716667 0.12200000 0.25166667 0.12037500 0.27266667 0.12037500 0.27850000 0.12325000 0.28083333 0.35950000 0.27983333 0.37250000
0 0.30333333 0.37587500 0.28533333 0.37537500 0.28116667 0.37325000 0.28216667 0.23450000 0.28016667 0.12425000 0.28150000 0.12150000 0.28633333 0.11937500 0.30700000 0.12012500 0.31150000 0.12200000 0.31250000 0.12625000 0.31350000 0.37300000 0.31100000 0.37537500
0 0.33566667 0.37662500 0.31866667 0.37612500 0.31450000 0.37250000 0.31316667 0.12275000 0.31833333 0.11912500 0.34200000 0.12037500 0.34483333 0.13250000 0.34516667 0.37225000 0.34200000 0.37587500
0 0.36533333 0.37637500 0.35000000 0.37612500 0.34683333 0.37400000 0.34616667 0.36950000 0.34683333 0.24300000 0.34416667 0.12325000 0.34550000 0.11925000 0.34966667 0.11762500 0.37366667 0.11837500 0.37716667 0.12225000 0.37583333 0.25750000 0.37750000 0.37225000 0.37433333 0.37562500
0 0.39800000 0.37612500 0.38133333 0.37562500 0.37850000 0.37075000 0.37783333 0.12400000 0.38100000 0.11812500 0.40466667 0.11812500 0.40866667 0.11912500 0.41016667 0.12200000 0.40950000 0.37225000 0.40600000 0.37537500
0 0.43533333 0.37562500 0.41233333 0.37537500 0.40950000 0.37300000 0.41083333 0.12275000 0.41400000 0.11912500 0.42300000 0.11812500 0.43966667 0.11812500 0.44250000 0.11925000 0.44450000 0.12300000 0.44216667 0.20650000 0.44216667 0.36900000 0.44116667 0.37400000
0 0.46066667 0.37637500 0.44700000 0.37562500 0.44216667 0.37250000 0.44450000 0.12275000 0.44800000 0.11887500 0.47133333 0.11862500 0.47550000 0.12300000 0.47383333 0.37300000 0.47033333 0.37587500
0 0.47900000 0.37537500 0.47416667 0.37300000 0.47550000 0.12175000 0.47933333 0.11437500 0.50233333 0.11387500 0.50750000 0.11550000 0.50850000 0.11925000 0.50716667 0.36925000 0.50616667 0.37375000 0.50266667 0.37512500
0 0.52433333 0.37587500 0.51000000 0.37562500 0.50750000 0.37300000 0.50716667 0.36575000 0.50883333 0.12275000 0.50916667 0.11525000 0.51400000 0.11237500 0.54100000 0.11287500 0.54616667 0.11550000 0.54716667 0.12050000 0.54283333 0.18075000 0.54050000 0.25850000 0.54016667 0.37100000 0.53733333 0.37537500
0 0.04900000 0.68762500 0.03900000 0.68687500 0.03583333 0.67800000 0.00383333 0.44125000 0.00350000 0.43575000 0.00633333 0.43287500 0.02533333 0.43062500 0.03950000 0.43175000 0.04783333 0.52575000 0.06583333 0.67025000 0.06483333 0.68600000
0 0.10066667 0.69162500 0.07300000 0.69012500 0.06783333 0.68550000 0.05483333 0.55350000 0.04816667 0.51200000 0.04250000 0.45275000 0.04466667 0.44912500 0.05766667 0.44612500 0.10800000 0.44662500 0.10983333 0.44750000 0.10916667 0.45125000 0.11183333 0.45625000 0.13216667 0.68575000 0.12833333 0.68987500 0.12500000 0.69062500
0 0.15000000 0.69162500 0.13733333 0.69037500 0.13383333 0.68175000 0.11316667 0.46950000 0.11516667 0.45700000 0.11900000 0.45387500 0.17766667 0.45212500 0.18050000 0.45875000 0.18283333 0.48125000 0.19883333 0.68700000 0.19700000 0.68937500 0.19233333 0.69037500
0 0.25200000 0.69137500 0.20466667 0.69037500 0.20050000 0.68850000 0.19950000 0.68600000 0.18216667 0.45800000 0.18216667 0.45125000 0.18666667 0.44712500 0.23666667 0.44587500 0.24150000 0.44825000 0.25416667 0.67050000 0.25416667 0.68900000
0 0.31500000 0.69387500 0.26600000 0.69337500 0.25866667 0.69137500 0.25616667 0.68825000 0.24216667 0.46025000 0.24416667 0.45475000 0.24833333 0.45312500 0.30666667 0.45287500 0.30916667 0.45600000 0.31883333 0.68625000 0.31883333 0.69025000
0 0.34366667 0.69487500 0.32400000 0.69412500 0.31983333 0.68800000 0.31116667 0.45125000 0.31366667 0.44837500 0.31766667 0.44737500 0.35400000 0.44612500 0.36933333 0.44862500 0.37350000 0.45475000 0.37816667 0.69000000 0.37600000 0.69287500 0.37200000 0.69387500
0 0.41600000 0.69737500 0.38466667 0.69612500 0.38016667 0.69225000 0.37383333 0.46050000 0.37383333 0.45125000 0.37733333 0.44837500 0.42866667 0.44787500 0.43283333 0.44975000 0.43483333 0.45475000 0.43750000 0.54875000 0.43683333 0.69125000 0.43583333 0.69450000 0.43200000 0.69662500
0 0.49433333 0.70162500 0.44366667 0.69862500 0.43983333 0.69375000 0.43716667 0.45425000 0.43850000 0.45075000 0.44333333 0.44887500 0.49066667 0.44862500 0.49633333 0.44987500 0.49916667 0.45400000 0.49883333 0.68650000 0.49783333 0.69775000
0 0.55300000 0.70487500 0.51366667 0.70262500 0.50433333 0.70087500 0.50050000 0.69775000 0.50083333 0.46600000 0.50150000 0.45175000 0.50600000 0.44887500 0.56100000 0.44987500 0.56516667 0.45400000 0.56350000 0.61225000 0.56016667 0.66550000 0.56216667 0.67350000 0.56016667 0.67775000 0.56150000 0.69875000 0.55866667 0.70312500
0 0.62166667 0.70737500 0.57266667 0.70612500 0.56683333 0.70175000 0.56583333 0.62125000 0.56883333 0.45500000 0.57066667 0.45087500 0.57633333 0.44962500 0.62966667 0.44987500 0.63483333 0.45450000 0.62916667 0.70100000 0.62850000 0.70525000
0 0.67433333 0.70987500 0.63866667 0.70862500 0.63383333 0.70550000 0.63283333 0.70250000 0.63750000 0.45525000 0.64000000 0.45112500 0.64600000 0.44962500 0.69533333 0.44937500 0.70133333 0.45012500 0.70416667 0.45450000 0.69416667 0.70200000 0.68966667 0.70862500
0 0.75200000 0.71187500 0.70100000 0.71012500 0.69616667 0.70525000 0.70450000 0.47425000 0.70616667 0.45400000 0.70900000 0.45062500 0.77166667 0.44987500 0.77583333 0.45150000 0.77816667 0.45525000 0.76583333 0.70450000 0.76333333 0.70962500
0 0.78766667 0.71012500 0.77200000 0.70912500 0.76716667 0.70500000 0.78116667 0.45850000 0.78250000 0.45550000 0.78633333 0.45462500 0.84600000 0.45612500 0.85116667 0.45900000 0.85183333 0.46400000 0.84450000 0.54125000 0.84350000 0.58125000 0.83416667 0.70575000 0.83066667 0.70987500
0 0.87066667 0.71412500 0.84600000 0.71312500 0.84050000 0.70900000 0.83783333 0.70200000 0.83950000 0.68950000 0.84216667 0.68575000 0.84116667 0.67350000 0.84316667 0.67025000 0.84183333 0.63750000 0.84483333 0.63500000 0.84550000 0.57700000 0.85116667 0.56850000 0.84883333 0.56175000 0.84983333 0.54700000 0.85183333 0.54875000 0.85083333 0.55275000 0.85366667 0.55537500 0.85616667 0.53350000 0.85850000 0.52850000 0.85850000 0.50575000 0.85616667 0.50200000 0.85816667 0.49000000 0.85750000 0.48775000 0.85416667 0.48675000 0.85683333 0.47550000 0.85583333 0.46675000 0.85850000 0.46300000 0.85716667 0.45900000 0.86200000 0.45012500 0.92000000 0.44837500 0.92433333 0.44962500 0.92816667 0.45350000 0.92883333 0.46475000 0.90616667 0.70775000 0.90483333 0.71150000 0.90066667 0.71387500
0 0.96766667 0.71712500 0.92400000 0.71587500 0.90900000 0.71312500 0.90750000 0.70950000 0.92916667 0.49700000 0.93116667 0.45900000 0.93566667 0.45537500 0.99966667 0.45675000 0.99966667 0.53750000 0.99750000 0.53975000 0.99050000 0.60500000 0.98816667 0.61125000 0.97916667 0.70225000 0.97516667 0.71475000
0 0.08033333 0.97162500 0.05800000 0.97012500 0.05416667 0.96675000 0.03516667 0.74825000 0.03716667 0.74225000 0.04277778 0.74250000 0.04166667 0.74291667 0.05222222 0.74416667 0.06111111 0.74625000 0.06444444 0.74541667 0.06666667 0.74875000 0.06583333 0.74825000 0.07350000 0.86525000 0.08216667 0.95875000 0.08250000 0.96725000
0 0.10733333 0.97487500 0.08800000 0.97387500 0.08283333 0.96900000 0.07633333 0.86675000 0.07033333 0.79400000 0.06550000 0.75175000 0.06850000 0.74425000 0.07566667 0.74300000 0.08033333 0.74625000 0.08533333 0.74400000 0.09300000 0.74200000 0.09233333 0.74475000 0.09100000 0.74450000 0.09433333 0.74500000 0.08033333 0.74450000 0.10083333 0.74175000 0.09383333 0.75325000 0.09566667 0.80900000 0.10216667 0.89650000 0.10916667 0.96450000
0 0.18466667 0.98112500 0.16500000 0.98112500 0.14933333 0.97937500 0.14650000 0.97875000 0.14316667 0.97475000 0.12883333 0.76650000 0.13016667 0.75425000 0.14266667 0.74537500 0.14700000 0.74962500 0.15333333 0.75137500 0.18600000 0.74962500 0.19050000 0.75200000 0.18750000 0.75600000 0.18750000 0.77125000 0.19550000 0.97500000 0.19333333 0.97962500
0 0.29300000 0.98862500 0.26000000 0.98737500 0.25750000 0.98300000 0.24850000 0.77350000 0.25350000 0.76325000 0.26000000 0.75787500 0.26366667 0.76062500 0.26733333 0.75812500 0.29533333 0.75912500 0.29900000 0.76062500 0.30333333 0.75937500 0.30700000 0.76112500 0.31066667 0.76062500 0.31216667 0.76375000 0.31616667 0.98375000 0.31400000 0.98737500
0 0.36566667 0.99087500 0.33100000 0.98962500 0.32066667 0.98762500 0.31816667 0.98400000 0.31350000 0.77100000 0.31866667 0.75387500 0.32183333 0.75600000 0.32233333 0.76087500 0.32866667 0.76012500 0.33016667 0.75625000 0.33433333 0.75537500 0.33766667 0.76087500 0.36200000 0.76112500 0.36583333 0.75550000 0.37333333 0.75037500 0.37516667 0.75200000 0.37383333 0.77075000 0.37483333 0.98550000 0.37133333 0.98987500
0 0.42866667 0.99312500 0.38833333 0.99212500 0.38233333 0.99062500 0.37850000 0.98675000 0.37550000 0.77050000 0.37583333 0.76375000 0.38100000 0.75537500 0.38366667 0.75587500 0.38783333 0.76000000 0.38616667 0.76375000 0.38866667 0.76437500 0.39016667 0.76375000 0.38950000 0.75975000 0.39266667 0.75712500 0.40833333 0.75937500 0.42033333 0.75937500 0.42016667 0.76150000 0.41550000 0.76375000 0.42400000 0.76537500 0.43016667 0.76375000 0.42983333 0.76000000 0.43166667 0.75837500 0.43566667 0.75762500 0.43650000 0.75900000 0.43416667 0.77450000 0.43383333 0.97900000 0.43316667 0.99075000
0 0.49633333 0.99975000 0.44566667 0.99975000 0.44500000 0.99787500 0.43950000 0.99675000 0.43550000 0.99025000 0.43583333 0.77850000 0.43916667 0.76550000 0.44483333 0.75975000 0.44316667 0.75525000 0.44716667 0.74900000 0.45133333 0.75037500 0.45533333 0.74412500 0.46200000 0.74262500 0.48266667 0.74312500 0.49883333 0.74875000 0.49950000 0.91975000 0.49816667 0.99000000
0 0.55600000 0.99975000 0.50083333 0.99975000 0.50050000 0.78700000 0.50216667 0.76400000 0.50600000 0.76087500 0.51133333 0.76312500 0.52233333 0.76212500 0.53000000 0.76362500 0.53733333 0.76237500 0.54283333 0.76375000 0.53800000 0.76787500 0.54900000 0.76987500 0.55283333 0.76825000 0.55283333 0.76400000 0.55783333 0.76100000 0.55816667 0.75225000 0.56066667 0.75037500 0.56216667 0.78150000
0 0.61666667 0.99975000 0.56016667 0.99975000 0.56350000 0.77725000 0.56450000 0.76775000 0.56866667 0.76212500 0.57600000 0.76537500 0.58000000 0.76312500 0.60000000 0.76337500 0.60766667 0.76637500 0.61166667 0.76312500 0.61933333 0.76462500 0.62300000 0.76012500 0.62516667 0.76750000
0 0.68333333 0.99975000 0.61883333 0.99975000 0.61783333 0.99375000 0.62016667 0.96800000 0.62550000 0.80025000 0.62683333 0.78525000 0.63100000 0.78137500 0.63933333 0.78187500 0.64300000 0.78062500 0.65366667 0.78312500 0.66200000 0.78212500 0.66766667 0.78362500 0.68233333 0.78087500 0.69383333 0.78725000 0.69150000 0.79100000 0.69350000 0.79425000 0.69283333 0.81775000 0.68716667 0.93300000 0.68283333 0.97850000
0 0.74233333 0.99975000 0.68450000 0.99975000 0.69350000 0.80225000 0.69733333 0.77387500 0.70133333 0.77562500 0.70966667 0.77512500 0.75133333 0.77912500 0.75483333 0.78275000 0.74916667 0.90050000 0.74216667 0.97550000
0 0.80633333 0.99975000 0.74683333 0.99975000 0.75583333 0.80500000 0.76000000 0.77737500 0.80300000 0.77837500 0.81100000 0.77912500 0.81466667 0.78162500 0.81833333 0.77962500 0.82016667 0.78250000 0.82083333 0.79750000 0.81683333 0.83425000
0 0.87533333 0.99975000 0.80783333 0.99975000 0.82216667 0.79150000 0.82650000 0.77700000 0.83033333 0.77437500 0.83800000 0.77312500 0.84633333 0.77412500 0.86600000 0.77212500 0.88100000 0.77337500 0.88950000 0.78350000 0.89150000 0.79075000
0 0.94133333 0.99975000 0.87583333 0.99975000 0.88683333 0.87975000 0.89250000 0.79400000 0.89666667 0.78987500 0.91600000 0.79237500 0.95133333 0.79237500 0.95866667 0.79312500 0.96050000 0.79500000 0.96050000 0.81150000 0.95716667 0.83350000 0.95283333 0.89300000 0.94550000 0.94750000
0 0.99966667 0.99975000 0.94316667 0.99975000 0.96283333 0.80200000 0.96700000 0.79287500 0.97500000 0.79287500 0.97800000 0.79087500 0.97983333 0.79125000 0.98066667 0.79512500 0.99966667 0.79700000
0 0.13266667 0.98087500 0.11533333 0.98012500 0.10950000 0.97475000 0.09483333 0.75575000 0.09916667 0.74725000 0.10766667 0.74712500 0.11133333 0.74187500 0.12300000 0.74187500 0.12700000 0.74387500 0.13033333 0.74262500 0.13183333 0.74375000 0.12816667 0.74925000 0.12716667 0.75800000 0.14150000 0.96625000 0.14150000 0.97850000 0.13900000 0.98037500
0 0.24833333 0.98662500 0.20700000 0.98462500 0.20133333 0.98312500 0.19850000 0.97875000 0.18916667 0.76550000 0.19183333 0.76000000 0.19150000 0.75600000 0.19366667 0.75387500 0.19750000 0.75500000 0.19583333 0.75975000 0.19733333 0.76062500 0.22500000 0.76112500 0.23233333 0.76312500 0.24100000 0.76062500 0.24583333 0.76425000 0.24950000 0.81075000 0.25350000 0.96500000 0.25350000 0.98300000
