0 0.009376125937109663 0.014950174412438363 0.05062612593710966 0.011616841079105029 0.028126125937109663 0.9882835077457717 0.0 0.9949501744124383
0 0.055626125937109666 0.0 0.09937612593710966 0.0 0.08562612593710967 0.9982835077457717 0.02687612593710966 0.9982835077457717
0 0.10562612593710967 0.0 0.15062612593710967 0.001616841079105029 0.13687612593710966 0.996616841079105 0.08812612593710967 1.0
0 0.15562612593710967 0.0 0.17937612593710967 0.0 0.17062612593710966 1.0 0.14187612593710966 1.0
0 0.18937612593710967 0.0 0.21437612593710967 0.0 0.20187612593710966 0.9982835077457717 0.17312612593710966 0.9999501744124383
0 0.21812612593710967 0.001616841079105029 0.24562612593710967 0.0 0.23312612593710966 0.996616841079105 0.20437612593710966 0.996616841079105
0 0.24562612593710967 0.054950174412438366 0.27187612593710964 0.053283507745771695 0.26437612593710963 0.9982835077457717 0.23437612593710966 0.9982835077457717
0 0.2806261259371096 0.0 0.32562612593710966 0.001616841079105029 0.31062612593710964 0.996616841079105 0.26562612593710966 1.0
0 0.3243761259371096 0.008283507745771695 0.4368761259371096 0.001616841079105029 0.44062612593710965 1.0 0.31062612593710964 0.9999501744124383
0 0.4468761259371096 0.003283507745771696 0.5706261259371096 0.008283507745771695 0.5706261259371096 0.996616841079105 0.44062612593710965 1.0
0 0.5806261259371096 0.008283507745771695 0.6431261259371096 0.01661684107910503 0.6356261259371095 0.9999501744124383 0.5768761259371096 0.9982835077457717
0 0.6506261259371096 0.04161684107910503 0.7293761259371095 0.044950174412438364 0.7281261259371096 1.0 0.6418761259371096 1.0
0 0.7356261259371096 0.001616841079105029 0.7906261259371096 0.0 0.7831261259371096 1.0 0.7293761259371095 0.9999501744124383
0 0.7906261259371096 0.0 0.8243761259371096 0.0 0.8293761259371096 0.9982835077457717 0.7818761259371095 1.0
0 0.8306261259371096 0.0 0.8906261259371095 0.0 0.8906261259371095 1.0 0.8293761259371096 1.0
0 0.8931261259371096 0.04328350774577169 1.0 0.053283507745771695 1.0 0.996616841079105 0.8918761259371096 0.9999501744124383
