0 0.0 0.09421000981354272 0.02195780176643766 0.09322865554465161 0.04551030421982339 0.4926398429833169 0.01901373895976449 0.4916584887144259
0 0.04845436702649655 0.09421000981354272 0.07936702649656528 0.09715407262021593 0.08967124631992152 0.49558390578999006 0.060230618253189455 0.4975466143277723
0 0.08746319921491662 0.10107948969578016 0.11616781157998035 0.10402355250245339 0.12500000000000003 0.4975466143277723 0.09703140333660452 0.49558390578999006
0 0.12131992149165852 0.10794896957801772 0.1470804710500491 0.10893032384690872 0.15664867517173697 0.49656526005888113 0.12573601570166834 0.49558390578999006
0 0.1514965652600589 0.10991167811579981 0.17946516192345438 0.11187438665358193 0.18388125613346423 0.4995093228655546 0.15812070657507357 0.4995093228655546
0 0.18461727183513255 0.11285574092247305 0.21258586849852804 0.11579980372914617 0.21332188420019632 0.5034347399411186 0.1875613346418058 0.5004906771344457
0 0.21479391560353286 0.11383709519136415 0.24055446516192353 0.11776251226692837 0.24276251226692844 0.5063788027477919 0.2155299313052012 0.5044160942100098
0 0.244346990358737 0.11874946691981482 0.27249032136522056 0.11923054950112216 0.27068626168531784 0.5065020274535881 0.244346990358737 0.5055398622909733
0 0.2771808765329679 0.12163596240765927 0.30279852398758744 0.12404137531419629 0.2991904046277819 0.5098696055227399 0.2760984407250261 0.5055398622909733
0 0.3038809597955292 0.11923054950112216 0.3316634788660321 0.12211704498896661 0.3269729236982848 0.5122750184292769 0.3009944643076847 0.5113128532666621
0 0.3363540340337794 0.1298143662898852 0.3637757411683018 0.13510627468426678 0.3580027501926129 0.5161236790797362 0.33022023112210985 0.5156425964984289
0 0.365218988912224 0.1264467882207333 0.393001507982727 0.12885220112727042 0.38542445732713526 0.517085844242351 0.3605284337444768 0.5141993487545066
0 0.3976920631504743 0.13077653145249998 0.42367052254107446 0.1322197791964223 0.4121245405896966 0.5151615139171214 0.38831095281497974 0.5161236790797362
0 0.4265570180289189 0.13270086177772975 0.45325710129148017 0.13606843984688155 0.4402678715961801 0.5190101745675807 0.4157326599495021 0.5166047616610436
0 0.4579476564592274 0.13366302694034454 0.4839261158498277 0.13703060500949646 0.46841120260266367 0.5209345048928103 0.44243274321206344 0.518048009404966
0 0.48969910682551654 0.13847385275341867 0.513873506536214 0.1399171004973409 0.49547209780120555 0.5214155874741178 0.4720193219624692 0.5190101745675807
0 0.5182032497679806 0.13799277017211123 0.5441817091585808 0.14136034824126312 0.5239762407436696 0.5243020829619622 0.4979977813530694 0.5228588352180399
0 0.5495938881982892 0.14232251340387791 0.5744899117809478 0.1442468437291076 0.550676324006231 0.525264248124577 0.5265019242955336 0.5238210003806549
0 0.579180466948695 0.14472792631041492 0.6040764905313536 0.14713333921695204 0.5762939714608506 0.5257453307058845 0.5517587598141726 0.5238210003806549
0 0.6087670456991008 0.1442468437291076 0.6329414454097984 0.14761442179825937 0.6055197382752758 0.5300750739376511 0.5806237146926172 0.5267074958684993
0 0.6387144363854872 0.14713333921695204 0.6639712719041262 0.14953875212348905 0.6329414454097984 0.5300750739376511 0.6105711053790036 0.5291129087750365
0 0.6679402031999121 0.15194416503002608 0.6921146029106097 0.15194416503002608 0.6592807167363791 0.5315183216815734 0.6351063170256815 0.5276696610311141
0 0.697526781950318 0.15434957793656318 0.7235052413409182 0.15483066051787053 0.6863416119349208 0.5339237345881104 0.6621672122242234 0.5305561565189585
0 0.7332471636123935 0.1533874127739484 0.7585039991310324 0.15723607342440765 0.7166498145572876 0.5353669823320326 0.6931970387185515 0.5329615694254957
0 0.7642086818316435 0.15589578722494085 0.7902796876166046 0.15924627792822904 0.7437916291084811 0.5382705387377041 0.718977057337253 0.534920048034416
0 0.7949913151681037 0.157989843914496 0.8191776699324653 0.16259676863151723 0.7717472859140417 0.5391081614135261 0.7485032566599802 0.534920048034416
0 0.8207482124496314 0.16050271194196208 0.8474474352414592 0.16469082532107238 0.7984465087058695 0.5391081614135261 0.7752024794518078 0.536176482048149
0 0.8524731712963913 0.1613403346177842 0.8791723940882191 0.16427201398316132 0.8282868165320298 0.5391081614135261 0.8053568957814013 0.536176482048149
0 0.8860827811637509 0.16092152327987314 0.9130961124590119 0.16301557996942828 0.8606399923856564 0.5428774634547254 0.8373959631315946 0.5395269727514372
0 0.9222052590585766 0.16092152327987314 0.9457633968160715 0.16552844799689437 0.8914226257221163 0.5453903314821915 0.8688068134749213 0.5399457840893482
0 0.947333939333238 0.16385320264525027 0.9705779685872996 0.16846012736227153 0.9149807634796114 0.5428774634547254 0.8939354937495826 0.5412022181030812
0 0.9774883556628315 0.16552844799689437 1.0 0.16636607067271642 1.0 0.19484524165066594 0.9514173498778704 0.5449715201442805 0.9297438631409749 0.5428774634547254
0 0.01979479859325652 0.5938138758002656 0.0581418785612557 0.595092111799199 0.07411982854792203 0.9333985728502139 0.03449451258098954 0.9359550448480805
0 0.0629352635572556 0.5976485837970655 0.10096278452552146 0.5976485837970655 0.11054955451752124 0.9299899435197251 0.07539806454685534 0.9316942581849695
0 0.10351925652338806 0.6019093704601766 0.13739251049512066 0.6006311344612433 0.14538148548845384 0.9325464155175918 0.11214734951618788 0.9359550448480805
0 0.14090765949218725 0.6014832917938654 0.17701782646205316 0.6040397637917321 0.18149165245831972 0.9380854381796361 0.1485770754857871 0.9359550448480805
0 0.1824503294575197 0.6053179997906653 0.21664314242898564 0.6044658424580431 0.2172822604284523 0.9342507301828361 0.18468724245565302 0.9393636741785693
0 0.21824093742765227 0.6036136851254209 0.2533924273983182 0.6057440784569764 0.25467066339725153 0.9423462248427471 0.22111696842525222 0.9393636741785693
0 0.25754669439485145 0.6074483931222209 0.2898221533679174 0.6091527077874652 0.28886347636871745 0.9423462248427471 0.2562684583959181 0.9423462248427471
0 0.29685245136205063 0.6095787864537764 0.3316843823329832 0.612135258451643 0.32529320233831666 0.9397897528448804 0.2939764203644507 0.9393636741785693
0 0.3348799723303164 0.6091527077874652 0.3665163133039158 0.6095787864537764 0.358846897310316 0.9355289661817694 0.3294474693348499 0.9368072021807028
0 0.36971190330124903 0.6155438877821318 0.4042242752724483 0.6151178091158207 0.3943179462807152 0.9470330901721692 0.3607642513087159 0.9500156408363468
0 0.4077394242695149 0.6146917304495095 0.4428909142401808 0.6176742811136873 0.43010855425084776 0.9491634835037247 0.3968744182785818 0.9495895621700358
0 0.4454473862380474 0.6189525171126207 0.47964019920951334 0.6202307531115538 0.4662187212207136 0.9487374048374135 0.43202590824924775 0.9491634835037247
0 0.48347490720631325 0.6198046744452428 0.5160699251791127 0.6219350677767983 0.5007310931919129 0.9525721128342135 0.4687751932185803 0.9529981915005247
0 0.5186263971769792 0.620656831777865 0.5524996511487118 0.6223611464431095 0.5365217011620455 0.9525721128342135 0.5029680061900462 0.9517199555015912
0 0.5560148001457784 0.6232133037757316 0.5892489361180444 0.624491539774665 0.5710340731332447 0.950867798168969 0.5390781731599121 0.950441719502658
0 0.5921249671156442 0.624491539774665 0.6240808670889769 0.6257697757735982 0.6052268861047108 0.950441719502658 0.5726318681319114 0.950867798168969
0 0.6275960160860435 0.6253436971072871 0.6614692700577762 0.6257697757735982 0.6403783760753766 0.9512938768352801 0.6068246811033773 0.9483113261711025
0 0.6646648600551095 0.6261958544399093 0.6991772320263088 0.6304566411030204 0.6745711890468427 0.9529981915005247 0.6429348480732432 0.9512938768352801
0 0.703331499022842 0.6291784051040871 0.7359265169956414 0.6313087984356426 0.7097226790175085 0.9568328994973244 0.6777667790441759 0.954702506165769
0 0.7391221069929745 0.6313087984356426 0.7736344789641738 0.6330131131008869 0.7455132869876411 0.9572589781636355 0.7125987100151085 0.9568328994973244
0 0.7765105099617737 0.6330131131008869 0.8126206769316396 0.6342913490998203 0.7819430129572403 0.9649283941572354 0.7480697589855078 0.9606676074941244
0 0.8177336209273729 0.6398303717618646 0.8551220238961721 0.6423868437597312 0.8218878879239061 0.9734499674834576 0.7892928699511068 0.9708934954855909
0 0.8592762908927053 0.6440911584249756 0.8918713088655046 0.6440911584249756 0.8557611418956387 0.9725978101508352 0.824763918921506 0.9700413381529687
0 0.8937886628639046 0.6449433157575979 0.9289401528345705 0.64579547309022 0.8918713088655046 0.9725978101508352 0.859915408892172 0.9683370234877243
0 0.9321357428319038 0.6432390010923534 0.9692045868009697 0.6470737090891533 0.9292597118343039 0.9734499674834576 0.8979429298604379 0.9730238888171464
