0 0.05675000 0.46016667 0.02500000 0.46016667 0.02012500 0.45533333 0.02087500 0.44366667 0.01837500 0.43933333 0.01487500 0.36900000 0.00362500 0.05566667 0.00237500 0.03900000 0.00012500 0.03800000 0.00025000 0.00016667 0.04912500 0.00033333 0.04762500 0.06100000 0.05037500 0.16700000 0.05737500 0.25133333 0.05987500 0.39866667 0.06112500 0.42866667 0.06337500 0.43566667 0.05962500 0.44333333 0.06037500 0.45133333
0 0.10425000 0.46083333 0.07175000 0.46016667 0.06862500 0.45433333 0.05487500 0.06200000 0.05525000 0.00016667 0.09875000 0.00016667 0.10287500 0.02533333 0.10137500 0.03366667 0.10837500 0.32100000 0.11362500 0.44966667 0.11125000 0.45883333
0 0.14450000 0.46016667 0.11975000 0.45983333 0.11737500 0.45566667 0.10712500 0.08800000 0.10725000 0.00016667 0.14100000 0.00016667 0.14787500 0.00533333 0.14987500 0.01300000 0.14887500 0.02566667 0.15162500 0.04866667 0.15812500 0.27933333 0.16112500 0.45500000 0.15600000 0.45950000
0 0.19800000 0.45983333 0.17025000 0.45850000 0.16737500 0.45533333 0.16487500 0.44000000 0.15637500 0.05600000 0.15787500 0.01766667 0.16175000 0.01483333 0.19350000 0.01683333 0.19787500 0.04633333 0.20637500 0.43566667 0.20537500 0.45433333 0.20200000 0.45916667
0 0.21900000 0.45950000 0.21300000 0.45916667 0.20937500 0.45533333 0.20812500 0.43066667 0.20037500 0.07366667 0.20037500 0.02566667 0.20250000 0.02283333 0.21575000 0.02116667 0.22800000 0.02150000 0.23737500 0.02533333 0.23812500 0.14800000 0.24487500 0.42800000 0.24400000 0.45716667
0 0.27975000 0.46150000 0.24950000 0.46083333 0.24612500 0.45633333 0.23812500 0.04966667 0.23837500 0.02700000 0.24075000 0.02283333 0.27175000 0.02416667 0.27550000 0.02550000 0.27687500 0.02900000 0.28287500 0.45266667 0.28262500 0.45933333
0 0.31075000 0.46416667 0.28775000 0.46283333 0.28462500 0.45566667 0.27862500 0.03000000 0.27937500 0.02600000 0.28200000 0.02450000 0.31425000 0.02516667 0.31787500 0.02966667 0.32137500 0.45900000 0.31950000 0.46316667
0 0.34325000 0.46716667 0.32350000 0.46383333 0.32162500 0.44733333 0.31937500 0.02866667 0.32250000 0.02416667 0.35812500 0.02600000 0.36012500 0.44866667 0.35937500 0.46300000 0.35750000 0.46583333
0 0.40050000 0.46850000 0.37325000 0.46783333 0.36987500 0.46333333 0.36837500 0.44833333 0.35962500 0.03766667 0.36062500 0.02566667 0.36475000 0.02416667 0.39700000 0.02516667 0.39862500 0.02966667 0.40562500 0.45300000 0.40512500 0.46633333
0 0.44375000 0.47250000 0.41225000 0.47050000 0.40912500 0.46666667 0.40712500 0.45200000 0.40412500 0.02800000 0.40737500 0.01666667 0.41225000 0.01416667 0.44375000 0.01650000 0.44762500 0.02566667 0.44762500 0.46900000
0 0.47875000 0.47150000 0.45100000 0.47116667 0.44862500 0.46466667 0.45012500 0.10300000 0.44812500 0.03100000 0.45100000 0.02416667 0.48250000 0.02616667 0.48562500 0.02933333 0.48387500 0.46700000
0 0.51700000 0.47783333 0.49500000 0.47616667 0.49212500 0.46800000 0.49487500 0.39266667 0.49137500 0.37333333 0.49112500 0.35766667 0.49512500 0.34733333 0.49512500 0.32933333 0.49337500 0.32633333 0.49537500 0.31466667 0.49337500 0.29533333 0.49562500 0.26933333 0.49387500 0.24366667 0.49637500 0.23666667 0.49712500 0.22133333 0.49512500 0.21366667 0.49637500 0.20233333 0.49412500 0.19766667 0.49537500 0.18966667 0.49312500 0.18166667 0.49437500 0.17366667 0.49837500 0.17133333 0.49887500 0.16466667 0.49912500 0.01366667 0.50100000 0.00983333 0.50500000 0.00916667 0.53700000 0.01316667 0.53887500 0.02033333 0.53137500 0.47466667 0.52825000 0.47750000
0 0.55800000 0.47716667 0.53675000 0.47716667 0.53212500 0.47466667 0.53837500 0.16866667 0.53887500 0.04833333 0.53987500 0.02566667 0.54225000 0.02083333 0.57150000 0.02450000 0.57412500 0.02866667 0.56712500 0.46800000 0.56575000 0.47583333
0 0.59950000 0.47883333 0.57575000 0.47816667 0.57075000 0.47616667 0.56937500 0.47200000 0.57212500 0.27233333 0.57562500 0.17266667 0.57537500 0.05266667 0.57737500 0.02566667 0.58350000 0.02250000 0.61300000 0.02483333 0.61787500 0.02933333 0.60862500 0.47466667
0 0.64025000 0.48116667 0.61350000 0.47883333 0.61087500 0.47433333 0.61062500 0.46466667 0.61987500 0.05433333 0.62162500 0.02633333 0.63050000 0.01950000 0.66225000 0.02316667 0.66562500 0.02900000 0.65312500 0.47666667 0.65050000 0.48083333
0 0.67325000 0.48050000 0.65725000 0.48016667 0.65387500 0.47700000 0.66512500 0.06566667 0.66587500 0.05300000 0.66862500 0.04900000 0.66812500 0.02966667 0.67000000 0.02750000 0.69775000 0.03316667 0.69912500 0.05666667 0.68912500 0.47366667 0.68600000 0.48016667
0 0.72675000 0.48116667 0.69625000 0.48116667 0.69112500 0.47866667 0.69937500 0.21566667 0.70162500 0.03966667 0.70250000 0.03316667 0.71150000 0.02950000 0.73675000 0.03216667 0.74050000 0.03350000 0.74212500 0.03733333 0.73887500 0.05633333 0.73087500 0.47533333 0.73037500 0.47900000
0 0.74975000 0.48250000 0.73600000 0.48216667 0.73162500 0.47866667 0.74287500 0.04133333 0.74337500 0.03666667 0.74775000 0.03383333 0.77550000 0.03650000 0.77787500 0.04100000 0.76987500 0.34300000 0.76612500 0.41200000 0.76587500 0.47866667 0.76100000 0.48183333
0 0.76950000 0.48050000 0.76550000 0.47950000 0.76487500 0.47466667 0.77112500 0.33833333 0.77812500 0.04466667 0.77925000 0.04283333 0.80225000 0.04416667 0.80675000 0.04550000 0.80837500 0.05033333 0.79612500 0.47366667 0.79175000 0.47950000
0 0.82925000 0.48016667 0.80300000 0.47983333 0.79762500 0.47466667 0.80912500 0.06933333 0.81262500 0.04533333 0.81675000 0.04083333 0.82225000 0.03950000 0.84450000 0.04083333 0.85212500 0.04500000 0.83862500 0.47466667 0.83600000 0.47916667
0 0.86300000 0.48083333 0.84187500 0.47800000 0.84087500 0.43900000 0.85287500 0.07633333 0.85587500 0.06100000 0.85437500 0.04500000 0.85775000 0.04016667 0.87325000 0.03883333 0.88975000 0.04083333 0.89412500 0.04566667 0.89012500 0.12233333 0.88262500 0.47466667 0.87875000 0.47983333
0 0.90425000 0.48116667 0.88450000 0.47983333 0.88287500 0.47833333 0.88287500 0.47033333 0.88687500 0.40000000 0.89462500 0.04933333 0.89600000 0.04416667 0.90525000 0.04050000 0.93050000 0.04483333 0.93112500 0.06166667 0.91862500 0.47600000 0.91600000 0.48083333
0 0.95200000 0.48283333 0.92400000 0.48183333 0.91937500 0.47866667 0.93062500 0.15366667 0.93162500 0.06866667 0.93412500 0.04500000 0.94600000 0.04216667 0.96775000 0.04350000 0.97212500 0.04966667 0.96212500 0.30633333 0.95787500 0.47200000 0.95662500 0.48033333
0 0.12875000 0.99966667 0.10250000 0.99966667 0.10162500 0.99500000 0.07962500 0.60933333 0.07987500 0.57633333 0.09600000 0.56850000 0.11000000 0.56616667 0.11525000 0.56783333 0.11612500 0.57166667 0.10687500 0.59066667 0.10612500 0.60600000 0.11387500 0.77166667
0 0.15875000 0.99966667 0.13237500 0.99966667 0.12612500 0.90966667 0.12112500 0.78533333 0.11912500 0.77733333 0.11087500 0.64400000 0.10912500 0.58833333 0.11425000 0.58350000 0.12350000 0.58183333 0.13025000 0.57616667 0.14037500 0.57633333 0.13812500 0.60766667
0 0.18050000 0.99966667 0.15975000 0.99966667 0.15912500 0.98233333 0.15637500 0.97000000 0.15562500 0.91900000 0.13987500 0.61166667 0.14137500 0.58466667 0.14625000 0.57716667 0.16250000 0.57750000 0.16662500 0.58033333 0.16412500 0.58900000 0.16362500 0.60400000 0.17187500 0.78066667 0.17412500 0.88300000
0 0.20500000 0.99966667 0.18187500 0.99966667 0.16537500 0.62333333 0.16587500 0.58933333 0.17375000 0.58016667 0.18675000 0.58016667 0.19062500 0.58566667 0.19162500 0.59600000 0.19537500 0.75600000 0.19912500 0.81033333
0 0.23150000 0.99966667 0.20737500 0.99966667 0.19312500 0.63200000 0.19337500 0.59000000 0.19687500 0.58033333 0.20050000 0.57883333 0.22037500 0.58033333 0.21887500 0.59233333 0.22187500 0.65266667 0.22312500 0.75666667
0 0.25800000 0.99966667 0.23262500 0.99966667 0.22137500 0.60100000 0.22262500 0.58433333 0.22475000 0.58083333 0.24425000 0.58083333 0.24712500 0.58800000
0 0.28075000 0.99966667 0.25875000 0.99966667 0.25787500 0.99466667 0.25887500 0.98266667 0.24762500 0.58633333 0.24850000 0.58150000 0.25475000 0.57916667 0.27125000 0.57916667 0.27412500 0.59033333
0 0.30475000 0.99966667 0.28312500 0.99966667 0.27937500 0.84966667 0.27837500 0.68166667 0.27512500 0.61066667 0.27675000 0.60583333 0.28062500 0.60366667 0.27950000 0.60083333 0.27537500 0.60100000 0.27537500 0.59600000 0.28350000 0.58683333 0.29500000 0.58416667 0.29812500 0.60700000 0.30012500 0.81900000 0.30312500 0.85700000
0 0.33100000 0.99966667 0.30875000 0.99966667 0.30787500 0.99433333 0.30262500 0.81900000 0.29912500 0.60900000 0.30012500 0.58400000 0.30275000 0.58116667 0.32125000 0.58116667 0.32412500 0.58766667
0 0.35775000 0.99966667 0.33462500 0.99966667 0.32887500 0.81533333 0.32512500 0.60166667 0.32625000 0.58183333 0.34600000 0.58083333 0.34987500 0.59066667 0.34812500 0.60366667 0.34987500 0.61700000 0.35137500 0.76366667
0 0.38175000 0.99966667 0.35950000 0.99966667 0.35812500 0.97100000 0.35162500 0.61100000 0.35375000 0.59283333 0.35800000 0.59450000 0.36525000 0.59183333 0.36650000 0.58783333 0.37125000 0.58550000 0.37387500 0.58833333 0.37487500 0.60633333 0.37562500 0.76366667
0 0.40875000 0.99966667 0.38412500 0.99966667 0.37587500 0.61400000 0.37687500 0.59266667 0.38100000 0.58683333 0.39825000 0.58683333 0.40062500 0.60333333
0 0.43300000 0.99966667 0.41162500 0.99966667 0.40212500 0.62600000 0.40212500 0.59166667 0.40450000 0.58750000 0.42075000 0.58716667 0.42387500 0.59200000 0.42662500 0.77233333
0 0.45700000 0.99966667 0.43425000 0.99966667 0.43387500 0.99733333 0.42487500 0.60800000 0.42512500 0.59433333 0.42775000 0.58683333 0.44450000 0.58650000 0.44725000 0.58750000 0.44862500 0.59200000 0.45087500 0.78033333 0.45312500 0.80900000
0 0.48275000 0.99966667 0.46025000 0.99966667 0.45937500 0.99433333 0.44987500 0.62766667 0.45125000 0.58783333 0.47125000 0.58783333 0.47437500 0.59533333
0 0.50750000 0.99966667 0.48387500 0.99966667 0.48112500 0.78700000 0.47787500 0.72866667 0.47587500 0.61866667 0.47687500 0.59366667 0.48625000 0.58783333 0.49475000 0.58850000 0.49837500 0.59200000 0.49937500 0.59666667
0 0.53175000 0.99966667 0.50862500 0.99966667 0.50012500 0.60733333 0.50062500 0.59233333 0.50225000 0.58983333 0.52175000 0.59050000 0.52487500 0.60300000
0 0.55475000 0.99966667 0.53375000 0.99966667 0.53312500 0.99600000 0.52512500 0.59766667 0.52825000 0.59183333 0.54100000 0.58916667 0.54612500 0.59366667 0.54737500 0.61633333
0 0.58050000 0.99966667 0.55637500 0.99966667 0.54787500 0.59933333 0.54900000 0.59083333 0.55675000 0.58950000 0.56850000 0.58950000 0.57212500 0.59333333 0.57337500 0.59866667
0 0.59550000 0.99966667 0.58187500 0.99966667 0.57312500 0.61433333 0.57387500 0.59200000 0.57600000 0.58983333 0.58025000 0.59450000 0.58462500 0.59400000 0.58637500 0.60766667
0 0.58981481 0.60987654 0.60972222 0.60555556 0.61898148 0.99567901 0.59490741 0.99938272
0 0.61157407 0.60925926 0.62870370 0.60432099 0.64120370 0.99259259 0.61944444 0.99814815
0 0.63796296 0.61543210 0.65925926 0.60802469 0.66481481 0.99691358 0.64444444 0.99814815
0 0.66342593 0.62345679 0.69074074 0.61913580 0.69444444 0.99629630 0.67129630 0.99506173 0.66296296 0.63086420
0 0.69490741 0.62222222 0.71435185 0.61419753 0.71851852 0.99753086 0.69814815 0.99753086 0.69490741 0.62901235
0 0.73875000 0.99966667 0.72200000 0.99966667 0.72137500 0.99433333 0.71562500 0.63500000 0.71687500 0.61533333 0.72700000 0.60883333 0.73225000 0.61083333 0.73737500 0.62233333 0.73587500 0.64766667
0 0.76125000 0.99966667 0.73950000 0.99966667 0.73887500 0.99500000 0.73987500 0.95833333 0.73637500 0.62766667 0.74050000 0.61283333 0.74775000 0.61383333 0.75175000 0.61016667 0.75612500 0.61200000 0.76062500 0.62266667 0.75937500 0.69533333
0 0.78750000 0.99966667 0.76262500 0.99966667 0.76212500 0.62333333 0.76487500 0.61933333 0.76312500 0.61666667 0.76362500 0.61300000 0.77150000 0.60950000 0.77962500 0.61133333 0.77425000 0.61583333 0.78725000 0.61816667 0.78987500 0.62300000 0.78787500 0.67933333
0 0.80900000 0.99966667 0.78887500 0.99966667 0.78937500 0.92400000 0.79212500 0.85833333 0.79012500 0.72733333 0.79162500 0.70133333 0.79062500 0.62466667 0.79125000 0.62050000 0.80225000 0.61683333 0.81075000 0.61916667 0.81212500 0.62533333 0.80937500 0.68933333 0.81062500 0.72100000 0.80812500 0.89133333
0 0.83800000 0.99966667 0.81025000 0.99966667 0.80987500 0.99566667 0.81262500 0.63166667 0.81462500 0.61933333 0.81975000 0.61616667 0.82175000 0.61150000 0.83800000 0.62016667 0.83962500 0.62733333
0 0.85900000 0.99966667 0.83837500 0.99966667 0.84137500 0.61966667 0.84012500 0.61533333 0.84300000 0.61350000 0.84500000 0.61583333 0.84900000 0.61550000 0.84612500 0.61166667 0.84800000 0.61116667 0.85362500 0.61166667 0.85050000 0.61550000 0.86150000 0.61616667 0.86362500 0.62333333 0.86087500 0.68933333 0.85837500 0.90800000
0 0.88550000 0.99966667 0.86025000 0.99966667 0.85987500 0.99500000 0.86412500 0.62700000 0.86575000 0.62116667 0.87775000 0.62016667 0.88725000 0.62050000 0.89012500 0.62500000
0 0.91150000 0.99966667 0.88637500 0.99966667 0.89112500 0.62700000 0.89275000 0.62250000 0.90450000 0.61983333 0.91225000 0.61983333 0.91600000 0.62283333 0.91712500 0.63266667 0.91537500 0.68000000 0.91512500 0.79166667 0.91137500 0.90433333
0 0.93425000 0.99966667 0.91225000 0.99966667 0.91187500 0.99566667 0.91312500 0.96733333 0.91187500 0.89300000 0.91612500 0.72266667 0.91562500 0.68566667 0.91787500 0.62633333 0.92400000 0.61883333 0.93575000 0.61916667 0.93962500 0.62366667 0.94037500 0.63066667 0.94062500 0.71866667 0.93712500 0.83100000 0.93512500 0.84933333 0.93662500 0.89400000 0.93487500 0.91933333
0 0.94259259 0.62777778 0.96481481 0.62098765 0.95787037 0.99691358 0.93518519 0.99876543
0 0.96805556 0.62345679 0.98611111 0.62037037 0.98101852 0.99938272 0.96111111 0.99938272
