0 0.0 0.12081339712918661 0.04022129186602874 0.1255980861244019 0.07431220095693783 0.8074162679425837 0.01599880382775123 0.8145933014354066 0.0 0.5059808612440191
0 0.042015550239234485 0.12081339712918661 0.11737440191387563 0.12799043062200957 0.13711124401913877 0.8193779904306221 0.07879784688995219 0.8241626794258373
0 0.12275717703349286 0.15430622009569378 0.16581937799043064 0.1519138755980861 0.19363038277511965 0.8145933014354066 0.1550538277511962 0.8205741626794257
0 0.17299641148325362 0.1507177033492823 0.2286184210526316 0.1519138755980861 0.24925239234449761 0.8301435406698564 0.19991028708133973 0.8289473684210527
0 0.23579545454545456 0.13277511961722488 0.2680921052631579 0.13516746411483252 0.28603468899521534 0.8181818181818181 0.25732655502392343 0.8205741626794257
0 0.2716806220095694 0.13636363636363635 0.30936004784689 0.13636363636363635 0.3255083732057416 0.8397129186602871 0.2896232057416268 0.8468899521531101
0 0.31474282296650724 0.14114832535885166 0.3793361244019139 0.1375598086124402 0.3865131578947369 0.8397129186602871 0.3335825358851675 0.8456937799043062
0 0.3909988038277512 0.08133971291866028 0.44303229665071775 0.08133971291866028 0.44303229665071775 0.8444976076555023 0.3909988038277512 0.8444976076555023
0 0.45828349282296654 0.06578947368421052 0.5345394736842105 0.07296650717703348 0.5156997607655504 0.8648325358851674 0.45469497607655507 0.8672248803827751
0 0.545305023923445 0.08971291866028708 0.6098983253588517 0.09449760765550239 0.5802930622009569 0.8600478468899522 0.5228767942583733 0.8720095693779903
0 0.6134868421052632 0.1674641148325359 0.6762858851674641 0.173444976076555 0.6368122009569378 0.8636363636363636 0.58747009569378 0.8588516746411483
0 0.6861543062200957 0.13516746411483252 0.7525418660287081 0.13516746411483252 0.7040968899521531 0.8720095693779903 0.643092105263158 0.8767942583732058
0 0.7525418660287081 0.17583732057416268 0.7911184210526315 0.17583732057416268 0.7354964114832536 0.8600478468899522 0.7058911483253588 0.854066985645933
0 0.8054724880382775 0.1638755980861244 0.8727571770334928 0.16507177033492823 0.8691686602870814 0.2057416267942584 0.8036782296650717 0.8624401913875598 0.7471590909090908 0.8636363636363636
0 0.8736543062200957 0.20813397129186603 0.9194078947368421 0.20933014354066984 0.857505980861244 0.8827751196172249 0.809061004784689 0.8803827751196173
0 0.9301734449760767 0.21172248803827753 0.9642643540669857 0.21172248803827753 0.8915968899521531 0.888755980861244 0.8601973684210527 0.8803827751196173
0 0.96247009569378 0.2069377990430622 0.9642643540669857 0.1842105263157895 1.0000000000000002 0.18779904306220097 0.928379186602871 0.8791866028708134 0.8960825358851674 0.8732057416267942 0.9669557416267944 0.20933014354066984
