0 0.013677071383790493 0.13465190260756388 0.0872038128673636 0.1447068416138645 0.1060568235041772 0.7144867186375649 0.03253008202060411 0.721190011308432
0 0.09600188449787661 0.15057222270087314 0.1607305543509367 0.15727551537174023 0.1701570596693435 0.7153246302214232 0.1110842930073275 0.7178383649729984
0 0.16638645754198075 0.16230298487489053 0.22922982633135952 0.1639788080426073 0.23048669370714706 0.7203520997245735 0.1751845291724938 0.7186762765568567
0 0.23237199477082843 0.15308595745244832 0.2983575319996761 0.1681683659618992 0.28516042455390656 0.7287312155631573 0.23488572952240358 0.7287312155631573
0 0.30149970043914504 0.15727551537174023 0.35994403341326725 0.17152001229733274 0.348632227031179 0.7295691271470158 0.29270162880863204 0.7312449503147325
0 0.3674852376679927 0.16565463121032403 0.4359845096484155 0.1690062775457576 0.41336089688423916 0.738786154569458 0.3511459617827542 0.7379482429855996
0 0.4422688465273533 0.16565463121032403 0.499456312125688 0.17906121655205817 0.47431896460993656 0.7404619777371747 0.4152461979479205 0.7429757124887498
0 0.5088828174440948 0.16984418912961596 0.5698408851697921 0.1782233049681998 0.5371623333993152 0.7421378009048916 0.48060330148887437 0.7471652704080418
0 0.5754967883608363 0.17235792388119112 0.6395970245260025 0.18576450922292526 0.6006341358765878 0.7471652704080418 0.5396760681508904 0.7429757124887498
0 0.655936300411241 0.17487165863276627 0.7112384649458943 0.18827824397450038 0.6678765404812229 0.7563822978304839 0.6119459422586759 0.7521927399111921
0 0.7168943681369384 0.18325077447135008 0.7803661706142109 0.18827824397450038 0.7307199092706016 0.7538685630789089 0.6722755762964795 0.7580581209982008
0 0.7916779769962989 0.19498153664536746 0.8205859266394132 0.2025227409000929 0.7627700273531848 0.7463273588241834 0.7344905113979644 0.7480031819919002
0 0.8362967688367579 0.17319583546504952 0.8721174890467038 0.17654748180048305 0.8168153245120505 0.7614097673336343 0.7765955684868482 0.763085590501351
0 0.8777733922377479 0.1782233049681998 0.9381030262755514 0.18827824397450038 0.8702321879830225 0.7547064746627673 0.8205859266394132 0.7563822978304839
0 0.9425020620908079 0.19079197872607553 0.9990610940012488 0.19079197872607553 1.0 0.3533468259946018 0.9456442305302768 0.7605718557497759 0.8777733922377479 0.7488410935757586
