0 0.042062580965341274 0.25389320111694835 0.09196760912161264 0.25389320111694835 0.07718093411234703 0.814965369524081 0.02419534866247874 0.8166083334139994
0 0.09566427787392903 0.25800061084174436 0.14372097165404213 0.25800061084174436 0.12893429664477657 0.8231801889736731 0.0814937143233828 0.8264661167535099
0 0.14741764040635855 0.26128653862158113 0.19177766543415525 0.2645724664014179 0.18253599355336428 0.8231801889736731 0.13386318831453176 0.8281090806434283
0 0.19793878002134926 0.2653939483463771 0.24722769671890116 0.2711443219610915 0.23675380192067141 0.8281090806434283 0.18684877376440007 0.8338594542581426
0 0.254621034223534 0.2719658039060507 0.2952843904990143 0.27443024974092833 0.2872749415356621 0.8281090806434283 0.2404504706729878 0.8256446348085505
0 0.29898105925133067 0.2653939483463771 0.3501183103250408 0.2719658039060507 0.34149274990296924 0.8322164903682242 0.29158772174669795 0.8371453820379794
0 0.35443109053607663 0.2760732136308467 0.39879111556387337 0.2785376594657243 0.3913977780592406 0.831395008423265 0.345805530114005 0.8420742737077346
0 0.40495223015106735 0.2851095150253979 0.4511605895550223 0.28428803308043865 0.44438336350910884 0.8371453820379794 0.39447833535283755 0.8412527917627753
0 0.4567055926834968 0.28593099697035707 0.5029139520874518 0.28839544280523466 0.49860117187641606 0.8428957556526939 0.44869614372014466 0.8420742737077346
0 0.5084763306196659 0.259383672214043 0.544196895369512 0.26065373673848197 0.5394341534028658 0.840438192144871 0.504666137046349 0.840438192144871
0 0.5541986534994688 0.2562085109029456 0.5903954924459793 0.2587486399518235 0.5875378472659917 0.8467885147670658 0.546578266352835 0.8486936115537244
0 0.5951582344126256 0.26128876900070147 0.630402524965807 0.2625588335251404 0.6284974281791484 0.8474235470292855 0.5932531376259671 0.8480585792915049
0 0.6418331056857576 0.2600187044762625 0.6766011220422744 0.26065373673848197 0.6766011220422744 0.8518687728648218 0.6404042830957637 0.8531388373892607
0 0.6851740575822374 0.2682741238851158 0.7137505093821142 0.2714492851962132 0.715179331972108 0.8467885147670658 0.6837452349922436 0.8499636760781634
0 0.7180369771520957 0.3114563177160407 0.7432795095753202 0.3120913499782602 0.748518525738631 0.8486936115537244 0.7232759933154065 0.8544089019136997
0 0.7518524451152833 0.30637605961828485 0.7790000743251663 0.3051059950938459 0.784239090488477 0.8556789664381387 0.7589965580652525 0.8582190954870166
0 0.7885255582584584 0.31018625319160176 0.8128155422883537 0.3108212854538212 0.8190071068449937 0.8613942567981141 0.7918594776351107 0.8645694181092114
0 0.8299614133682798 0.30701109188050435 0.8623480587414735 0.3051059950938459 0.8694921716914427 0.862664321322553 0.8404394456949013 0.8702847084691868
0 0.869015897494778 0.30891618866716275 0.919500962341227 0.3108212854538212 0.9252162527012024 0.8632993535847725 0.8780651072314057 0.8690146439447479
0 0.9280738978811901 0.31336141450269916 0.9861793498742728 0.3120913499782602 0.9861793498742728 0.8613942567981141 0.9333129140445009 0.8658394826336504
