0 0.0 0.08858858858858859 0.07601351351351351 0.08108108108108107 0.11542792792792793 0.957957957957958 0.0320945945945946 0.954954954954955
0 0.08277027027027027 0.08558558558558559 0.16722972972972974 0.0870870870870871 0.20213963963963963 0.96996996996997 0.11993243243243243 0.966966966966967
0 0.17286036036036034 0.08408408408408408 0.24943693693693694 0.09159159159159158 0.2787162162162162 0.9774774774774775 0.205518018018018 0.9729729729729729
0 0.25731981981981983 0.1006006006006006 0.34515765765765766 0.09309309309309309 0.36092342342342343 0.978978978978979 0.28434684684684686 0.978978978978979
0 0.3462837837837838 0.03903903903903904 0.4712837837837838 0.051051051051051045 0.46677927927927926 0.9864864864864865 0.3721846846846847 0.987987987987988
0 0.4802927927927928 0.07807807807807808 0.5568693693693694 0.08408408408408408 0.5579954954954954 0.990990990990991 0.4802927927927928 0.9924924924924925
0 0.5703828828828829 0.01051051051051051 0.678490990990991 0.02252252252252252 0.6570945945945946 0.9819819819819819 0.5636261261261261 0.987987987987988
0 0.6773648648648649 0.15465465465465467 0.7302927927927927 0.15165165165165165 0.7100225225225225 0.9939939939939939 0.6649774774774775 0.9939939939939939
0 0.7494369369369369 0.12912912912912913 0.8665540540540541 0.13663663663663664 0.8260135135135136 0.9954954954954954 0.7134009009009009 0.9984984984984985
0 0.884572072072072 0.05405405405405406 0.9802927927927927 0.05855855855855856 0.9239864864864864 0.9984984984984985 0.8361486486486487 0.9969969969969971
