0 0.0021812080536912372 0.27382550335570466 0.05654362416107379 0.2671140939597315 0.13708053691275165 0.7409395973154363 0.07265100671140937 0.7449664429530202 0.0 0.37315436241610733
0 0.07466442953020132 0.2765100671140939 0.14714765100671137 0.27516778523489926 0.20855704697986574 0.7395973154362416 0.14412751677852345 0.7409395973154363
0 0.15620805369127513 0.27785234899328853 0.22667785234899326 0.2791946308724832 0.272986577181208 0.7328859060402685 0.2135906040268456 0.7302013422818793
0 0.2397651006711409 0.28322147651006707 0.3062080536912752 0.28590604026845634 0.3343959731543624 0.7302013422818793 0.27499999999999997 0.7315436241610739
0 0.311241610738255 0.28322147651006707 0.38171140939597314 0.28322147651006707 0.3958053691275168 0.7315436241610739 0.3333892617449664 0.7395973154362416
0 0.39077181208053685 0.2845637583892617 0.4431208053691275 0.2912751677852349 0.4471476510067114 0.7369127516778524 0.40285234899328853 0.7409395973154363
0 0.4531879194630873 0.2885906040268456 0.501510067114094 0.28724832214765095 0.50251677852349 0.742281879194631 0.45419463087248324 0.742281879194631
0 0.5115771812080537 0.2885906040268456 0.5669463087248322 0.28590604026845634 0.5548657718120805 0.742281879194631 0.5095637583892617 0.7436241610738256
0 0.5739932885906041 0.2926174496644295 0.6192953020134229 0.2939597315436241 0.6041946308724832 0.7342281879194631 0.5558724832214765 0.7342281879194631
0 0.6354026845637584 0.2899328859060402 0.689765100671141 0.2953020134228187 0.6555369127516779 0.7395973154362416 0.6062080536912752 0.7369127516778524
0 0.6947986577181208 0.2912751677852349 0.7501677852348994 0.2939597315436241 0.7058724832214766 0.7315436241610739 0.6585570469798658 0.7342281879194631
0 0.7562080536912752 0.29664429530201336 0.8075503355704698 0.29932885906040263 0.7572147651006712 0.7342281879194631 0.7149328859060403 0.7342281879194631
0 0.8125838926174498 0.2912751677852349 0.8619127516778524 0.2939597315436241 0.8045302013422819 0.7288590604026846 0.761241610738255 0.7302013422818793
0 0.8689597315436243 0.29664429530201336 0.9132550335570471 0.2939597315436241 0.8447986577181209 0.7208053691275168 0.8085570469798657 0.7208053691275168
0 0.9162751677852349 0.2939597315436241 0.9676174496644296 0.29798657718120797 0.8941275167785235 0.7181208053691276 0.8468120805369128 0.7181208053691276
0 0.9827181208053691 0.27248322147651 0.9999999999999999 0.27382550335570466 0.9998322147651006 0.35167785234899324 0.9203020134228188 0.7288590604026846 0.9011744966442953 0.7221476510067114
