0 0.03508772 0.00584795 0.05482456 0.44502924 0.07982456 0.44385965 0.06184211 0.00467836
0 0.10100000 0.44383333 0.08425000 0.44083333 0.08137500 0.43366667 0.07587500 0.32333333 0.07362500 0.22300000 0.06462500 0.04566667 0.06462500 0.01633333 0.06537500 0.01000000 0.06800000 0.00850000 0.08775000 0.00883333 0.09237500 0.01733333 0.09837500 0.24200000 0.10087500 0.26633333 0.10162500 0.32866667 0.10737500 0.43366667 0.10712500 0.43966667
0 0.12075000 0.44483333 0.10962500 0.44333333 0.10687500 0.42100000 0.09412500 0.07666667 0.09312500 0.01700000 0.09600000 0.01150000 0.11700000 0.01350000 0.11962500 0.02500000 0.12187500 0.15066667 0.13212500 0.41600000 0.13112500 0.44133333 0.12950000 0.44383333
0 0.15225000 0.44483333 0.13525000 0.44350000 0.13287500 0.43566667 0.12787500 0.22066667 0.12512500 0.19033333 0.12112500 0.04966667 0.12087500 0.01766667 0.12275000 0.01316667 0.14225000 0.01483333 0.14487500 0.02066667 0.15287500 0.32400000 0.15637500 0.39200000 0.15687500 0.43766667 0.15637500 0.44333333
0 0.18175000 0.44750000 0.15975000 0.44450000 0.15687500 0.42700000 0.15287500 0.22400000 0.15037500 0.20000000 0.14562500 0.02633333 0.14637500 0.01400000 0.15050000 0.01283333 0.16750000 0.01383333 0.17287500 0.02133333 0.17587500 0.17800000 0.18037500 0.26666667 0.18037500 0.33033333 0.18487500 0.44300000
0 0.20825000 0.44783333 0.19075000 0.44750000 0.18712500 0.44333333 0.17537500 0.03066667 0.17537500 0.02166667 0.17725000 0.01983333 0.19750000 0.02016667 0.20012500 0.02166667 0.20112500 0.02833333 0.20687500 0.35033333 0.21012500 0.41633333 0.21037500 0.44366667
0 0.23000000 0.44916667 0.21275000 0.44816667 0.21062500 0.44366667 0.20237500 0.06866667 0.20212500 0.02533333 0.20475000 0.02150000 0.22325000 0.02216667 0.22737500 0.02533333 0.23137500 0.34333333 0.23337500 0.37633333 0.23187500 0.38500000 0.23437500 0.41633333 0.23437500 0.44733333
0 0.25300000 0.44916667 0.23675000 0.44816667 0.23512500 0.44000000 0.22837500 0.04566667 0.22837500 0.02566667 0.23200000 0.02150000 0.24825000 0.02316667 0.25062500 0.02566667 0.25212500 0.05200000 0.25437500 0.29233333 0.25787500 0.41866667 0.25712500 0.44700000
0 0.27575000 0.45050000 0.26350000 0.45016667 0.25787500 0.44400000 0.25312500 0.06033333 0.25112500 0.03066667 0.25112500 0.02566667 0.25550000 0.02016667 0.27575000 0.02283333 0.27837500 0.02933333 0.27787500 0.13500000 0.28287500 0.42300000 0.28187500 0.44733333
0 0.30050000 0.45183333 0.28700000 0.45083333 0.28362500 0.44733333 0.27862500 0.10933333 0.27887500 0.02533333 0.28350000 0.02150000 0.29875000 0.02250000 0.30350000 0.02516667 0.30437500 0.02900000 0.30312500 0.13133333 0.30812500 0.42766667 0.30737500 0.44700000
0 0.32100000 0.45250000 0.31075000 0.45083333 0.30862500 0.44366667 0.30512500 0.04066667 0.30587500 0.02966667 0.30925000 0.02816667 0.32400000 0.02883333 0.32562500 0.03466667 0.32537500 0.22866667 0.32787500 0.44033333 0.32687500 0.44733333
0 0.34250000 0.45283333 0.33025000 0.45150000 0.32762500 0.43600000 0.32662500 0.03000000 0.33025000 0.02716667 0.34525000 0.02916667 0.34687500 0.03566667 0.34712500 0.44766667 0.34600000 0.45183333
0 0.36175000 0.45350000 0.35000000 0.45283333 0.34737500 0.44800000 0.34762500 0.03700000 0.35025000 0.03116667 0.36550000 0.03250000 0.36737500 0.03766667 0.36787500 0.43666667 0.36737500 0.44833333
0 0.38400000 0.45350000 0.37075000 0.45216667 0.36837500 0.44633333 0.36937500 0.03600000 0.37325000 0.02783333 0.38875000 0.02950000 0.38987500 0.04033333 0.38762500 0.11033333 0.38687500 0.44366667 0.38612500 0.45133333
0 0.43775000 0.45650000 0.39725000 0.45550000 0.39000000 0.45283333 0.38812500 0.44766667 0.39037500 0.08166667 0.39237500 0.04500000 0.39725000 0.04083333 0.44300000 0.04483333 0.45050000 0.04850000 0.45187500 0.05633333 0.44612500 0.45166667 0.44425000 0.45583333
0 0.50075000 0.45883333 0.45525000 0.45716667 0.45087500 0.45433333 0.44937500 0.44866667 0.45337500 0.05833333 0.45412500 0.04866667 0.45900000 0.04550000 0.50875000 0.05016667 0.51300000 0.05250000 0.51487500 0.05800000 0.50687500 0.43666667 0.50562500 0.45533333
0 0.54800000 0.45983333 0.51550000 0.45683333 0.51162500 0.45233333 0.50962500 0.43666667 0.51362500 0.25166667 0.51562500 0.22533333 0.51687500 0.06566667 0.51812500 0.05700000 0.52150000 0.05283333 0.56850000 0.05550000 0.57237500 0.05766667 0.57437500 0.06466667 0.57262500 0.14500000 0.56987500 0.16766667 0.56987500 0.24066667 0.56462500 0.44900000 0.56387500 0.45533333 0.56050000 0.45883333
0 0.60150000 0.46116667 0.57625000 0.45950000 0.57012500 0.45300000 0.56912500 0.44866667 0.57212500 0.39666667 0.57187500 0.34966667 0.57462500 0.33033333 0.57612500 0.20500000 0.57837500 0.19733333 0.57787500 0.08233333 0.57987500 0.05700000 0.58225000 0.05616667 0.62875000 0.06050000 0.63475000 0.06416667 0.63537500 0.06700000 0.63437500 0.11200000 0.63212500 0.13000000 0.63137500 0.20566667 0.62937500 0.22366667 0.62337500 0.45033333 0.62137500 0.45900000 0.61925000 0.46050000
0 0.67100000 0.46250000 0.63100000 0.46016667 0.62812500 0.45666667 0.62662500 0.44900000 0.63087500 0.29100000 0.63587500 0.20133333 0.63787500 0.09233333 0.64012500 0.06533333 0.64500000 0.06016667 0.68425000 0.06450000 0.69487500 0.06900000 0.68062500 0.45666667 0.67800000 0.46150000
0 0.72700000 0.46416667 0.69775000 0.46316667 0.68725000 0.45950000 0.68587500 0.45133333 0.68887500 0.29533333 0.69637500 0.09066667 0.69862500 0.06933333 0.70175000 0.06516667 0.74575000 0.06816667 0.75362500 0.07233333 0.73912500 0.45900000 0.73575000 0.46283333
0 0.78725000 0.46583333 0.75200000 0.46483333 0.74425000 0.46316667 0.74262500 0.45966667 0.74612500 0.40166667 0.74412500 0.39200000 0.74937500 0.30300000 0.75462500 0.09800000 0.75787500 0.07266667 0.76000000 0.06883333 0.76350000 0.06783333 0.80400000 0.07216667 0.81112500 0.07800000 0.79637500 0.45266667 0.79537500 0.46300000
0 0.84225000 0.46816667 0.81175000 0.46683333 0.80275000 0.46450000 0.79962500 0.45900000 0.80212500 0.36133333 0.80462500 0.34033333 0.80912500 0.24266667 0.81362500 0.07600000 0.81500000 0.07216667 0.82225000 0.06850000 0.87300000 0.07083333 0.87487500 0.07433333 0.85537500 0.46066667 0.85350000 0.46683333
0 0.90600000 0.46883333 0.86375000 0.46716667 0.85887500 0.46366667 0.85812500 0.45933333 0.86137500 0.37666667 0.86837500 0.30500000 0.86912500 0.25100000 0.87212500 0.22766667 0.87312500 0.17366667 0.87637500 0.13166667 0.87562500 0.10466667 0.87837500 0.08100000 0.87712500 0.07633333 0.88075000 0.07216667 0.88775000 0.07016667 0.93100000 0.07450000 0.93475000 0.07616667 0.93662500 0.08000000 0.92262500 0.27500000 0.91412500 0.46300000 0.91250000 0.46750000
0 0.95300000 0.46983333 0.92225000 0.46850000 0.91912500 0.46666667 0.91787500 0.45966667 0.92362500 0.30266667 0.93737500 0.08700000 0.93862500 0.08033333 0.94325000 0.07816667 0.98325000 0.08316667 0.98650000 0.08416667 0.98737500 0.08733333 0.97662500 0.22500000 0.96312500 0.44966667 0.96037500 0.46766667
0 0.05800000 0.98083333 0.05087500 0.97866667 0.04862500 0.96700000 0.03787500 0.57266667 0.04475000 0.56683333 0.06950000 0.56650000 0.07612500 0.57000000 0.07762500 0.57733333 0.08812500 0.97466667 0.08250000 0.97883333
0 0.10750000 0.98150000 0.09275000 0.98083333 0.08987500 0.97733333 0.08712500 0.91533333 0.07837500 0.57333333 0.08350000 0.56883333 0.09325000 0.56716667 0.11175000 0.56816667 0.11737500 0.57166667 0.12087500 0.63833333 0.12887500 0.96833333 0.12837500 0.97466667 0.12575000 0.97883333
0 0.13700000 0.98116667 0.13000000 0.97950000 0.12887500 0.97200000 0.12187500 0.66600000 0.12112500 0.57733333 0.12300000 0.57183333 0.12925000 0.57016667 0.15700000 0.57116667 0.15987500 0.57533333 0.16287500 0.64966667 0.16487500 0.81600000 0.16912500 0.96900000 0.16862500 0.97433333 0.16600000 0.97783333
0 0.18550000 0.97716667 0.17350000 0.97683333 0.17112500 0.97300000 0.16587500 0.76100000 0.16337500 0.57966667 0.16500000 0.57183333 0.17650000 0.56950000 0.19500000 0.56983333 0.20137500 0.57333333 0.20512500 0.65433333 0.20762500 0.97133333 0.20275000 0.97516667
0 0.22475000 0.97616667 0.21125000 0.97516667 0.20862500 0.96333333 0.20562500 0.57766667 0.21000000 0.57150000 0.24100000 0.57150000 0.24537500 0.57633333 0.24562500 0.59133333 0.24712500 0.96766667 0.24525000 0.97216667 0.24025000 0.97450000
0 0.25625000 0.97416667 0.25062500 0.97066667 0.24912500 0.96033333 0.24737500 0.58033333 0.25000000 0.57216667 0.26775000 0.57050000 0.28075000 0.57216667 0.28362500 0.57600000 0.28412500 0.58266667 0.28487500 0.96033333 0.28412500 0.96700000 0.28100000 0.97116667
0 0.30025000 0.97583333 0.28900000 0.97483333 0.28612500 0.97100000 0.28562500 0.96366667 0.28637500 0.57600000 0.29100000 0.56950000 0.31475000 0.56916667 0.32450000 0.57150000 0.32637500 0.57900000 0.32362500 0.96733333 0.32275000 0.97150000 0.31800000 0.97450000
0 0.33350000 0.97350000 0.32625000 0.97283333 0.32437500 0.96733333 0.32812500 0.58000000 0.32937500 0.57500000 0.33400000 0.57050000 0.35500000 0.56850000 0.36350000 0.57083333 0.36662500 0.57933333 0.36187500 0.96633333 0.35750000 0.97216667
0 0.37900000 0.97150000 0.36500000 0.97016667 0.36287500 0.96466667 0.36287500 0.95133333 0.36762500 0.58400000 0.36812500 0.57633333 0.37100000 0.57083333 0.38125000 0.56816667 0.40425000 0.57250000 0.40587500 0.57766667 0.40587500 0.59700000 0.39887500 0.96300000 0.39650000 0.96883333
0 0.41900000 0.97250000 0.40500000 0.97183333 0.39962500 0.96700000 0.40612500 0.60966667 0.40737500 0.57700000 0.41225000 0.56750000 0.43950000 0.57016667 0.44237500 0.57333333 0.44337500 0.57933333 0.43687500 0.95200000 0.43400000 0.96750000
