0 0.0620335820895522 0.2002487562189055 0.11800373134328355 0.2039800995024876 0.15158582089552233 0.8507462686567165 0.0976753629618023 0.8513632925865463
0 0.1202956890897874 0.20625373721581491 0.18342198852658168 0.2079040979854043 0.2032263177616544 0.8515447981252676 0.15247772409678056 0.8597966019732145
0 0.1858975296809658 0.2095544587549937 0.24778605854056804 0.2145055410637619 0.2564504525809123 0.8564958804340358 0.20446408833884647 0.8564958804340358
0 0.2502615996949521 0.21945662337253005 0.30843681682297824 0.22275734491170884 0.301010193359826 0.8498944373556783 0.26016376431248844 0.853195158894857
0 0.31091235797736233 0.22770842722047704 0.37032534568258046 0.22605806645088763 0.3554720987562759 0.861446962742804 0.30348573451421 0.8581462412036251
0 0.37280088683696455 0.2788696110777482 0.46687145070355995 0.28877177569528456 0.4445915803141032 0.8663980450515723 0.35794763991066003 0.8729994881299298
0 0.4705847624351361 0.2788696110777482 0.5646553263017315 0.2920724972344634 0.523808897254394 0.8796009312082873 0.44087826858252704 0.8729994881299298
0 0.5683686380333076 0.2920724972344634 0.6550125784367508 0.29867394031282096 0.6030262141946849 0.8812512919778768 0.5287599795631622 0.8845520135170555
0 0.6574881195911348 0.29867394031282096 0.7503209128805383 0.3085761049303573 0.687194613443744 0.9043563427521282 0.5993129024631088 0.8944541781345918
0 0.7565097657664985 0.3118768264695361 0.8443914767471337 0.3217789910870724 0.7664119303840348 0.9126081466000753 0.6859568428665519 0.9109577858304857
0 0.8530558707874779 0.31022646569994666 0.940937581768113 0.32012863031748306 0.8382026238611734 0.9093074250608963 0.7676497009612269 0.9109577858304857
