0 0.0 0.1933267909715407 0.049190382728164894 0.19823356231599606 0.057286555446516216 0.8233562315996075 0.010181550539744875 0.8292443572129539
0 0.08378312070657509 0.22080471050049064 0.1161678115799804 0.22080471050049064 0.12352796859666342 0.803729146221786 0.09335132482826303 0.8017664376840039
0 0.1191118743866536 0.21687929342492637 0.16768891069676156 0.225711481844946 0.17284102060843967 0.8135426889106967 0.12647203140333663 0.8155053974484789
0 0.17136898920510305 0.21687929342492637 0.2177379784102061 0.2266928361138371 0.2170019627085378 0.8135426889106967 0.17504906771344456 0.8164867517173698
0 0.2243621197252208 0.22767419038272815 0.26705103042198236 0.2355250245338567 0.2618989205103042 0.8115799803729146 0.2243621197252208 0.8155053974484789
0 0.27367517173699707 0.22865554465161925 0.3178361138370952 0.23748773307163887 0.3104759568204122 0.8155053974484789 0.26705103042198236 0.8213935230618253
0 0.3244602551521099 0.2463199214916585 0.3656771344455349 0.254170755642787 0.3575809617271835 0.8056918547595682 0.31930814524043183 0.8047105004906772
0 0.37009322865554467 0.23945044160942097 0.4113101079489696 0.24435721295387633 0.39585377821393525 0.7958783120706575 0.361261040235525 0.7978410206084396
0 0.41572620215897943 0.25809617271835134 0.4539990186457311 0.2590775269872424 0.4378066732090285 0.8076545632973503 0.400269872423945 0.8066732090284593
0 0.4606231599607458 0.25515210991167814 0.49963199214916587 0.26104023552502453 0.4790235525024534 0.8096172718351324 0.4407507360157017 0.8086359175662413
0 0.5033120706575074 0.26790971540726205 0.5423209028459274 0.2728164867517174 0.5246565260058881 0.8135426889106967 0.48270363101079494 0.8164867517173698
0 0.5548331697742885 0.26398429833169773 0.590161923454367 0.26889106967615306 0.5688174681059863 0.8155053974484789 0.5327526987242395 0.8204121687929342
0 0.6012021589793916 0.2737978410206084 0.6394749754661433 0.2777232580961727 0.6129784102060845 0.8194308145240431 0.5783856722276742 0.8213935230618253
0 0.6468351324828262 0.27968596663395484 0.6828999018645732 0.2855740922473013 0.6549313052011777 0.8164867517173698 0.6203385672227675 0.8204121687929342
0 0.6865799803729146 0.2757605495583906 0.7241167811579979 0.2806673209028459 0.6932041216879293 0.817468105986261 0.6600834151128557 0.8155053974484789
0 0.7285328753680078 0.28263002944062804 0.7601815505397449 0.2855740922473013 0.7263248282630029 0.8115799803729146 0.6968842001962707 0.8115799803729146
0 0.7726938174681061 0.2806673209028459 0.8087585868498529 0.2855740922473013 0.7726938174681061 0.8184494602551521 0.738837095191364 0.8194308145240431
0 0.8146467124631993 0.2845927379784102 0.8521835132482827 0.2885181550539745 0.8109666339548577 0.8184494602551521 0.7822620215897941 0.8184494602551521
0 0.8683758586849853 0.27674190382728164 0.911064769381747 0.281648675171737 0.8720559371933269 0.8361138370951913 0.8330471050049069 0.8321884200196271
0 0.923577036310108 0.2993130520117762 0.9508096172718352 0.30225711481844947 0.9221050049067714 0.8066732090284593 0.8934003925417077 0.8096172718351324
0 0.9522816486751718 0.3120706575073602 0.9721540726202159 0.3150147203140334 0.9390333660451424 0.7988223748773308 0.925785083415113 0.7998037291462217
