0 0.032462630459581095 0.21745407718890863 0.09746263045958109 0.21578741052224196 0.1074626304595811 0.9974540771889088 0.04996263045958109 1.0
0 0.09996263045958109 0.21912074385557528 0.16496263045958107 0.21745407718890863 0.17246263045958107 0.9907874105222421 0.11621263045958109 0.9974540771889088
0 0.17246263045958107 0.2141207438555753 0.23746263045958108 0.21578741052224196 0.23746263045958108 0.9874540771889088 0.17621263045958108 1.0
0 0.24371263045958108 0.2141207438555753 0.30746263045958105 0.2241207438555753 0.3024626304595811 0.9741207438555755 0.24371263045958108 0.9924540771889088
0 0.31246263045958106 0.21912074385557528 0.37746263045958106 0.2141207438555753 0.3612126304595811 0.970787410522242 0.3087126304595811 0.9741207438555755
0 0.37996263045958106 0.22245407718890864 0.4462126304595811 0.22245407718890864 0.4262126304595811 0.975787410522242 0.3624626304595811 0.9741207438555755
0 0.4512126304595811 0.21912074385557528 0.513712630459581 0.22078741052224196 0.4962126304595811 0.9724540771889087 0.4274626304595811 0.9741207438555755
0 0.5174626304595811 0.2341207438555753 0.581212630459581 0.23245407718890862 0.5587126304595811 0.965787410522242 0.49746263045958106 0.9741207438555755
0 0.5849626304595811 0.21245407718890863 0.6487126304595809 0.2141207438555753 0.6262126304595811 0.980787410522242 0.5599626304595811 0.9824540771889088
0 0.653712630459581 0.21078741052224195 0.718712630459581 0.21245407718890863 0.692462630459581 0.970787410522242 0.628712630459581 0.9724540771889087
0 0.7174626304595809 0.2041207438555753 0.777462630459581 0.21078741052224195 0.747462630459581 0.975787410522242 0.692462630459581 0.9774540771889088
0 0.777462630459581 0.2141207438555753 0.828712630459581 0.2091207438555753 0.798712630459581 0.960787410522242 0.747462630459581 0.965787410522242
0 0.834962630459581 0.2091207438555753 0.889962630459581 0.20745407718890863 0.851212630459581 0.9541207438555754 0.8012126304595809 0.9624540771889087
0 0.892462630459581 0.20578741052224195 0.949962630459581 0.20245407718890862 0.912462630459581 0.955787410522242 0.8574626304595809 0.960787410522242
0 0.9512126304595809 0.1941207438555753 1.0 0.19578741052224197 0.963712630459581 0.9474540771889087 0.916212630459581 0.9541207438555754
