0 0.06600459065042132 0.1337775783531855 0.12734084475775975 0.13085680434807412 0.21605935516301716 0.8873372716719149 0.162390132819096 0.8887976586744706
0 0.13719845702501057 0.13815873936085252 0.20620174289576634 0.1396191263634082 0.26753799700310477 0.8785749496565809 0.2171546454149339 0.8785749496565809
0 0.21277348440726687 0.16006454439918766 0.2697285775069383 0.1527626093864093 0.3168260583393589 0.8668918536361354 0.26753799700310477 0.8712730146438026
0 0.2752050287665221 0.14400028737107523 0.32558838035469295 0.16006454439918766 0.36611411967561297 0.8668918536361354 0.31792134859127563 0.8698126276412468
0 0.3354459926219438 0.16152493140174334 0.39349637597353193 0.1761288014273001 0.41868805176761736 0.863971079631024 0.37049528068327997 0.8668918536361354
0 0.39560663519222483 0.25569068532653333 0.4591334698033968 0.2600718463342004 0.47884869433789845 0.8602909043845838 0.41970302073439353 0.8529889693718054
0 0.4766581138340649 0.25569068532653333 0.5401849484452368 0.25569068532653333 0.5412802386971537 0.8573701303794725 0.4810392748417319 0.8602909043845838
0 0.5544237217201547 0.28781919938275824 0.61685526607941 0.28197765137253555 0.6059023635602423 0.8573701303794725 0.544566109452904 0.8690532263999179
0 0.621236427087077 0.26445300734186744 0.6880491324539991 0.257151072329089 0.6803821006905819 0.8719740004050293 0.6113788148198261 0.8705136134024735
0 0.6957161642174164 0.2659133943444231 0.7603382890805052 0.2600718463342004 0.7351466132864197 0.8632116783896951 0.6825726811944154 0.8705136134024735
0 0.7767676428592566 0.26299262033931176 0.8468662189819292 0.2586114593316447 0.7964828673937582 0.8690532263999179 0.7417183547979204 0.8675928393973622
0 0.8534379604934296 0.26737378134697876 0.9147742146007681 0.26445300734186744 0.8676767337683475 0.8661324523948065 0.8096263504167593 0.8690532263999179
0 0.9235365366161021 0.26153223333675607 0.9859680809753574 0.26153223333675607 0.9279176976237692 0.8559097433769167 0.869867314272181 0.8646720653922508
