0 0.12050000 0.89116667 0.11425000 0.88983333 0.11112500 0.88233333 0.09362500 0.79233333 0.00012500 0.24133333 0.00025000 0.11116667 0.04325000 0.10283333 0.05700000 0.11516667 0.05675000 0.12016667 0.06062500 0.11933333 0.06087500 0.12733333 0.05337500 0.13766667 0.05937500 0.19600000 0.16737500 0.87066667 0.16275000 0.87916667
0 0.18400000 0.90683333 0.17400000 0.90583333 0.16987500 0.88966667 0.09537500 0.41133333 0.05912500 0.14566667 0.05912500 0.13500000 0.06375000 0.13083333 0.09225000 0.12850000 0.09712500 0.13400000 0.16062500 0.58266667 0.20987500 0.87566667 0.20925000 0.90083333
0 0.22925000 0.91283333 0.22150000 0.91150000 0.21487500 0.90300000 0.20462500 0.81433333 0.18837500 0.74033333 0.12612500 0.33400000 0.09912500 0.12866667 0.10037500 0.10400000 0.10400000 0.09550000 0.11275000 0.09183333 0.13925000 0.09083333 0.15837500 0.10766667 0.16987500 0.22366667 0.19062500 0.35500000 0.19787500 0.42666667 0.21037500 0.48166667 0.21262500 0.52266667 0.22262500 0.57333333 0.22787500 0.63033333 0.23237500 0.65600000 0.24062500 0.66633333 0.23712500 0.67033333 0.24787500 0.75333333 0.25862500 0.78066667 0.25962500 0.80433333 0.26787500 0.80933333 0.27312500 0.89266667 0.26075000 0.90450000
0 0.30500000 0.90850000 0.29112500 0.90433333 0.23912500 0.59233333 0.21712500 0.43200000 0.19212500 0.28633333 0.17437500 0.14700000 0.17262500 0.12300000 0.17950000 0.11516667 0.20950000 0.11150000 0.21837500 0.12400000 0.23787500 0.26800000 0.33687500 0.88500000 0.33587500 0.89366667 0.32675000 0.90250000
0 0.36950000 0.95283333 0.35375000 0.95183333 0.34862500 0.94333333 0.31287500 0.73233333 0.21662500 0.10800000 0.21850000 0.09516667 0.23200000 0.08783333 0.25600000 0.08450000 0.26562500 0.09566667 0.35037500 0.61000000 0.39812500 0.93100000 0.39325000 0.94450000
0 0.99975000 0.92216667 0.99412500 0.92033333 0.98937500 0.90466667 0.98987500 0.87700000 0.98212500 0.87300000 0.98162500 0.86166667 0.97462500 0.85066667 0.96237500 0.81066667 0.90612500 0.58066667 0.89237500 0.54133333 0.89012500 0.51800000 0.88062500 0.49866667 0.87287500 0.45533333 0.86837500 0.45133333 0.86037500 0.42433333 0.79437500 0.17800000 0.79500000 0.16516667 0.82625000 0.13783333 0.86075000 0.13083333 0.87537500 0.13500000 0.97787500 0.54866667 0.99975000 0.62533333
0 0.99975000 0.99966667 0.91087500 0.99966667 0.79912500 0.55566667 0.75587500 0.42266667 0.75462500 0.40933333 0.75887500 0.40066667 0.72562500 0.28733333 0.72162500 0.25966667 0.71687500 0.25600000 0.71687500 0.24433333 0.70862500 0.22500000 0.70712500 0.20533333 0.70062500 0.19400000 0.70062500 0.17366667 0.69737500 0.16966667 0.70187500 0.15800000 0.69425000 0.15583333 0.68987500 0.14600000 0.68937500 0.13866667 0.69350000 0.13483333 0.75600000 0.12183333 0.77550000 0.12683333 0.78012500 0.13533333 0.99137500 0.93600000 0.99975000 0.95500000
0 0.90500000 0.99966667 0.81975000 0.99966667 0.81612500 0.99066667 0.57712500 0.07233333 0.53262500 0.07633333 0.54112500 0.02866667 0.54687500 0.02933333 0.54900000 0.01083333 0.55275000 0.01583333 0.56087500 0.01333333 0.56225000 0.00016667 0.63937500 0.00033333 0.70187500 0.21633333 0.75187500 0.42533333 0.79712500 0.57233333
0 0.81150000 0.99966667 0.72525000 0.99966667 0.72112500 0.98966667 0.67012500 0.78333333 0.62837500 0.64266667 0.62037500 0.62900000 0.62262500 0.62300000 0.61287500 0.58033333 0.60337500 0.56800000 0.59612500 0.50166667 0.59200000 0.51016667 0.56487500 0.37533333 0.54637500 0.31833333 0.53712500 0.26766667 0.53062500 0.25533333 0.52287500 0.21266667 0.51387500 0.18133333 0.50937500 0.17800000 0.50087500 0.13900000 0.49812500 0.11066667 0.50225000 0.09483333 0.56450000 0.07116667 0.57225000 0.07350000 0.57687500 0.08200000 0.78812500 0.88500000 0.81362500 0.98666667
0 0.64425000 0.99250000 0.63125000 0.98916667 0.62687500 0.97500000 0.55412500 0.65866667 0.53162500 0.58400000 0.51387500 0.48666667 0.44662500 0.18566667 0.44187500 0.14633333 0.44750000 0.13816667 0.47500000 0.13216667 0.48287500 0.13866667 0.65512500 0.87133333 0.67612500 0.97566667 0.67150000 0.98350000
0 0.50975000 0.99050000 0.49787500 0.98266667 0.47337500 0.84766667 0.43637500 0.62733333 0.42787500 0.54366667 0.40037500 0.40433333 0.39462500 0.34600000 0.38412500 0.29566667 0.35537500 0.07633333 0.37325000 0.06383333 0.42000000 0.06283333 0.42787500 0.08366667 0.46987500 0.34133333 0.48637500 0.47533333 0.50612500 0.56900000 0.56862500 0.94300000 0.56937500 0.96733333 0.56400000 0.97483333
0 0.40875000 0.97050000 0.40437500 0.96633333 0.31462500 0.35366667 0.26362500 0.06100000 0.25987500 0.01700000 0.27150000 0.00016667 0.33675000 0.00016667 0.34212500 0.01266667 0.35312500 0.12800000 0.38387500 0.34166667 0.47187500 0.88666667 0.47787500 0.93933333 0.47450000 0.95616667 0.44400000 0.96716667
