0 0.05254152878941291 0.224240598758671 0.1450415287894129 0.229240598758671 0.1400415287894129 0.8575739320920043 0.04879152878941291 0.864240598758671
0 0.1475415287894129 0.22590726542533768 0.2412915287894129 0.22757393209200436 0.2275415287894129 0.8675739320920043 0.1387915287894129 0.859240598758671
0 0.2475415287894129 0.239240598758671 0.3350415287894129 0.239240598758671 0.3225415287894129 0.864240598758671 0.2312915287894129 0.8625739320920043
0 0.3487915287894129 0.2359072654253377 0.4325415287894129 0.234240598758671 0.4150415287894129 0.8625739320920043 0.3237915287894129 0.864240598758671
0 0.4425415287894129 0.30257393209200434 0.5175415287894128 0.304240598758671 0.4925415287894129 0.8792405987586709 0.4150415287894129 0.8792405987586709
0 0.5262915287894129 0.3059072654253377 0.5875415287894128 0.30757393209200434 0.5650415287894128 0.8742405987586709 0.4925415287894129 0.8809072654253376
0 0.6012915287894128 0.2909072654253377 0.6450415287894128 0.2959072654253377 0.6125415287894128 0.8825739320920043 0.5662915287894128 0.8792405987586709
0 0.6475415287894128 0.28924059875867103 0.6750415287894128 0.28924059875867103 0.6437915287894128 0.8892405987586709 0.6137915287894128 0.8859072654253376
0 0.6800415287894128 0.30257393209200434 0.7137915287894129 0.309240598758671 0.6825415287894129 0.8875739320920043 0.6400415287894128 0.8959072654253376
0 0.7187915287894129 0.30257393209200434 0.7750415287894128 0.3109072654253377 0.7350415287894129 0.8942405987586709 0.6850415287894128 0.8959072654253376
0 0.7812915287894129 0.304240598758671 0.8312915287894128 0.309240598758671 0.7900415287894128 0.8909072654253376 0.7400415287894129 0.8975739320920043
0 0.8350415287894128 0.30257393209200434 0.8750415287894129 0.30757393209200434 0.8400415287894129 0.8875739320920043 0.7937915287894128 0.8825739320920043
0 0.8737915287894128 0.309240598758671 0.9125415287894129 0.31257393209200435 0.8775415287894128 0.8792405987586709 0.8412915287894128 0.8892405987586709
0 0.9112915287894129 0.3659072654253377 0.9662915287894128 0.3759072654253377 0.9325415287894129 0.8675739320920043 0.8750415287894129 0.8759072654253376
