0 0.03543517477386102 0.02456174666354128 0.12007559246302112 0.01905667884636014 0.17375000368053728 0.5213941171641395 0.11285019095297086 0.5268991849813207
0 0.12833319418879283 0.02869054752642714 0.20058720928929535 0.02869054752642714 0.2480684192124827 0.5213941171641395 0.18407200583775193 0.5227703841184349
0 0.20987701123078856 0.03694814925219886 0.28213102633129106 0.04245321706938 0.313097032802935 0.5158890493469585 0.2521972200753686 0.5241466510727301
0 0.28729202740989834 0.04245321706938 0.3512884407846292 0.046582017932265865 0.3760612459619443 0.5158890493469585 0.3182580338815423 0.5227703841184349
0 0.3595460425104009 0.03970068316078943 0.4245746561008531 0.04795828488656115 0.43696105868951074 0.5062551806668915 0.38328664747199453 0.5158890493469585
0 0.4318000576109034 0.04795828488656115 0.4813456679655337 0.056215886612332865 0.4896032696913054 0.509007714575482 0.4421220597681181 0.5158890493469585
0 0.4906354699070269 0.04795828488656115 0.5401810802616572 0.04933455184085643 0.5401810802616572 0.5117602484840725 0.49373207055419127 0.5117602484840725
0 0.5453420813402645 0.04795828488656115 0.5959198919106162 0.053463352703742285 0.5917910910477304 0.5048789137125962 0.5453420813402645 0.5131365154383679
0 0.5990164925577807 0.06447348833810458 0.6403045011866393 0.058968420520923444 0.6320468994608676 0.49937384589541506 0.5928232912634519 0.5062551806668915
0 0.6526909037752969 0.058968420520923444 0.6991399134827628 0.0630972213838093 0.6815925098154978 0.5048789137125962 0.6403045011866393 0.5048789137125962
0 0.706365314992813 0.06034468747521872 0.7517821244845574 0.0630972213838093 0.7270093193072422 0.49937384589541506 0.6867535108941052 0.5062551806668915
0 0.7559109253474433 0.0630972213838093 0.8002955346234663 0.06447348833810458 0.7724261287989866 0.4938687780782338 0.731138120170128 0.49937384589541506
0 0.8023599350549092 0.0630972213838093 0.8467445443309322 0.06860228920099043 0.8137141374278453 0.49799757894111973 0.7755227294461511 0.49799757894111973
0 0.850873345193818 0.08098869178964802 0.8808071514497405 0.08098869178964802 0.8488089447623751 0.4924925111239386 0.8147463376435667 0.4938687780782338
0 0.8870003527440693 0.09062256046971502 0.924159560510042 0.08649375960682916 0.8880325529597908 0.48836371026105274 0.850873345193818 0.4869874433067574
0 0.9468679652559143 0.04933455184085643 0.9675119695703436 0.04795828488656115 0.9148697585685488 0.48836371026105274 0.8942257542541195 0.48973997721534795
0 0.11491459138441379 0.6590208125936682 0.1500093987189436 0.6576445456393729 0.19852280885785242 0.9989587503046038 0.16549240195476556 1.0
0 0.15723480022899383 0.6562682786850776 0.18716860648491632 0.6535157447764871 0.23464981640810367 1.0 0.2016194095050168 1.0
0 0.19336180777924508 0.6603970795479635 0.22948881532949636 0.6535157447764871 0.268712423526912 1.0 0.23568201662382515 1.0
0 0.23361761619238222 0.6562682786850776 0.2676802233111905 0.6521394778221917 0.3007106302142774 0.9989587503046038 0.27077682395835495 1.0
0 0.27284122438979785 0.6480106769593059 0.3017428304299989 0.6466344100050107 0.3316766366859213 1.0 0.3038072308614418 1.0
0 0.30587163129288475 0.6480106769593059 0.339934238411693 0.6466344100050107 0.36677144402045114 1.0 0.3358054375488072 1.0
0 0.34199863884313597 0.6438818760964201 0.3781256463933872 0.6411293421878296 0.4018662513549809 0.9934536824874227 0.36883584445189405 1.0
0 0.37915784660910873 0.6411293421878296 0.40909165286503113 0.6383768082792389 0.42973565717946044 0.9824435468530603 0.4028984515707024 0.9893248816245367
0 0.41115605329647414 0.6342480074163531 0.43902545912095364 0.6314954735077625 0.45760506300394005 0.9714334112186981 0.4328322578266248 0.9728096781729935
0 0.4431542599838395 0.6328717404620577 0.471023665808319 0.6314954735077625 0.48547446882841955 0.9686808773101074 0.4586372632196615 0.9673046103558123
0 0.473088066239762 0.6273666726448767 0.5019896722799629 0.6259904056905813 0.5133438746528991 0.9673046103558123 0.4875388692598625 0.9673046103558123
0 0.5061184731428489 0.6287429395991719 0.5381166798302143 0.6259904056905813 0.5453420813402645 0.9700571442644028 0.5164404753000635 0.9728096781729935
0 0.5412132804773786 0.6273666726448767 0.5639216852232509 0.6259904056905813 0.5711470867333012 0.9673046103558123 0.5453420813402645 0.9686808773101074
0 0.5680504860861367 0.6356242743706483 0.6072740942835524 0.6287429395991719 0.6124350953621597 0.9838198138073556 0.5773402880276299 0.985196080761651
0 0.6114028951464382 0.6273666726448767 0.6423689016180822 0.6232378717819907 0.6444333020495251 0.965928343401517 0.6124350953621597 0.9700571442644028
0 0.6485621029124109 0.624614138736286 0.6723027078740047 0.6204853378734002 0.6712705076582832 0.9439080721327924 0.6475299026966895 0.9576707416757452
0 0.6764315087368905 0.614980270056219 0.7053331147770915 0.609475202239038 0.6991399134827628 0.9397792712699066 0.6733349080897262 0.942531805178497
0 0.7094619156399774 0.6108514691933331 0.7383635216801784 0.6025938674675615 0.735266921033014 0.9439080721327924 0.7146229167185848 0.9507894069042688
0 0.7476533236216716 0.6136040031019238 0.7961667337605804 0.609475202239038 0.7868769318190872 0.9397792712699066 0.7476533236216716 0.9562944747214499
0 0.7971989339763019 0.609475202239038 0.850873345193818 0.6039701344218568 0.8446801438994892 0.9397792712699066 0.7982311341920233 0.9452843390870876
0 0.8622275475667541 0.6122277361476285 0.9148697585685488 0.6108514691933331 0.8962901546855625 0.9342742034527253 0.8519055454095394 0.9370267373613159
