0 0.09975000 0.45750000 0.07975000 0.45650000 0.07537500 0.45166667 0.07412500 0.18100000 0.07137500 0.12666667 0.07225000 0.12250000 0.07575000 0.12150000 0.10425000 0.12316667 0.11150000 0.12516667 0.11612500 0.13100000 0.11712500 0.31866667 0.12012500 0.45133333 0.11725000 0.45550000
0 0.14225000 0.46016667 0.12325000 0.45916667 0.12187500 0.45300000 0.12087500 0.25100000 0.11862500 0.13766667 0.11912500 0.13400000 0.12325000 0.13116667 0.14300000 0.13250000 0.14637500 0.13500000 0.14862500 0.19333333 0.14762500 0.33533333 0.14987500 0.39466667 0.14812500 0.42633333 0.15087500 0.45166667 0.14850000 0.45916667
0 0.17400000 0.46116667 0.15112500 0.45900000 0.14987500 0.36100000 0.15162500 0.35033333 0.15262500 0.32066667 0.14662500 0.14000000 0.14687500 0.13066667 0.14975000 0.12250000 0.18175000 0.12483333 0.18550000 0.12683333 0.18637500 0.13033333 0.18362500 0.27666667 0.18462500 0.45566667 0.18225000 0.46050000
0 0.21100000 0.46150000 0.18950000 0.46083333 0.18712500 0.45933333 0.18587500 0.45166667 0.18812500 0.26466667 0.18687500 0.23333333 0.18712500 0.13866667 0.18950000 0.13316667 0.21700000 0.13183333 0.22012500 0.13433333 0.22062500 0.13900000 0.21937500 0.27300000 0.22187500 0.45500000 0.22050000 0.45983333
0 0.24225000 0.46183333 0.22850000 0.46150000 0.22500000 0.45983333 0.22362500 0.45566667 0.22162500 0.13366667 0.22262500 0.12300000 0.22450000 0.12150000 0.25275000 0.12150000 0.25687500 0.12366667 0.25862500 0.13066667 0.25837500 0.38533333 0.25962500 0.45566667 0.25912500 0.45866667 0.25625000 0.46083333
0 0.28400000 0.46316667 0.26550000 0.46216667 0.26187500 0.45900000 0.26137500 0.13100000 0.26375000 0.12850000 0.29050000 0.12650000 0.29412500 0.13100000 0.29312500 0.28100000 0.29437500 0.45600000 0.29200000 0.46116667
0 0.31875000 0.46350000 0.30250000 0.46316667 0.29687500 0.45900000 0.29587500 0.13500000 0.29687500 0.12900000 0.30025000 0.12683333 0.32225000 0.12783333 0.32887500 0.13100000 0.32962500 0.21700000 0.32762500 0.27500000 0.33087500 0.36933333 0.33112500 0.45333333 0.33025000 0.46083333 0.32625000 0.46316667
0 0.35800000 0.46383333 0.33475000 0.46316667 0.33187500 0.45933333 0.33212500 0.24400000 0.33012500 0.12966667 0.33375000 0.12216667 0.36175000 0.12316667 0.36562500 0.13066667 0.36387500 0.17966667 0.36387500 0.25666667 0.36687500 0.45966667 0.36525000 0.46216667
0 0.40050000 0.46416667 0.37300000 0.46383333 0.36950000 0.46150000 0.36812500 0.45800000 0.36712500 0.13700000 0.36837500 0.12333333 0.37275000 0.12150000 0.40050000 0.12116667 0.40400000 0.12283333 0.40512500 0.12666667 0.40362500 0.24766667 0.40512500 0.42566667 0.40462500 0.45700000 0.40287500 0.46300000
0 0.43150000 0.46516667 0.40850000 0.46416667 0.40612500 0.46100000 0.40612500 0.12633333 0.40825000 0.12283333 0.43750000 0.12216667 0.44050000 0.12283333 0.44137500 0.12633333 0.43987500 0.25266667 0.44037500 0.45933333 0.43950000 0.46383333
0 0.46175000 0.46550000 0.44325000 0.46483333 0.44112500 0.46300000 0.44087500 0.45966667 0.44262500 0.12466667 0.44725000 0.12083333 0.47200000 0.12050000 0.47987500 0.12333333 0.47712500 0.46100000 0.47525000 0.46483333
0 0.50200000 0.46650000 0.48225000 0.46583333 0.47812500 0.46300000 0.48012500 0.38133333 0.48062500 0.12333333 0.48250000 0.11916667 0.48600000 0.11850000 0.51475000 0.11883333 0.51662500 0.12533333 0.51387500 0.45900000 0.51362500 0.46300000 0.51075000 0.46583333
0 0.53475000 0.46550000 0.51750000 0.46516667 0.51512500 0.46300000 0.51812500 0.12700000 0.51837500 0.11933333 0.52125000 0.11483333 0.54925000 0.11516667 0.55337500 0.11900000 0.55337500 0.15466667 0.55162500 0.17700000 0.55262500 0.22166667 0.55112500 0.26966667 0.55087500 0.46066667 0.54900000 0.46516667
0 0.57000000 0.46750000 0.55187500 0.46333333 0.55537500 0.11500000 0.55725000 0.11050000 0.58800000 0.10850000 0.59262500 0.11166667 0.59312500 0.12466667 0.58812500 0.46300000 0.58450000 0.46683333
0 0.60550000 0.46650000 0.59175000 0.46616667 0.58937500 0.46233333 0.59387500 0.12600000 0.59575000 0.12250000 0.61550000 0.12116667 0.61862500 0.12300000 0.61912500 0.13100000 0.61437500 0.45166667 0.61387500 0.46333333
0 0.63875000 0.46716667 0.61950000 0.46583333 0.61612500 0.46300000 0.61987500 0.12333333 0.62375000 0.11916667 0.63350000 0.11850000 0.64600000 0.11916667 0.64887500 0.12266667 0.64462500 0.45766667 0.64437500 0.46300000
0 0.66800000 0.46616667 0.65050000 0.46550000 0.64675000 0.46416667 0.64562500 0.46066667 0.65037500 0.12633333 0.65062500 0.12333333 0.65425000 0.12050000 0.67400000 0.12083333 0.67787500 0.12500000 0.67487500 0.45966667 0.67400000 0.46416667
0 0.69775000 0.46616667 0.67975000 0.46516667 0.67737500 0.46366667 0.67662500 0.45966667 0.67962500 0.12333333 0.68175000 0.11850000 0.68875000 0.11683333 0.70450000 0.11683333 0.70987500 0.11933333 0.70512500 0.45300000 0.70462500 0.46300000
0 0.72875000 0.46650000 0.70900000 0.46516667 0.70637500 0.45900000 0.71062500 0.13300000 0.71187500 0.11966667 0.71675000 0.11583333 0.73550000 0.11716667 0.73850000 0.11916667 0.73887500 0.12166667 0.73612500 0.45966667 0.73425000 0.46483333
0 0.76000000 0.46616667 0.74050000 0.46583333 0.73762500 0.46300000 0.73712500 0.45900000 0.73937500 0.12700000 0.74025000 0.11916667 0.74800000 0.11683333 0.76550000 0.11783333 0.76837500 0.11966667 0.76862500 0.12366667 0.76587500 0.45233333 0.76512500 0.46366667
0 0.78725000 0.46616667 0.77175000 0.46583333 0.76687500 0.46300000 0.76937500 0.37400000 0.77062500 0.11933333 0.77475000 0.11516667 0.77850000 0.11483333 0.79550000 0.11550000 0.79912500 0.11933333 0.79412500 0.45933333 0.79225000 0.46516667
0 0.81875000 0.46650000 0.80125000 0.46616667 0.79612500 0.46300000 0.79662500 0.40033333 0.79837500 0.38100000 0.79737500 0.34500000 0.80012500 0.12233333 0.80275000 0.11716667 0.82350000 0.11783333 0.82662500 0.11933333 0.82737500 0.12333333 0.82387500 0.46266667
0 0.84500000 0.46683333 0.82925000 0.46616667 0.82487500 0.46300000 0.82837500 0.31266667 0.82862500 0.12566667 0.82937500 0.11866667 0.83350000 0.11383333 0.85425000 0.11450000 0.85812500 0.11933333 0.85537500 0.46133333 0.85375000 0.46516667
0 0.86550000 0.46683333 0.85662500 0.46300000 0.85862500 0.38900000 0.85937500 0.11500000 0.86375000 0.11083333 0.88500000 0.11116667 0.88787500 0.11533333 0.88812500 0.16000000 0.88462500 0.46266667 0.88150000 0.46583333
0 0.90525000 0.46616667 0.88875000 0.46583333 0.88512500 0.46233333 0.88712500 0.37366667 0.88812500 0.11533333 0.89000000 0.11116667 0.89225000 0.11050000 0.91450000 0.11050000 0.91725000 0.11150000 0.91837500 0.11466667 0.91462500 0.46066667 0.91200000 0.46583333
0 0.93575000 0.46650000 0.91950000 0.46650000 0.91487500 0.46300000 0.91887500 0.27633333 0.91862500 0.11133333 0.92025000 0.10750000 0.92525000 0.10583333 0.93975000 0.10650000 0.94525000 0.11050000 0.94662500 0.11500000 0.94087500 0.45400000 0.93987500 0.46366667
0 0.96300000 0.46616667 0.94350000 0.46416667 0.94212500 0.45300000 0.94687500 0.13400000 0.94787500 0.12033333 0.95325000 0.11650000 0.97225000 0.11916667 0.97587500 0.12566667 0.97762500 0.13833333 0.97337500 0.39000000 0.97237500 0.39933333 0.96937500 0.40466667 0.96887500 0.41633333 0.96512500 0.43566667 0.97162500 0.45666667 0.97075000 0.46416667
0 0.09775000 0.90083333 0.06850000 0.90050000 0.06487500 0.89333333 0.05887500 0.61700000 0.05862500 0.57166667 0.05912500 0.56833333 0.06150000 0.56650000 0.09625000 0.56683333 0.10150000 0.56850000 0.10412500 0.57233333 0.10237500 0.58733333 0.10412500 0.63833333 0.10262500 0.68233333 0.10487500 0.71933333 0.10337500 0.75633333 0.10537500 0.79866667 0.10437500 0.81500000 0.10787500 0.82500000 0.10587500 0.83033333 0.10562500 0.85066667 0.10762500 0.87166667 0.10662500 0.88100000 0.10862500 0.89433333 0.10750000 0.89783333 0.10375000 0.90050000
0 0.15075000 0.90050000 0.11625000 0.89916667 0.11287500 0.89666667 0.11287500 0.77466667 0.10987500 0.57200000 0.11500000 0.56716667 0.14475000 0.56850000 0.14912500 0.57233333 0.14912500 0.81633333 0.15037500 0.88500000 0.15287500 0.89600000
0 0.18675000 0.90483333 0.16050000 0.90350000 0.15537500 0.90066667 0.15637500 0.80900000 0.15437500 0.59966667 0.15462500 0.57233333 0.15750000 0.56983333 0.19000000 0.56950000 0.19337500 0.57233333 0.19412500 0.57766667 0.19612500 0.90033333 0.19325000 0.90350000
0 0.23250000 0.90750000 0.20500000 0.90683333 0.20125000 0.90483333 0.20037500 0.90166667 0.20237500 0.86400000 0.20062500 0.57233333 0.20475000 0.56983333 0.23700000 0.56983333 0.24212500 0.57266667 0.24362500 0.88200000 0.24562500 0.90200000 0.24375000 0.90616667
0 0.27575000 0.90683333 0.25225000 0.90550000 0.24962500 0.90100000 0.25087500 0.89300000 0.24962500 0.57633333 0.25125000 0.57250000 0.25425000 0.57150000 0.28425000 0.57150000 0.28750000 0.57216667 0.28937500 0.57633333 0.28787500 0.69133333 0.28887500 0.90066667 0.28725000 0.90583333
0 0.32650000 0.91250000 0.29500000 0.90983333 0.29237500 0.90466667 0.29412500 0.89666667 0.29462500 0.87366667 0.29662500 0.57933333 0.29737500 0.57233333 0.30025000 0.57050000 0.33050000 0.57083333 0.33425000 0.57216667 0.33587500 0.57600000 0.33312500 0.70600000 0.33212500 0.86133333 0.33237500 0.89800000 0.33462500 0.90900000 0.33400000 0.91083333
0 0.35600000 0.92150000 0.34175000 0.92050000 0.33762500 0.91766667 0.33662500 0.91300000 0.33862500 0.89433333 0.34062500 0.80800000 0.34112500 0.57933333 0.34550000 0.57250000 0.38100000 0.57316667 0.38662500 0.57633333 0.38737500 0.59600000 0.38387500 0.91100000 0.38337500 0.91600000 0.38100000 0.91950000
0 0.42650000 0.91850000 0.39275000 0.91850000 0.38837500 0.91600000 0.39312500 0.65066667 0.39137500 0.63000000 0.39287500 0.61966667 0.39162500 0.57933333 0.39275000 0.57616667 0.39650000 0.57416667 0.42875000 0.57450000 0.43562500 0.57633333 0.43462500 0.60766667 0.43512500 0.62366667 0.43687500 0.62700000 0.43637500 0.65166667 0.43787500 0.67233333 0.43612500 0.70733333 0.43687500 0.82366667 0.43562500 0.85833333 0.43137500 0.86133333 0.43237500 0.87300000 0.43037500 0.89666667 0.43287500 0.91233333 0.43100000 0.91683333
0 0.45950000 0.92516667 0.43950000 0.92483333 0.43387500 0.92000000 0.43637500 0.90866667 0.43687500 0.89533333 0.44087500 0.57933333 0.44325000 0.57483333 0.47850000 0.57650000 0.48250000 0.57783333 0.48412500 0.58333333 0.48112500 0.70766667 0.47912500 0.91333333 0.47837500 0.92000000 0.47525000 0.92316667
0 0.49975000 0.92450000 0.48300000 0.92283333 0.48037500 0.91666667 0.48712500 0.56166667 0.49050000 0.55583333 0.50875000 0.55683333 0.51237500 0.56400000 0.50837500 0.69100000 0.50462500 0.91666667 0.50362500 0.92233333
0 0.53775000 0.93250000 0.51000000 0.92883333 0.50662500 0.92000000 0.50962500 0.71133333 0.51162500 0.67066667 0.51112500 0.62833333 0.51237500 0.58633333 0.51375000 0.58250000 0.54500000 0.58483333 0.54812500 0.59066667 0.54287500 0.92000000 0.54187500 0.92966667
0 0.57650000 0.93616667 0.55000000 0.93383333 0.54600000 0.93183333 0.54387500 0.92733333 0.54987500 0.59000000 0.55275000 0.58016667 0.55650000 0.58350000 0.57500000 0.58316667 0.58400000 0.58016667 0.58662500 0.58733333 0.58537500 0.72233333 0.58062500 0.92266667 0.57987500 0.93166667
0 0.60025000 0.94816667 0.59100000 0.94583333 0.58862500 0.94366667 0.58737500 0.93800000 0.58937500 0.89266667 0.58637500 0.85366667 0.58762500 0.74766667 0.59087500 0.67400000 0.59112500 0.58800000 0.59200000 0.58383333 0.62700000 0.58316667 0.63087500 0.59200000 0.63112500 0.62400000 0.62487500 0.93666667 0.62412500 0.94366667 0.61950000 0.94716667
0 0.66175000 0.95250000 0.64775000 0.95150000 0.63737500 0.94300000 0.63612500 0.93033333 0.63787500 0.88400000 0.63662500 0.87866667 0.63262500 0.87333333 0.63062500 0.86033333 0.63487500 0.72400000 0.63712500 0.71700000 0.63587500 0.70633333 0.63737500 0.68400000 0.63737500 0.58800000 0.64275000 0.58416667 0.66625000 0.58283333 0.67400000 0.58483333 0.67687500 0.58833333 0.67762500 0.62133333 0.67262500 0.80300000 0.67162500 0.94333333 0.67000000 0.94916667
0 0.68400000 0.94550000 0.67375000 0.94516667 0.67212500 0.93933333 0.67437500 0.89700000 0.67337500 0.86166667 0.67737500 0.82633333 0.67537500 0.76566667 0.67862500 0.62800000 0.67862500 0.58766667 0.67337500 0.57600000 0.67550000 0.57183333 0.69350000 0.57016667 0.69775000 0.57216667 0.69987500 0.57633333 0.69837500 0.58400000 0.69937500 0.67400000 0.69462500 0.79500000 0.69137500 0.80633333 0.69062500 0.82200000 0.69262500 0.85666667 0.69112500 0.93966667 0.68925000 0.94450000
0 0.69375000 0.94116667 0.69137500 0.93933333 0.69137500 0.90733333 0.69287500 0.85333333 0.69512500 0.84266667 0.69637500 0.75200000 0.69987500 0.68266667 0.69787500 0.58233333 0.70025000 0.57183333 0.71175000 0.57050000 0.71575000 0.57216667 0.71787500 0.57633333 0.71712500 0.65900000 0.71487500 0.69333333 0.71462500 0.73700000 0.70862500 0.83033333 0.71012500 0.86566667 0.70762500 0.92733333 0.70525000 0.93916667
0 0.97050000 0.95616667 0.95475000 0.95550000 0.94850000 0.95183333 0.94737500 0.94866667 0.95237500 0.86566667 0.95912500 0.61066667 0.96012500 0.59566667 0.96300000 0.58550000 0.96625000 0.58383333 0.99500000 0.58383333 0.99975000 0.58566667 0.99975000 0.85933333 0.99812500 0.85966667 0.99762500 0.86533333 0.99512500 0.94833333 0.99437500 0.95266667 0.99025000 0.95583333
0 0.93250000 0.95650000 0.90650000 0.95383333 0.90225000 0.95183333 0.90112500 0.94833333 0.90562500 0.81333333 0.90837500 0.79166667 0.90812500 0.71700000 0.91212500 0.59966667 0.91437500 0.57900000 0.91550000 0.57616667 0.91900000 0.57516667 0.95125000 0.57650000 0.95687500 0.58000000 0.95812500 0.58766667 0.95187500 0.80766667 0.94587500 0.95133333 0.94325000 0.95583333
0 0.89675000 0.95250000 0.86725000 0.95150000 0.85850000 0.94783333 0.85737500 0.94466667 0.86037500 0.91366667 0.86437500 0.81066667 0.86737500 0.80300000 0.86887500 0.63766667 0.87137500 0.58000000 0.87475000 0.57550000 0.90850000 0.57583333 0.91012500 0.58000000 0.90062500 0.92900000
0 0.85000000 0.95116667 0.83575000 0.94783333 0.83487500 0.93433333 0.84137500 0.76833333 0.84362500 0.74533333 0.84662500 0.58066667 0.84875000 0.57450000 0.85600000 0.57383333 0.86850000 0.57683333 0.86987500 0.58933333 0.85937500 0.89300000 0.85587500 0.94666667 0.85375000 0.95050000
0 0.83075000 0.94883333 0.81650000 0.94750000 0.81287500 0.94366667 0.81187500 0.93266667 0.82412500 0.57966667 0.82625000 0.56950000 0.83300000 0.56816667 0.84612500 0.57233333 0.84612500 0.58766667 0.83962500 0.79300000 0.83637500 0.83733333 0.83512500 0.93533333 0.83437500 0.94500000
0 0.80700000 0.94650000 0.79575000 0.94616667 0.79062500 0.94233333 0.79662500 0.82133333 0.80337500 0.59900000 0.80587500 0.56966667 0.82250000 0.56816667 0.82362500 0.57866667 0.82112500 0.61366667 0.81837500 0.72933333 0.81137500 0.90000000 0.81137500 0.93833333 0.81062500 0.94333333
0 0.78775000 0.94550000 0.77150000 0.94383333 0.77012500 0.92400000 0.77487500 0.83433333 0.77537500 0.79066667 0.78087500 0.71700000 0.78262500 0.56866667 0.79750000 0.56683333 0.80237500 0.56933333 0.80312500 0.58966667 0.79612500 0.79233333 0.79337500 0.81700000 0.79162500 0.92466667 0.79037500 0.94333333
0 0.76775000 0.94516667 0.75050000 0.94383333 0.74787500 0.93766667 0.74737500 0.92366667 0.75987500 0.59566667 0.76462500 0.59266667 0.76087500 0.57200000 0.76325000 0.56816667 0.77775000 0.56683333 0.78112500 0.56866667 0.78187500 0.58066667 0.77812500 0.65233333 0.77612500 0.76966667 0.77337500 0.81600000 0.77212500 0.88533333 0.76937500 0.92000000 0.77012500 0.93966667
0 0.73825000 0.94283333 0.73225000 0.94283333 0.72800000 0.94016667 0.72712500 0.93466667 0.73037500 0.89766667 0.73087500 0.85200000 0.73387500 0.82700000 0.73262500 0.79900000 0.73837500 0.66400000 0.73887500 0.57533333 0.74200000 0.57016667 0.75000000 0.56916667 0.75937500 0.57233333 0.75962500 0.59366667 0.75237500 0.78766667 0.74837500 0.84100000 0.74912500 0.87933333 0.74737500 0.93600000 0.74500000 0.94116667
0 0.71950000 0.94216667 0.71250000 0.94183333 0.70900000 0.94016667 0.70712500 0.93633333 0.70987500 0.85266667 0.71387500 0.81466667 0.71237500 0.76766667 0.71612500 0.72966667 0.71762500 0.68633333 0.71812500 0.58133333 0.72025000 0.57050000 0.73325000 0.56950000 0.73862500 0.57300000 0.73937500 0.59566667 0.73837500 0.67833333 0.73287500 0.78500000 0.73412500 0.82733333 0.73112500 0.85633333 0.72812500 0.93666667 0.72525000 0.94116667
