0 0.08828947368421047 0.02736842105263158 0.17276315789473679 0.02736842105263158 0.17276315789473679 0.7968421052631579 0.08828947368421047 0.7968421052631579
0 0.1853947368421052 0.04736842105263158 0.2635526315789473 0.04736842105263158 0.2635526315789473 0.8 0.1853947368421052 0.8
0 0.2848684210526315 0.0568421052631579 0.37013157894736837 0.06105263157894737 0.3496052631578947 0.8052631578947369 0.2714473684210526 0.8073684210526316
0 0.3819736842105263 0.06631578947368422 0.46249999999999997 0.07263157894736842 0.43171052631578943 0.8157894736842105 0.35355263157894734 0.8126315789473685
0 0.47434210526315784 0.07789473684210527 0.5493421052631579 0.08315789473684211 0.5153947368421052 0.8147368421052632 0.44118421052631573 0.8168421052631579
0 0.5619736842105263 0.10421052631578948 0.6069736842105262 0.10947368421052632 0.5635526315789473 0.8147368421052632 0.5217105263157895 0.8168421052631579
0 0.6148684210526315 0.11473684210526316 0.6575 0.1168421052631579 0.6077631578947368 0.8157894736842105 0.5667105263157894 0.8168421052631579
0 0.6638157894736841 0.11789473684210526 0.7064473684210526 0.12105263157894738 0.6535526315789473 0.8147368421052632 0.6125 0.8178947368421052
0 0.7119736842105262 0.12210526315789474 0.7561842105263157 0.12736842105263158 0.7001315789473684 0.8221052631578947 0.6575 0.8168421052631579
0 0.7656578947368421 0.12947368421052632 0.805921052631579 0.13157894736842107 0.7443421052631579 0.8242105263157894 0.7032894736842106 0.8221052631578947
0 0.8398684210526316 0.13894736842105265 0.8840789473684211 0.1368421052631579 0.9267105263157894 0.8326315789473685 0.8722368421052631 0.8315789473684211
