0 0.08879872384749526 0.0 0.13971181008207212 0.8281442862157645 0.05485666635777735 0.8326900974867089 0.003943580123200486 0.10536029413561084 0.00030693110644499575 0.0
0 0.09849645455884322 0.03626396281725653 0.183351598283138 0.03626396281725653 0.2524479296014923 0.824507637199009 0.16153170418260507 0.83178093523252
0 0.19183711265556747 0.03808228732563427 0.2803289053966177 0.03444563830887878 0.3579107510874015 0.8263259617073867 0.26335787665175875 0.83178093523252
0 0.2924510687858027 0.058083856917789466 0.368820698137668 0.058083856917789466 0.45003919284520727 0.818143501419687 0.3651840491209125 0.8226893126906313
0 0.3797306451879344 0.06081134368035608 0.4645857889122292 0.05990218142616721 0.547016499958687 0.8235984749448201 0.45488805820088124 0.8263259617073867
0 0.46943465426790315 0.06262966818873383 0.554289797992198 0.06172050593454495 0.6439938070721667 0.8326900974867089 0.5555020143311165 0.8345084219950866
0 0.5627753123646275 0.07263045298481142 0.6476304560889222 0.06808464171386706 0.7361222488299723 0.8290534484699533 0.6524793214445962 0.8281442862157645
0 0.6549037541224332 0.07263045298481142 0.734910032491054 0.07081212847643369 0.8270384742488597 0.8299626107241422 0.742183330524565 0.8290534484699533
0 0.742183330524565 0.06262966818873383 0.8258262579099412 0.06262966818873383 0.9264402140401765 0.8381450710118421 0.8330995559434521 0.8345084219950866
0 0.8488583683493927 0.06717547945967818 0.8924981565504586 0.06535715495130044 0.9955365453585308 0.8536008293330529 0.9494723244796279 0.8536008293330529
