0 0.04931360421775274 0.05967283326110523 0.15306360421775272 0.056339499927771895 0.15306360421775272 0.8996728332611053 0.03556360421775274 0.9080061665944386
0 0.21431360421775272 0.11467283326110524 0.2568136042177527 0.11300616659443856 0.2718136042177527 0.9196728332611053 0.21681360421775273 0.9330061665944386
0 0.2643136042177527 0.12133949992777189 0.3093136042177527 0.12133949992777189 0.3243136042177527 0.9330061665944386 0.2793136042177527 0.9396728332611053
0 0.3093136042177527 0.11300616659443856 0.3543136042177527 0.10967283326110523 0.37431360421775267 0.9380061665944386 0.3268136042177527 0.9463394999277719
0 0.3630636042177527 0.13133949992777189 0.4218136042177527 0.13133949992777189 0.4393136042177527 0.9396728332611053 0.3793136042177527 0.9446728332611053
0 0.4393136042177527 0.1263394999277719 0.49931360421775267 0.12800616659443856 0.5143136042177527 0.9596728332611052 0.4443136042177527 0.9546728332611053
0 0.5493136042177528 0.1263394999277719 0.6280636042177528 0.13467283326110524 0.6893136042177528 0.9813394999277719 0.6043136042177527 0.9896728332611052
0 0.6843136042177528 0.1363394999277719 0.7468136042177528 0.14300616659443857 0.8143136042177528 0.9846728332611052 0.7393136042177527 0.9946728332611052
0 0.7743136042177527 0.15967283326110523 0.8268136042177527 0.17133949992777187 0.9243136042177528 0.9863394999277719 0.8418136042177528 0.9996728332611052
0 0.8580636042177527 0.18133949992777187 0.9068136042177527 0.1946728332611052 0.9993136042177527 0.886339499927772 1.0 0.9963394999277719 0.9580636042177527 1.0
