0 0.2315947871773835 0.1959904112308042 0.33477326916632527 0.1959904112308042 0.33477326916632527 0.880960846439443 0.2315947871773835 0.880960846439443
0 0.42568577777196615 0.23254782209868105 0.5057753686864594 0.23254782209868105 0.5057753686864594 0.9050117746419936 0.42568577777196615 0.9050117746419936
0 0.3412670197810139 0.23254782209868105 0.42063508284943063 0.23254782209868105 0.42063508284943063 0.8771126979270348 0.3412670197810139 0.8771126979270348
0 0.03173157381418882 0.2065728196399264 0.1190364431894471 0.2113830052804365 0.14861908487858425 0.8761506607989328 0.07430171673270322 0.8732645494146268
0 0.12264408241982967 0.21619319092094663 0.21283506317939418 0.21907930230525272 0.22870867579307755 0.885771032079953 0.15006214057073727 0.8790367721832388
0 0.5180413420697602 0.23832004486729313 0.6067892671371716 0.2373580077391912 0.58225732037057 0.9184802944354216 0.5086614800707656 0.9117460345387074
0 0.6147260734440133 0.1959904112308042 0.6313212139037732 0.19502837410270218 0.6125614899057837 0.924252517204034 0.5966878772921005 0.9232904800759317
0 0.6347868488244358 0.19443796985244774 0.6512727641926087 0.19387434881421953 0.6301369752590538 0.9248908353961084 0.6157646387842364 0.9243272143578803
0 0.6542317746433064 0.19894693815827275 0.6707176900114794 0.20063780127295713 0.6478910379632399 0.9282725616254773 0.6326732699310803 0.9277089405872492
0 0.6728312689048348 0.19612883296713207 0.6897399000516787 0.19556521192890394 0.6664905322247684 0.9293998037019335 0.6504273326352665 0.9305270457783898
0 0.6990396471824429 0.20063780127295713 0.7155255625506158 0.19951055919650085 0.6838218791502834 0.926581698510793 0.6681813953394528 0.9305270457783898
0 0.7196317015289706 0.19510195986805612 0.7791425503163244 0.19602460868646468 0.7535390456054861 0.939679556323787 0.6940281968181322 0.9415248539606041
0 0.7936898659137251 0.17745212610527902 0.8189245740856044 0.17853748989761792 0.7855496374711834 0.9480604186658917 0.7595009064550501 0.9458896910812139
0 0.822180665462621 0.2284642243452069 0.8750921503391419 0.22303740538351247 0.841717213724721 0.9534872376275861 0.8197385969298585 0.9643408755509751 0.7896197516924544 0.9610847841739584
0 0.8767201960276502 0.21218376746012355 0.9328877722811878 0.21109840366778465 0.8881165158472085 0.9469750548735528 0.8661378990523461 0.955657965212264 0.8441592822574835 0.9469750548735528
0 0.938585932190967 0.25668368294601807 0.981729142936438 0.257769046738357 0.9353298408139503 0.9545726014199251 0.8986988128225127 0.9513165100429084
0 0.9866132800019629 0.22303740538351247 0.9996376455100296 0.22303740538351247 1.0 0.7711461205146525 0.9841712114692004 0.9621701479662973 0.9442840921007462 0.9675969669279918
