0 0.0009002900671254904 0.16930410734035056 0.057866476251593024 0.17514679310286005 0.09204618796227354 0.7687636665738241 0.028068778862794647 0.7792805009463412
0 0.0675069077597337 0.1821580160178714 0.12447309394420124 0.18566362747537712 0.155147194197376 0.7640895179638165 0.09905741087728491 0.7687636665738241
0 0.1279787054017069 0.1833265531703733 0.18932690590805654 0.1891692389328828 0.21912460329685493 0.7734378151838317 0.16303481997676386 0.7711007408788279
0 0.1954617259586915 0.1891692389328828 0.2594391350581704 0.1938433875428904 0.2787199980744517 0.7734378151838317 0.2208774090256078 0.7711007408788279
0 0.2646975522444289 0.1903377760853847 0.3242929470220257 0.1938433875428904 0.34006819858080134 0.7746063523363336 0.28397841526071027 0.7722692780313297
0 0.33130416993703715 0.21955120489793217 0.3716187016983526 0.22071974205043404 0.38213553607086964 0.7746063523363336 0.34357381003830706 0.7781119637938392
0 0.3777535217489875 0.22422535350793973 0.4163152477815502 0.22539389066044166 0.42157366496780874 0.769932203726326 0.3856411475283754 0.7757748894888354
0 0.42245006783218514 0.22773096496544545 0.45838258527161846 0.22773096496544545 0.4610117938647478 0.7734378151838317 0.42332647069656154 0.7687636665738241
0 0.46451740532225344 0.22422535350793973 0.5004499227616869 0.22656242781294353 0.5030791313548161 0.7781119637938392 0.46714661391538276 0.7769434266413373
0 0.5053599323904829 0.21871697684275326 0.5225413394791995 0.22198962581203263 0.5225413394791995 0.773430977135603 0.5065871757539626 0.7726128148932833
0 0.5274503129331185 0.21380800338883424 0.5440180983400952 0.21380800338883424 0.5446317200218351 0.7767036261048824 0.5274503129331185 0.7767036261048824
0 0.5464725850670547 0.2170806523581136 0.5624267487922916 0.21626249011579374 0.5587450187018522 0.7767036261048824 0.5470862067487946 0.7783399505895221
0 0.5667221005644707 0.21380800338883424 0.5826762642897075 0.2129898411465144 0.5765400474723087 0.774249139377923 0.5618131271105516 0.773430977135603
0 0.5857443726984068 0.2170806523581136 0.6023121581053836 0.21871697684275326 0.595562319606245 0.7791581128318419 0.5789945341992683 0.7783399505895221
0 0.6059938881958229 0.21626249011579374 0.6201071868758401 0.2170806523581136 0.6133573483767014 0.7791581128318419 0.5980168063332044 0.7775217883472023
0 0.6225616736027996 0.2170806523581136 0.640356702373256 0.2195351390850731 0.630538755465418 0.7799762750741618 0.6158118351036609 0.7799762750741618
0 0.6452656758271751 0.22035330132739295 0.6599925961889321 0.2170806523581136 0.6477201625541347 0.7783399505895221 0.6329932421923775 0.7783399505895221
0 0.6624470829158917 0.22444411253899213 0.6759467599141691 0.22444411253899213 0.6593789745071923 0.7726128148932833 0.6495610275993542 0.773430977135603
0 0.6820829767315677 0.22771676150827147 0.7268773594985788 0.22526227478131197 0.7072414656829027 0.7767036261048824 0.6636743262793715 0.7717946526509635
0 0.7336271979977176 0.23344389720451036 0.7833305542186476 0.22771676150827147 0.7551039568586132 0.7816125995588015 0.7103095740916021 0.7767036261048824
0 0.7888531493543065 0.23508022168915 0.8403973706204564 0.22935308599291115 0.8035800697160637 0.7881578974973601 0.7593993086307924 0.7816125995588015
0 0.8489880741648146 0.23426205944683018 0.9005322954309644 0.2309894104775508 0.8600332644361325 0.7897942219819998 0.8133980166239017 0.7807944373164816
0 0.9036004038396638 0.22689859926595166 0.9146455941109816 0.22771676150827147 0.8784419148883288 0.7881578974973601 0.8661694812535311 0.7824307618011213
0 0.917713702519681 0.23344389720451036 0.927531649427519 0.23344389720451036 0.8974641870222649 0.7848852485280807 0.8839645100239876 0.7832489240434412
0 0.9563718684692933 0.2260804370236318 0.9741668972397498 0.22035330132739295 0.9379632180170969 0.798794006647518 0.9226226759735999 0.7922487087089594
