0 0.06650000 0.93983333 0.02450000 0.93750000 0.01712500 0.91933333 0.01262500 0.80166667 0.00012500 0.64833333 0.00025000 0.06950000 0.04150000 0.06716667 0.05737500 0.07633333 0.05087500 0.08000000 0.05212500 0.13100000 0.04787500 0.14666667 0.04412500 0.21700000 0.04312500 0.30866667 0.04837500 0.39666667 0.05437500 0.42033333 0.06162500 0.55700000 0.06287500 0.72500000 0.07412500 0.93433333
0 0.09750000 0.94483333 0.07762500 0.93966667 0.07212500 0.88933333 0.06137500 0.50233333 0.05287500 0.32900000 0.04787500 0.31033333 0.04712500 0.28666667 0.05037500 0.14633333 0.05650000 0.14183333 0.10750000 0.13716667 0.11537500 0.14266667 0.13637500 0.93633333
0 0.16150000 0.95616667 0.14275000 0.95350000 0.13812500 0.93766667 0.13212500 0.59866667 0.13162500 0.29533333 0.13262500 0.15633333 0.13725000 0.14983333 0.18650000 0.15183333 0.19787500 0.16000000 0.19587500 0.56100000 0.19987500 0.94500000 0.19775000 0.95216667
0 0.23875000 0.96716667 0.20425000 0.96316667 0.20087500 0.92800000 0.19987500 0.70500000 0.20125000 0.69783333 0.21162500 0.69366667 0.20112500 0.69200000 0.20112500 0.61166667 0.20375000 0.60783333 0.21525000 0.61116667 0.22287500 0.60766667 0.21862500 0.57633333 0.20700000 0.57483333 0.20937500 0.58033333 0.20525000 0.58283333 0.20187500 0.57233333 0.20525000 0.56350000 0.21600000 0.56916667 0.22512500 0.56433333 0.22475000 0.56016667 0.21725000 0.55783333 0.20525000 0.55983333 0.20262500 0.54166667 0.19937500 0.16233333 0.20475000 0.15650000 0.26475000 0.16183333 0.26812500 0.18833333 0.26162500 0.66600000 0.26387500 0.95566667 0.25950000 0.96350000
0 0.30200000 0.96716667 0.27175000 0.96516667 0.26637500 0.95033333 0.27087500 0.25100000 0.27337500 0.17100000 0.28025000 0.16516667 0.33775000 0.16983333 0.34212500 0.17566667 0.33062500 0.69200000 0.32937500 0.95166667 0.32650000 0.96316667
0 0.37700000 0.96650000 0.33750000 0.96450000 0.33212500 0.95966667 0.34312500 0.22866667 0.34462500 0.17533333 0.34975000 0.16850000 0.40850000 0.17250000 0.41237500 0.17800000 0.39262500 0.95366667 0.39025000 0.96316667
0 0.44100000 0.97583333 0.40125000 0.97116667 0.39637500 0.96733333 0.39537500 0.95966667 0.41412500 0.18433333 0.41950000 0.17350000 0.46600000 0.17616667 0.47787500 0.18200000 0.45337500 0.96700000 0.44850000 0.97483333
0 0.49075000 0.98350000 0.46000000 0.97950000 0.45637500 0.97233333 0.48250000 0.17750000 0.53700000 0.18150000 0.54412500 0.18900000 0.51587500 0.97166667 0.51375000 0.97983333
0 0.56225000 0.98750000 0.52200000 0.98483333 0.51762500 0.97733333 0.54462500 0.22266667 0.54662500 0.18966667 0.55250000 0.18516667 0.59925000 0.18816667 0.60787500 0.19733333 0.57637500 0.98100000 0.57275000 0.98616667
0 0.62900000 0.99816667 0.58775000 0.99550000 0.57887500 0.98300000 0.61087500 0.19433333 0.61525000 0.18550000 0.62600000 0.18216667 0.66950000 0.18550000 0.67337500 0.19933333 0.64012500 0.99066667
0 0.65450000 0.97516667 0.64362500 0.97033333 0.64287500 0.95900000 0.67487500 0.18900000 0.65412500 0.17700000 0.65812500 0.16200000 0.67325000 0.13883333 0.70925000 0.13783333 0.71412500 0.14233333 0.71412500 0.17433333 0.68312500 0.96366667 0.67775000 0.97216667
0 0.72475000 0.99616667 0.69450000 0.99050000 0.68512500 0.96733333 0.68462500 0.94366667 0.71537500 0.14633333 0.71700000 0.13883333 0.73300000 0.13383333 0.75625000 0.13483333 0.76137500 0.13866667 0.76162500 0.14633333 0.73387500 0.97100000 0.73212500 0.99066667
0 0.76050000 0.99783333 0.74025000 0.99650000 0.73412500 0.99033333 0.73387500 0.98033333 0.74862500 0.65533333 0.76212500 0.15600000 0.76362500 0.14266667 0.77375000 0.14016667 0.80300000 0.14250000 0.81012500 0.15566667 0.78037500 0.95666667 0.77712500 0.99100000
0 0.75700000 0.99550000 0.73975000 0.99450000 0.73637500 0.97966667 0.74050000 0.94850000 0.74412500 0.96900000 0.74837500 0.96433333 0.75175000 0.98483333 0.76375000 0.99016667 0.76650000 0.98483333 0.77725000 0.98516667 0.77887500 0.97633333 0.79337500 0.69833333 0.80937500 0.15866667 0.81450000 0.14883333 0.84650000 0.15050000 0.85212500 0.15433333 0.85237500 0.16033333 0.84837500 0.30300000 0.81887500 0.98300000 0.81100000 0.99350000 0.77825000 0.98683333
0 0.84400000 0.99350000 0.82225000 0.99150000 0.81912500 0.98266667 0.84137500 0.52966667 0.85187500 0.16233333 0.85500000 0.15283333 0.86200000 0.15083333 0.88850000 0.15550000 0.89087500 0.16666667 0.85912500 0.97900000 0.85575000 0.99050000
0 0.90050000 0.98816667 0.86150000 0.98316667 0.85912500 0.96700000 0.88187500 0.49800000 0.89037500 0.25133333 0.89275000 0.24716667 0.93225000 0.24683333 0.94350000 0.25083333 0.94787500 0.26500000 0.90837500 0.96400000 0.90712500 0.98300000
0 0.94550000 0.99450000 0.91600000 0.99116667 0.91012500 0.98600000 0.91212500 0.91566667 0.93437500 0.57633333 0.94887500 0.24833333 0.95475000 0.24383333 0.98650000 0.24450000 0.99037500 0.24800000 0.99037500 0.26133333 0.98362500 0.42566667 0.95412500 0.99033333
