0 0.0 0.20152108893929546 0.08463876025379488 0.2063731496018883 0.10768604840111075 0.8533145712809304 0.033692123296570314 0.8533145712809304
0 0.08706479058509128 0.1885822605057146 0.14043745787361225 0.18534755339731943 0.16348474602092813 0.8500798641725352 0.11617715456064817 0.8533145712809304
0 0.14043745787361225 0.19181696761410982 0.17440188251176195 0.19019961405991223 0.19381012516213322 0.8516972177267327 0.16227173085527993 0.8516972177267327
0 0.17804092800870658 0.22092933158966674 0.245969777285006 0.2225466851438643 0.26659103510102544 0.8565492783893255 0.19502314032778142 0.8597839854977207
0 0.2496088227819506 0.20313844249349305 0.31875068722389827 0.2096078567102835 0.3345198843773249 0.8646360461603135 0.26659103510102544 0.871105460377104
0 0.3260287782177875 0.2128425638186787 0.38789255166584585 0.2128425638186787 0.38789255166584585 0.8759575210396968 0.3345198843773249 0.8727228139313017
0 0.39274461232843866 0.28724082731176853 0.4376261734574222 0.29371024152855896 0.44854330994825603 0.8759575210396968 0.39880968815667966 0.8743401674854991
0 0.4400522037887186 0.2419549277942356 0.5188981895558519 0.23710286713164277 0.5201112047215001 0.900217824352661 0.44854330994825603 0.9018351779068584
0 0.5237502502184447 0.22901609936065476 0.5746968871756691 0.23710286713164277 0.56741879618178 0.8953657636900682 0.5201112047215001 0.8953657636900682
0 0.5856140236665031 0.2160772709270739 0.649903827445858 0.21769462448127153 0.6377736757893758 0.8953657636900682 0.56741879618178 0.8888963494732777
0 0.649903827445858 0.2613631704446069 0.6875072975809522 0.25812846333621164 0.674164130758822 0.8856616423648824 0.6414127212863204 0.88727899591908
0 0.6935723734091932 0.2160772709270739 0.7323888587099358 0.2144599173728763 0.7105545857282681 0.8986004707984633 0.6790161914214148 0.9018351779068584
0 0.7408799648694732 0.23225080646904997 0.7942526321579941 0.23548551357744515 0.7712053440106782 0.8856616423648824 0.7141936312252127 0.8824269352564873
0 0.8039567534831797 0.2613631704446069 0.8585424359373489 0.26783258466139725 0.829430071961792 0.8888963494732777 0.7760574046732711 0.88727899591908
0 0.8633944965999418 0.2516590491194212 0.8985719364037397 0.25327640267361884 0.8682465572625345 0.8824269352564873 0.829430071961792 0.8888963494732777
0 0.9082760577289254 0.2548937562278164 0.960435709851798 0.26459787755300207 0.9228322397167037 0.8905137030274753 0.8730986179251274 0.8937484101358705
