0 0.03205646176159996 0.10325473743105902 0.09030729804713865 0.10325473743105902 0.09030729804713865 0.8850422770527628 0.03205646176159996 0.8850422770527628
0 0.09873834014109824 0.11449612688967176 0.15698917642663693 0.11858390487462185 0.1416600089830741 0.891173944030188 0.09413958990802937 0.8850422770527628 0.09260667316367309 0.504878924452405
0 0.16235438503188393 0.12778140534075955 0.22673688829484784 0.13391307231818467 0.19761147015207842 0.8962836665113756 0.1485581343326774 0.8901519995339505
0 0.23516793038880732 0.13800085030313475 0.29111939155781164 0.14617640627303494 0.24896418108801388 0.9013933889925632 0.20221022038514727 0.8973056110076132
0 0.29495168341870237 0.14515446177679742 0.3570348115651317 0.15230807325046009 0.30644855900137447 0.9136567229474135 0.25126355620454827 0.9085470004662259
0 0.3875612287676176 0.19769888466004076 0.4213755687166531 0.20671604197978358 0.3357125741790963 0.9160657511328867 0.309412531996513 0.9130600320263058
0 0.42888986648310573 0.21272748019294546 0.46871564464530313 0.2237484502504089 0.3732840630113582 0.9110562192885852 0.34172401239225814 0.9070485938131438
0 0.47923566151833635 0.21873891840610735 0.5085414228075007 0.22575226298812956 0.4055955434071033 0.9180695638706073 0.37929550122451994 0.9200733766083279
0 0.5145528610206624 0.2227465438815486 0.5461129116397625 0.2277560757258502 0.43264701536633177 0.9220771893460485 0.4086012625136842 0.9160657511328867
0 0.5484610905277423 0.2351462324920919 0.576016646582389 0.24288112541971205 0.46144354509201535 0.925485426282192 0.436788573885226 0.923551703050287
0 0.5803675238541754 0.2399805405718545 0.6173499806643593 0.24771543349947467 0.49915114811416367 0.9283860111300496 0.47014529963558804 0.925485426282192
0 0.6209757117241813 0.24094740218780702 0.6543324374745433 0.25158287996328477 0.5267067041688105 0.9390214889055274 0.5056774640218431 0.9312865959779072
0 0.6579581685343653 0.24674857188352214 0.685513724589012 0.2535166031951898 0.5586131374952437 0.9428889353693374 0.5354084587123832 0.9341871808257647
0 0.696390917768478 0.24771543349947467 0.7304727897308044 0.2544834648111423 0.5941453018814988 0.9631930293043405 0.5694903306747096 0.9564249979926728
0 0.7326482283666975 0.2583509112749524 0.7544026147256293 0.26125149612280996 0.6202505655122169 0.9506238282969577 0.6013967640011427 0.9486901050650525 0.5992213253652496 0.9506238282969577
0 0.7587534919974157 0.26028463450685746 0.790659925323849 0.26511894258662005 0.6507067064147214 0.9554581363767202 0.6267768814198964 0.9515906899129101
0 0.8066131419870657 0.24771543349947467 0.8730893868180404 0.266711136940746 0.7245016102611502 0.9795131691007833 0.673399993984971 0.9690307862749005
0 0.8880267823449235 0.2625181838103928 0.9524934367241034 0.27719351976662887 0.7976162304716834 0.9899955519266662 0.7394390057880332 0.9899955519266662
0 0.9634999386912804 0.2709040900710991 1.0 0.2824347111795703 1.0 0.41765744963345974 0.864441420986687 0.9994296964699609 0.8133398047105078 0.9889473136440778
