0 0.02519167579408543 0.038517707192405985 0.05695509309967141 0.029755385177071925 0.18072289156626506 0.7833150784958014 0.1566265060240964 0.7847754654983571
0 0.001095290251916758 0.04874041621029573 0.017524644030668127 0.04435925520262869 0.14786418400876233 0.8096020445418035 0.12595837897042717 0.8125228185469149 0.031763417305585975 0.27948156261409274
0 0.05038335158817086 0.023913837166849215 0.09748083242059145 0.018072289156626505 0.2234392113910186 0.8154435925520263 0.18619934282584885 0.8154435925520263
0 0.10295728368017523 0.02683461117196057 0.1456736035049288 0.023913837166849215 0.2628696604600219 0.8183643665571376 0.22453450164293537 0.8198247535596933
0 0.14786418400876233 0.0312157721796276 0.19605695509309967 0.025374224169404894 0.30668127053669225 0.8329682365826944 0.2650602409638554 0.8358890105878057
0 0.2157721796276013 0.11153705732018986 0.2891566265060241 0.10423512230741146 0.37349397590361444 0.8373493975903614 0.30996714129244246 0.8300474625775831
0 0.2825848849945235 0.000547645125958379 0.3910186199342826 0.000547645125958379 0.4578313253012048 0.8358890105878057 0.37787513691128144 0.8475721066082512
0 0.39978094194961666 0.07356699525374225 0.48192771084337344 0.06772544724351953 0.5257393209200438 0.8504928806133626 0.4633077765607886 0.853413654618474
0 0.4874041621029573 0.000547645125958379 0.5553121577217962 0.0 0.588170865279299 0.8461117196056954 0.5323110624315444 0.8446513326031398
0 0.569550930996714 0.038517707192405985 0.6746987951807228 0.037057320189850314 0.664841182913472 0.8446513326031398 0.592552026286966 0.8490324936108068
0 0.6779846659364731 0.07064622124863089 0.7207009857612267 0.07064622124863089 0.7141292442497262 0.8125228185469149 0.6659364731653887 0.8169039795545819
0 0.7305585980284774 0.06772544724351953 0.791894852135816 0.06480467323840818 0.7699890470974808 0.8110624315443592 0.7217962760131434 0.8139832055494706
0 0.8072289156626506 0.07064622124863089 0.859802847754655 0.07064622124863089 0.8138006571741511 0.8388097845929171 0.7787513691128148 0.8373493975903614
0 0.859802847754655 0.09109163928441037 0.9189485213581599 0.08525009127418766 0.868565169769989 0.8300474625775831 0.8148959474260679 0.8300474625775831
