0 0.003156715933956207 0.12512782084395496 0.06940671593395621 0.14012782084395498 0.055656715933956206 0.8801278208439548 0.0019067159339561989 0.8784611541772882
0 0.0756567159339562 0.1434611541772883 0.1244067159339562 0.15179448751062163 0.1056567159339562 0.8817944875106215 0.05940671593395621 0.8801278208439548
0 0.1294067159339562 0.14679448751062163 0.1794067159339562 0.1584611541772883 0.15440671593395622 0.8934611541772882 0.1081567159339562 0.8851278208439548
0 0.1781567159339562 0.15346115417728828 0.2256567159339562 0.16012782084395497 0.2019067159339562 0.9034611541772882 0.1606567159339562 0.9034611541772882
0 0.2331567159339562 0.16512782084395497 0.2819067159339562 0.1734611541772883 0.25315671593395617 0.9067944875106215 0.2056567159339562 0.9084611541772882
0 0.2856567159339562 0.18012782084395496 0.3306567159339562 0.1834611541772883 0.3006567159339562 0.9134611541772882 0.2581567159339562 0.9051278208439548
0 0.3406567159339562 0.1734611541772883 0.39065671593395623 0.18012782084395496 0.3481567159339562 0.9184611541772881 0.2981567159339562 0.9101278208439548
0 0.3956567159339562 0.19512782084395497 0.44940671593395615 0.19512782084395497 0.4031567159339562 0.9234611541772881 0.3506567159339562 0.9184611541772881
0 0.44815671593395623 0.19512782084395497 0.4969067159339562 0.20012782084395497 0.4506567159339563 0.9251278208439548 0.4056567159339562 0.9234611541772881
0 0.4956567159339562 0.23179448751062162 0.6019067159339562 0.24679448751062164 0.5506567159339562 0.9617944875106215 0.4544067159339562 0.9484611541772882
0 0.6206567159339562 0.25012782084395496 0.7206567159339562 0.2667944875106216 0.6569067159339562 0.9584611541772882 0.5619067159339562 0.9601278208439549
0 0.7344067159339562 0.27179448751062163 0.8219067159339563 0.2834611541772883 0.7606567159339562 0.9601278208439549 0.6669067159339562 0.9567944875106216
0 0.8356567159339562 0.28179448751062164 0.9306567159339563 0.300127820843955 0.8644067159339562 0.9834611541772882 0.7706567159339562 0.9784611541772882
0 0.9369067159339564 0.27179448751062163 0.9531567159339562 0.2734611541772883 0.880047577268784 0.9581662006343384 0.8686699874255926 0.9569992683427292
0 0.9535643116401745 0.27551081004285605 0.9658171007020729 0.2778446746260748 0.8923003663306824 0.9581662006343384 0.877421979612663 0.962833929800776
0 0.969317897576901 0.2766777423344654 0.9824458858575065 0.2778446746260748 0.9115547491422371 0.9581662006343384 0.8958011632055105 0.962833929800776
0 0.9885722803884556 0.284846268375731 0.9999498702316469 0.284846268375731 0.9255579366415495 0.9616669975091666 0.9115547491422371 0.962833929800776
