0 0.0005630630630630631 0.20420420420420418 0.08502252252252253 0.20720720720720717 0.12894144144144143 0.9369369369369369 0.051238738738738736 0.9429429429429429
0 0.08952702702702703 0.2132132132132132 0.1706081081081081 0.2147147147147147 0.205518018018018 0.9309309309309308 0.13231981981981983 0.9414414414414414
0 0.17511261261261263 0.20420420420420418 0.25731981981981983 0.21021021021021022 0.28547297297297297 0.9279279279279279 0.2088963963963964 0.9429429429429429
0 0.26407657657657657 0.21021021021021022 0.34065315315315314 0.2132132132132132 0.3586711711711712 0.924924924924925 0.2865990990990991 0.9354354354354355
0 0.3496621621621621 0.20270270270270271 0.42286036036036034 0.1981981981981982 0.4375 0.9294294294294294 0.36204954954954954 0.9354354354354355
0 0.42961711711711714 0.2972972972972973 0.4712837837837838 0.2957957957957958 0.48592342342342343 0.924924924924925 0.446509009009009 0.9309309309309308
0 0.473536036036036 0.2807807807807808 0.5332207207207207 0.27927927927927926 0.5399774774774775 0.933933933933934 0.49155405405405406 0.9429429429429429
0 0.5433558558558558 0.2777777777777778 0.6007882882882883 0.27927927927927926 0.5985360360360361 0.9444444444444445 0.5456081081081081 0.948948948948949
0 0.6030405405405406 0.27477477477477474 0.6593468468468469 0.27177177177177175 0.6582207207207207 0.9459459459459459 0.6030405405405406 0.9534534534534533
0 0.6649774774774775 0.27177177177177175 0.7246621621621622 0.27177177177177175 0.714527027027027 0.9474474474474475 0.6661036036036035 0.9519519519519519
0 0.7280405405405406 0.26876876876876876 0.7820945945945946 0.27177177177177175 0.7708333333333334 0.9459459459459459 0.7190315315315315 0.9534534534534533
0 0.7911036036036035 0.26876876876876876 0.8440315315315315 0.26876876876876876 0.8226351351351351 0.9294294294294294 0.7719594594594594 0.9429429429429429
0 0.8474099099099098 0.2702702702702703 0.9014639639639639 0.26876876876876876 0.8766891891891891 0.9309309309309308 0.8237612612612613 0.9369369369369369
0 0.9037162162162162 0.26876876876876876 0.9577702702702702 0.2627627627627628 0.9341216216216216 0.9264264264264265 0.8834459459459459 0.9354354354354355
0 0.9577702702702702 0.26126126126126126 1.0 0.26576576576576577 0.9847972972972973 0.924924924924925 0.9375 0.924924924924925
