0 0.09468283582089553 0.0012437810945273632 0.1525186567164179 0.0 0.16557835820895522 0.822139303482587 0.11240671641791045 0.8109452736318408
0 0.17490671641791045 0.004975124378109453 0.23367537313432835 0.006218905472636815 0.2327425373134328 0.812189054726368 0.17863805970149252 0.8134328358208954
0 0.24113805970149252 0.014925373134328358 0.30457089552238803 0.027363184079601987 0.29151119402985076 0.8196517412935322 0.23554104477611937 0.8196517412935322
0 0.3101679104477612 0.026119402985074626 0.3717350746268656 0.03855721393034826 0.345615671641791 0.8258706467661691 0.29151119402985076 0.8258706467661691
0 0.37733208955223874 0.004975124378109453 0.42490671641791045 0.008706467661691543 0.39132462686567165 0.8296019900497511 0.345615671641791 0.8308457711442785
0 0.43143656716417905 0.018656716417910446 0.47807835820895517 0.026119402985074626 0.43703358208955223 0.8383084577114428 0.3969216417910447 0.835820895522388
0 0.47994402985074625 0.046019900497512436 0.5088619402985074 0.046019900497512436 0.46595149253731344 0.8407960199004975 0.43889925373134325 0.8407960199004975
0 0.5135261194029851 0.029850746268656716 0.5648320895522388 0.033582089552238806 0.5041977611940298 0.8457711442786069 0.4696828358208955 0.8445273631840796
0 0.5666977611940298 0.054726368159203974 0.6030783582089552 0.05099502487562189 0.5387126865671642 0.8706467661691542 0.5004664179104478 0.8656716417910447
0 0.6030783582089552 0.04975124378109452 0.6375932835820894 0.05099502487562189 0.5732276119402985 0.8743781094527362 0.5396455223880597 0.8731343283582088
0 0.6422574626865671 0.04975124378109452 0.6963619402985074 0.05099502487562189 0.6180037313432836 0.8868159203980099 0.5750932835820894 0.8843283582089551
0 0.6982276119402985 0.05970149253731343 0.7430037313432836 0.06467661691542288 0.6553171641791045 0.8893034825870647 0.6180037313432836 0.8868159203980099
0 0.7486007462686566 0.054726368159203974 0.7840485074626865 0.06467661691542288 0.6851679104477612 0.8955223880597014 0.659981343283582 0.8942786069651741
0 0.7915111940298507 0.05597014925373134 0.8334888059701492 0.06094527363184079 0.7290111940298507 0.8942786069651741 0.6935634328358209 0.8967661691542288
0 0.8390858208955224 0.05223880597014925 0.8866604477611939 0.06467661691542288 0.7747201492537312 0.9067164179104477 0.7280783582089552 0.8955223880597014
0 0.8913246268656716 0.06218905472636816 0.9398320895522387 0.06592039800995025 0.8166977611940298 0.9154228855721392 0.7747201492537312 0.9092039800995024
