0 0.13900000 0.53587500 0.12733333 0.53562500 0.12216667 0.53025000 0.07616667 0.38950000 0.07516667 0.38050000 0.07750000 0.37675000 0.07216667 0.37650000 0.06750000 0.35325000 0.06050000 0.34175000 0.03450000 0.25675000 0.02783333 0.24825000 0.02783333 0.23550000 0.01450000 0.19550000 0.00850000 0.18575000 0.01000000 0.18237500 0.02133333 0.17962500 0.02566667 0.18162500 0.02933333 0.17987500 0.03383333 0.18525000 0.06850000 0.29850000 0.06950000 0.31125000 0.07283333 0.31375000 0.07016667 0.32275000 0.07266667 0.32787500 0.07650000 0.32675000 0.08050000 0.34325000 0.08416667 0.34575000 0.08416667 0.35775000 0.08816667 0.35900000 0.08916667 0.36425000 0.08716667 0.37350000 0.09216667 0.37450000 0.09583333 0.39075000 0.09983333 0.39500000 0.10050000 0.40500000 0.10383333 0.40750000 0.10550000 0.42000000 0.10950000 0.42375000 0.12150000 0.46675000 0.14316667 0.52725000 0.14416667 0.53350000
0 0.16066667 0.54137500 0.15100000 0.54087500 0.14650000 0.53725000 0.12550000 0.47475000 0.03183333 0.18000000 0.03150000 0.17000000 0.03966667 0.16762500 0.06600000 0.16512500 0.07416667 0.17050000 0.17816667 0.51725000 0.18150000 0.53725000
0 0.20133333 0.54262500 0.18766667 0.54162500 0.18083333 0.53075000 0.07516667 0.17450000 0.08100000 0.16887500 0.11266667 0.16612500 0.11716667 0.17000000 0.12350000 0.18600000 0.12650000 0.20550000 0.21716667 0.53125000 0.21500000 0.54037500
0 0.23433333 0.54687500 0.22466667 0.54637500 0.21850000 0.54075000 0.18483333 0.39925000 0.18150000 0.39675000 0.18050000 0.38550000 0.15783333 0.31125000 0.12583333 0.18250000 0.12416667 0.17025000 0.12800000 0.16587500 0.20533333 0.16712500 0.21016667 0.16975000 0.21316667 0.17750000 0.25350000 0.35900000 0.25616667 0.36100000 0.26083333 0.38925000 0.26416667 0.39300000 0.28750000 0.48625000 0.29583333 0.53125000 0.29550000 0.53700000 0.29133333 0.53887500
0 0.31133333 0.54962500 0.30333333 0.54912500 0.30016667 0.54525000 0.27216667 0.40850000 0.26716667 0.39575000 0.25250000 0.30775000 0.24016667 0.27275000 0.24050000 0.25075000 0.23650000 0.24075000 0.23250000 0.23950000 0.23250000 0.23525000 0.23666667 0.23587500 0.23783333 0.23125000 0.23416667 0.21300000 0.22816667 0.20600000 0.23016667 0.20100000 0.22583333 0.17400000 0.22750000 0.17025000 0.23700000 0.16562500 0.33800000 0.16962500 0.35083333 0.22100000 0.40650000 0.53475000 0.40033333 0.53912500
0 0.42166667 0.54762500 0.41050000 0.54600000 0.40783333 0.53625000 0.35350000 0.23175000 0.35250000 0.22025000 0.35733333 0.21762500 0.36933333 0.21787500 0.37150000 0.22050000 0.38283333 0.30175000 0.42083333 0.50900000 0.42550000 0.54125000 0.42483333 0.54650000
0 0.44266667 0.54987500 0.43033333 0.54912500 0.42550000 0.54225000 0.37283333 0.22075000 0.36716667 0.20950000 0.36883333 0.20075000 0.37766667 0.19612500 0.41233333 0.19637500 0.41750000 0.20375000 0.46950000 0.54475000 0.46666667 0.54812500
0 0.48766667 0.55362500 0.47283333 0.55150000 0.46816667 0.53675000 0.43816667 0.33950000 0.43816667 0.31400000 0.42250000 0.23150000 0.41983333 0.20050000 0.42133333 0.19712500 0.42966667 0.19487500 0.46300000 0.19487500 0.46783333 0.21350000 0.51316667 0.54375000 0.51000000 0.55237500
0 0.62700000 0.55837500 0.58566667 0.55612500 0.58216667 0.55275000 0.59883333 0.18850000 0.59983333 0.17400000 0.60366667 0.17062500 0.64800000 0.17037500 0.65283333 0.17350000 0.65383333 0.18525000 0.64850000 0.28750000 0.63183333 0.54500000
0 0.66366667 0.56687500 0.63900000 0.56587500 0.63216667 0.56100000 0.63316667 0.51250000 0.66983333 0.11875000 0.67650000 0.09175000 0.68500000 0.08687500 0.69866667 0.08537500 0.71066667 0.08662500 0.71716667 0.09175000 0.71750000 0.10975000 0.67183333 0.55650000 0.66916667 0.56450000
0 0.68966667 0.56737500 0.67683333 0.56275000 0.67683333 0.53975000 0.68150000 0.48225000 0.68750000 0.45525000 0.71216667 0.17775000 0.71666667 0.16837500 0.74233333 0.16837500 0.74716667 0.17025000 0.74483333 0.19925000 0.70783333 0.56100000 0.70466667 0.56537500
0 0.75733333 0.56612500 0.71333333 0.56462500 0.70983333 0.55525000 0.74016667 0.25700000 0.74516667 0.22075000 0.75183333 0.21700000 0.74466667 0.21587500 0.74350000 0.21350000 0.74850000 0.17375000 0.75566667 0.16812500 0.78733333 0.16787500 0.80900000 0.16962500 0.81216667 0.17550000 0.80783333 0.21350000 0.80450000 0.21700000 0.77083333 0.56025000 0.76866667 0.56487500
0 0.79533333 0.56662500 0.77433333 0.56487500 0.77150000 0.55700000 0.81116667 0.17900000 0.81533333 0.17387500 0.84566667 0.17337500 0.84883333 0.17925000 0.84350000 0.23750000 0.80683333 0.55700000 0.80483333 0.56475000
0 0.84200000 0.56537500 0.81066667 0.56412500 0.80750000 0.56075000 0.80850000 0.54925000 0.84616667 0.21675000 0.85700000 0.21287500 0.87600000 0.21287500 0.88516667 0.21575000 0.88516667 0.23100000 0.84750000 0.55975000
0 0.88100000 0.56512500 0.85333333 0.56312500 0.84983333 0.55625000 0.88683333 0.23800000 0.88483333 0.18950000 0.89983333 0.10375000 0.91200000 0.10112500 0.94033333 0.10212500 0.94550000 0.11050000 0.94450000 0.13200000 0.92983333 0.23200000 0.89316667 0.55425000 0.89050000 0.56300000
0 0.92933333 0.56612500 0.89666667 0.56512500 0.89316667 0.55725000 0.93550000 0.21350000 0.94033333 0.20787500 0.95966667 0.20487500 0.97483333 0.21325000 0.97550000 0.23725000 0.93850000 0.56000000 0.93633333 0.56462500
0 0.97500000 0.56812500 0.94300000 0.56562500 0.93916667 0.56025000 0.93916667 0.54375000 0.95216667 0.46775000 0.97416667 0.26000000 0.98150000 0.21325000 0.99033333 0.20512500 0.99966667 0.20487500 0.99966667 0.42500000 0.99783333 0.42675000 0.99316667 0.46250000 0.98383333 0.55775000 0.98083333 0.56500000
0 0.05766667 0.95937500 0.05050000 0.95550000 0.04850000 0.94375000 0.02750000 0.63825000 0.05466667 0.62262500 0.07666667 0.61562500 0.08800000 0.60762500 0.10966667 0.59987500 0.13533333 0.58512500 0.14666667 0.58262500 0.15083333 0.58425000 0.15083333 0.59975000 0.14550000 0.60325000 0.13883333 0.61625000 0.13500000 0.61637500 0.12516667 0.62575000 0.11916667 0.63875000 0.11116667 0.64275000 0.07750000 0.67350000 0.09083333 0.94725000 0.08583333 0.95525000 0.08033333 0.95837500
0 0.12533333 0.95337500 0.10300000 0.95162500 0.09383333 0.94775000 0.09250000 0.94350000 0.07883333 0.67550000 0.08383333 0.66850000 0.09900000 0.65812500 0.11933333 0.65837500 0.12316667 0.66525000 0.13316667 0.94675000 0.13250000 0.95200000
0 0.15333333 0.95162500 0.13900000 0.95012500 0.13616667 0.94450000 0.12850000 0.73550000 0.12216667 0.64425000 0.12283333 0.63475000 0.13466667 0.62937500 0.14666667 0.63062500 0.15016667 0.63475000 0.15283333 0.66000000 0.15750000 0.81275000 0.16450000 0.93500000 0.16383333 0.94775000
0 0.19400000 0.94962500 0.17000000 0.94812500 0.16583333 0.94200000 0.15816667 0.77275000 0.15783333 0.71700000 0.15516667 0.71075000 0.15416667 0.67325000 0.16433333 0.66187500 0.17333333 0.65937500 0.18666667 0.65962500 0.19383333 0.66200000 0.19116667 0.71825000 0.20116667 0.93275000 0.19883333 0.94750000
0 0.22066667 0.94537500 0.20633333 0.94162500 0.20316667 0.93550000 0.19316667 0.63500000 0.22133333 0.61737500 0.23183333 0.61950000 0.22466667 0.62012500 0.22116667 0.62325000 0.22616667 0.63075000 0.22550000 0.63500000 0.21783333 0.64325000 0.21516667 0.65100000 0.22283333 0.91925000 0.22283333 0.94175000
0 0.24933333 0.97587500 0.22850000 0.97475000 0.22450000 0.95050000 0.21650000 0.65400000 0.22050000 0.64275000 0.22866667 0.63462500 0.23433333 0.63362500 0.25200000 0.63387500 0.25416667 0.63775000 0.25650000 0.78425000 0.25383333 0.81950000 0.25816667 0.95225000 0.25650000 0.97425000
0 0.28866667 0.97162500 0.26766667 0.96762500 0.26383333 0.96275000 0.25550000 0.63450000 0.25850000 0.62500000 0.26766667 0.61937500 0.27966667 0.61937500 0.28450000 0.62650000 0.28583333 0.78825000 0.29250000 0.93900000 0.29183333 0.96850000
0 0.34366667 0.99462500 0.29900000 0.98662500 0.29350000 0.97975000 0.29450000 0.90775000 0.28950000 0.82675000 0.28816667 0.66325000 0.28483333 0.61200000 0.29050000 0.59925000 0.30200000 0.59412500 0.31066667 0.60037500 0.32733333 0.59812500 0.37333333 0.59987500 0.39266667 0.60312500 0.40533333 0.59812500 0.40916667 0.60325000 0.40883333 0.63900000 0.40150000 0.66550000 0.39416667 0.98250000 0.39200000 0.98587500 0.37700000 0.98787500 0.37100000 0.99112500
0 0.41700000 0.99537500 0.40033333 0.99437500 0.39616667 0.99050000 0.40516667 0.67875000 0.40716667 0.65000000 0.41150000 0.63975000 0.42866667 0.63812500 0.44383333 0.64200000 0.44483333 0.65300000 0.44116667 0.66200000 0.43050000 0.98300000 0.42816667 0.99275000 0.42400000 0.98862500 0.42283333 0.99425000
0 0.46333333 0.99787500 0.44033333 0.99712500 0.43450000 0.98950000 0.44650000 0.63850000 0.45116667 0.62800000 0.45533333 0.62412500 0.46083333 0.62325000 0.45933333 0.61737500 0.46483333 0.61950000 0.46700000 0.62412500 0.47933333 0.62237500 0.48883333 0.63075000 0.48050000 0.68050000 0.47116667 0.96400000 0.46816667 0.99300000
0 0.52666667 0.99975000 0.50533333 0.99975000 0.50366667 0.99787500 0.47900000 0.99537500 0.47450000 0.99400000 0.47316667 0.99025000 0.48216667 0.69100000 0.48583333 0.65350000 0.49033333 0.64287500 0.54616667 0.64625000 0.54016667 0.71600000 0.53050000 0.98325000
0 0.55300000 0.99237500 0.53333333 0.99012500 0.53183333 0.98425000 0.54116667 0.71875000 0.54450000 0.67950000 0.54866667 0.67612500 0.57250000 0.67900000 0.57650000 0.70750000 0.56283333 0.98400000 0.56083333 0.98950000
0 0.58466667 0.98887500 0.56866667 0.98787500 0.56383333 0.98175000 0.56816667 0.90075000 0.57150000 0.87775000 0.57850000 0.71975000 0.58033333 0.71112500 0.58400000 0.71337500 0.58866667 0.71337500 0.61066667 0.71037500 0.61316667 0.71250000 0.61216667 0.73750000 0.60716667 0.77050000 0.60616667 0.81575000 0.60183333 0.84975000 0.60216667 0.87875000 0.59783333 0.90425000 0.59650000 0.97375000 0.59283333 0.98625000
0 0.62766667 0.99975000 0.60666667 0.99975000 0.60633333 0.99812500 0.59983333 0.99525000 0.59816667 0.98975000 0.60116667 0.92000000 0.59983333 0.90425000 0.60316667 0.88875000 0.60350000 0.85175000 0.60750000 0.82475000 0.61383333 0.71975000 0.61616667 0.70075000 0.61933333 0.69787500 0.64266667 0.69862500 0.64583333 0.70125000 0.64750000 0.70800000 0.64483333 0.79125000 0.63383333 0.90375000 0.63150000 0.98375000
0 0.67066667 0.99975000 0.63733333 0.99975000 0.63616667 0.99475000 0.63916667 0.88050000 0.64750000 0.80725000 0.64983333 0.72250000 0.65150000 0.71275000 0.65483333 0.70825000 0.66200000 0.70687500 0.68766667 0.70787500 0.69316667 0.71300000
0 0.72500000 0.99975000 0.67283333 0.99975000 0.69550000 0.70850000 0.70083333 0.67700000 0.70500000 0.67062500 0.71116667 0.66975000 0.71300000 0.66462500 0.72433333 0.66762500 0.73266667 0.66462500 0.74200000 0.67012500 0.75033333 0.67162500 0.75416667 0.67825000
0 0.76866667 0.99975000 0.72650000 0.99975000 0.74016667 0.84475000 0.74616667 0.80275000 0.75083333 0.73450000 0.75600000 0.71337500 0.76000000 0.71662500 0.78833333 0.71587500 0.79650000 0.72050000 0.79150000 0.76875000 0.78683333 0.78575000 0.78150000 0.82525000 0.77916667 0.86900000 0.77316667 0.91700000 0.77183333 0.95850000 0.76783333 0.98150000
0 0.82814815 0.69166667 0.91407407 0.69388889 0.86370370 0.99888889 0.78370370 0.99944444
0 0.92148148 0.69166667 0.99629630 0.69055556 0.95925926 0.99611111 0.86814815 0.99777778
