0 0.14695945945945946 0.11411411411411412 0.25957207207207206 0.11861861861861862 0.24493243243243243 0.9204204204204204 0.13907657657657657 0.9174174174174174
0 0.25844594594594594 0.13063063063063063 0.35754504504504503 0.13363363363363365 0.33389639639639634 0.9114114114114114 0.24718468468468466 0.9069069069069069
0 0.3721846846846847 0.13213213213213212 0.46903153153153154 0.13813813813813813 0.43975225225225223 0.924924924924925 0.34290540540540543 0.9189189189189189
0 0.4757882882882883 0.13213213213213212 0.5872747747747747 0.13963963963963963 0.5512387387387386 0.9369369369369369 0.44876126126126126 0.933933933933934
0 0.5884009009009009 0.13663663663663664 0.6998873873873874 0.14864864864864866 0.6570945945945946 0.9384384384384384 0.5579954954954954 0.9369369369369369
0 0.696509009009009 0.13213213213213212 0.7539414414414414 0.13363363363363365 0.714527027027027 0.9369369369369369 0.6582207207207207 0.9384384384384384
0 0.7573198198198198 0.15615615615615616 0.8147522522522522 0.16516516516516516 0.767454954954955 0.9414414414414414 0.7224099099099098 0.9414414414414414
0 0.8181306306306306 0.18468468468468469 0.8474099099099098 0.18768768768768768 0.8079954954954954 0.9369369369369369 0.7753378378378378 0.9414414414414414
0 0.8496621621621622 0.1921921921921922 0.884572072072072 0.1951951951951952 0.8417792792792793 0.9309309309309308 0.8113738738738739 0.9354354354354355
0 0.8902027027027027 0.18768768768768768 0.9183558558558558 0.1921921921921922 0.8811936936936937 0.9309309309309308 0.8451576576576576 0.9279279279279279
0 0.919481981981982 0.19669669669669668 0.9521396396396397 0.1981981981981982 0.9127252252252253 0.9294294294294294 0.8834459459459459 0.9279279279279279
0 0.9577702702702702 0.1951951951951952 0.9938063063063063 0.1981981981981982 0.946509009009009 0.9264264264264265 0.9183558558558558 0.924924924924925
