0 0.0912106135986733 0.13557213930348258 0.12603648424543945 0.1417910447761194 0.01990049751243781 0.7288557213930348 0.0 0.7276119402985074
0 0.12603648424543945 0.13930348258706468 0.15257048092868986 0.14303482587064675 0.04311774461028192 0.7263681592039801 0.01990049751243781 0.7251243781094526
0 0.15257048092868986 0.13930348258706468 0.1890547263681592 0.1417910447761194 0.07462686567164178 0.7350746268656716 0.03980099502487562 0.7313432835820894
0 0.19071310116086235 0.14303482587064675 0.2122719734660033 0.14427860696517414 0.10281923714759535 0.7350746268656716 0.07296849087893864 0.7325870646766168
0 0.22553897180762852 0.14303482587064675 0.2570480928689884 0.14925373134328357 0.1276948590381426 0.736318407960199 0.10281923714759535 0.736318407960199
0 0.2520729684908789 0.1616915422885572 0.33167495854063017 0.17164179104477612 0.21061359867330018 0.7425373134328357 0.12603648424543945 0.7313432835820894
0 0.3499170812603648 0.16915422885572137 0.43283582089552236 0.17661691542288557 0.33167495854063017 0.7562189054726367 0.2553897180762852 0.7475124378109452
0 0.43449419568822556 0.18034825870646765 0.5223880597014925 0.19029850746268656 0.4245439469320066 0.7599502487562189 0.3449419568822554 0.7587064676616915
0 0.5190713101160862 0.18407960199004975 0.603648424543947 0.18905472636815918 0.5024875621890548 0.7686567164179103 0.42288557213930345 0.763681592039801
0 0.6135986733001658 0.21890547263681592 0.6948590381426202 0.22761194029850745 0.5953565505804311 0.777363184079602 0.5174129353233831 0.7748756218905473
0 0.703150912106136 0.22388059701492538 0.7943615257048092 0.2288557213930348 0.6832504145936981 0.7786069651741293 0.5953565505804311 0.777363184079602
0 0.7943615257048092 0.2251243781094527 0.8706467661691542 0.23383084577114424 0.7628524046434494 0.7786069651741293 0.6832504145936981 0.7798507462686566
0 0.8739635157545605 0.23631840796019898 0.956882255389718 0.24253731343283583 0.8424543946932007 0.7823383084577114 0.7694859038142621 0.7798507462686566
