0 0.0 0.18018018018018017 0.03547297297297298 0.1816816816816817 0.04560810810810811 0.7822822822822822 0.00394144144144144 0.7882882882882883
0 0.050112612612612614 0.1891891891891892 0.0884009009009009 0.1891891891891892 0.0929054054054054 0.7837837837837838 0.048986486486486486 0.7867867867867868
0 0.0929054054054054 0.1981981981981982 0.13682432432432431 0.1951951951951952 0.13344594594594594 0.7972972972972973 0.09740990990990991 0.798798798798799
0 0.14132882882882883 0.19369369369369369 0.1920045045045045 0.1951951951951952 0.18074324324324323 0.8018018018018018 0.13682432432432431 0.8063063063063063
0 0.19538288288288289 0.1981981981981982 0.24605855855855857 0.20270270270270271 0.23479729729729729 0.8063063063063063 0.1875 0.8108108108108109
0 0.25056306306306303 0.2222222222222222 0.303490990990991 0.2222222222222222 0.2911036036036036 0.8078078078078079 0.24380630630630631 0.8108108108108109
0 0.3102477477477477 0.22822822822822825 0.36317567567567566 0.22972972972972971 0.3507882882882883 0.8168168168168167 0.29898648648648646 0.8063063063063063
0 0.36747785202534794 0.23628168445837433 0.42267059554741276 0.24153813622238052 0.4037473691969905 0.8092349267350476 0.35328543226253123 0.8092349267350476
0 0.4258244666058165 0.2499484590447904 0.4754979357756749 0.2499484590447904 0.4557862416606517 0.8102862170878489 0.41084357907839886 0.8039784749710415
0 0.4802287423632804 0.2541536204559954 0.5291137437685378 0.2573074915143991 0.506248178595111 0.8081836363822464 0.4620939837774591 0.8081836363822464
0 0.5362099536499462 0.261512652925604 0.5874603583490063 0.2636152336312065 0.5574985832941712 0.81133750744065 0.5125559207119184 0.806081055676644
0 0.5890372938782082 0.2636152336312065 0.6394992308126676 0.26887168539521267 0.6048066491702269 0.8134400881462527 0.5614409221171759 0.8081836363822464
0 0.6465954406940759 0.26887168539521267 0.6931150388055305 0.27202555645361637 0.6505377795170805 0.8102862170878489 0.6095374557578324 0.8134400881462527
0 0.6946919743347324 0.27517942751202007 0.7490962500921964 0.279384588923225 0.698634313157737 0.8102862170878489 0.6529031828108833 0.806081055676644
0 0.7585578632674075 0.2762307178648213 0.8090198002018667 0.27202555645361637 0.7538270566798019 0.8302607337910723 0.7065189908037464 0.8229017013214637
0 0.8326738331398944 0.21735845810795212 0.8815588345451518 0.22682007128316323 0.8074428646726648 0.8439275083774884 0.7680194764426186 0.8439275083774884
0 0.891020447720363 0.2226149098719583 0.9320207714796112 0.2278713616359645 0.8847127056035556 0.8428762180246872 0.8508085917257158 0.8428762180246872
