0 0.10375000 0.95316667 0.09075000 0.95150000 0.08687500 0.93533333 0.09562500 0.47100000 0.10662500 0.12700000 0.11150000 0.11683333 0.15650000 0.11883333 0.16625000 0.12583333 0.16887500 0.13500000 0.16237500 0.14900000 0.16087500 0.16633333 0.14212500 0.94400000 0.12700000 0.95216667
0 0.19100000 0.95383333 0.15775000 0.95250000 0.14675000 0.94783333 0.14462500 0.94033333 0.16312500 0.16200000 0.16562500 0.14700000 0.17550000 0.13816667 0.24225000 0.14250000 0.26075000 0.14983333 0.26612500 0.15833333 0.26112500 0.23966667 0.24387500 0.93566667 0.24075000 0.94383333 0.23125000 0.94783333
0 0.33500000 0.94416667 0.25900000 0.94116667 0.24850000 0.93750000 0.24637500 0.92933333 0.26587500 0.19233333 0.26762500 0.16933333 0.27550000 0.15783333 0.35075000 0.16016667 0.36687500 0.16633333 0.35262500 0.93166667 0.34975000 0.94016667
0 0.44000000 0.94950000 0.36325000 0.94816667 0.35562500 0.94200000 0.36762500 0.23266667 0.37012500 0.16200000 0.37700000 0.15583333 0.47100000 0.15750000 0.47512500 0.16233333 0.48137500 0.19300000 0.47362500 0.60366667 0.47862500 0.69400000 0.47512500 0.69733333 0.47712500 0.71333333 0.47412500 0.71700000 0.47987500 0.72100000 0.48512500 0.73733333 0.47812500 0.74766667 0.47737500 0.76800000 0.47287500 0.77933333 0.47462500 0.81466667 0.47137500 0.82633333 0.47487500 0.82866667 0.47537500 0.88000000 0.46962500 0.88900000 0.47087500 0.92100000 0.46662500 0.91933333 0.45900000 0.94683333
0 0.56575000 0.92350000 0.53725000 0.92050000 0.53137500 0.91200000 0.52912500 0.89700000 0.48462500 0.21066667 0.48550000 0.19250000 0.50725000 0.18416667 0.52562500 0.18666667 0.54812500 0.55700000 0.57437500 0.90133333 0.57462500 0.92000000
0 0.60125000 0.96150000 0.58600000 0.96016667 0.57912500 0.95200000 0.56212500 0.72233333 0.52512500 0.16066667 0.52587500 0.13633333 0.54500000 0.12850000 0.56050000 0.12850000 0.56637500 0.13466667 0.62362500 0.93566667 0.61950000 0.95616667
0 0.65975000 0.95250000 0.62950000 0.94883333 0.62512500 0.94033333 0.57887500 0.27766667 0.57687500 0.21866667 0.57762500 0.20900000 0.58375000 0.20483333 0.61575000 0.20416667 0.62487500 0.25266667 0.67437500 0.94266667 0.67375000 0.94783333
0 0.70150000 0.94883333 0.68175000 0.94683333 0.67587500 0.93533333 0.67212500 0.83766667 0.63012500 0.24733333 0.61762500 0.19433333 0.62687500 0.15433333 0.63875000 0.14550000 0.67900000 0.14516667 0.69012500 0.15066667 0.74237500 0.93033333 0.73875000 0.94383333
0 0.78425000 0.97983333 0.75975000 0.97283333 0.74687500 0.94100000 0.70862500 0.39666667 0.69887500 0.20733333 0.69287500 0.16233333 0.70525000 0.12683333 0.72800000 0.11583333 0.75600000 0.11816667 0.76212500 0.12700000 0.78862500 0.45733333 0.81512500 0.87333333 0.81737500 0.95933333 0.81450000 0.97516667
0 0.89775000 0.97550000 0.87700000 0.97250000 0.86912500 0.96233333 0.84987500 0.83633333 0.83787500 0.82600000 0.83387500 0.80733333 0.82662500 0.66933333 0.78937500 0.29000000 0.78562500 0.20633333 0.79162500 0.16600000 0.78725000 0.16616667 0.77937500 0.15500000 0.78325000 0.14350000 0.81250000 0.13450000 0.83650000 0.13416667 0.84587500 0.15400000 0.94487500 0.95533333 0.94225000 0.96816667
0 0.97900000 0.98050000 0.95525000 0.97683333 0.94912500 0.96700000 0.84887500 0.14300000 0.84600000 0.13416667 0.82537500 0.12366667 0.82912500 0.10400000 0.84200000 0.07883333 0.88475000 0.06450000 0.89225000 0.06450000 0.89712500 0.07233333 0.99975000 0.89900000 0.99975000 0.97366667
