0 0.14598880597014927 0.15920398009950248 0.18423507462686567 0.15422885572139303 0.21781716417910446 0.9092039800995024 0.1730410447761194 0.9129353233830845
0 0.20382462686567163 0.19278606965174128 0.23460820895522386 0.1890547263681592 0.24953358208955223 0.8855721393034824 0.22621268656716415 0.8868159203980099
0 0.23460820895522386 0.24875621890547264 0.2644589552238806 0.2512437810945274 0.28031716417910446 0.907960199004975 0.24860074626865672 0.907960199004975
0 0.2719216417910447 0.2524875621890547 0.30830223880597013 0.25497512437810943 0.3194962686567164 0.9029850746268656 0.2859141791044776 0.9104477611940298
0 0.3111007462686567 0.2126865671641791 0.35401119402985076 0.21641791044776118 0.3605410447761194 0.9029850746268656 0.32322761194029853 0.8955223880597014
0 0.35494402985074625 0.2027363184079602 0.43143656716417905 0.20398009950248755 0.42583955223880593 0.9104477611940298 0.3605410447761194 0.9104477611940298
0 0.42863805970149255 0.24004975124378108 0.46875 0.24626865671641787 0.46781716417910446 0.9104477611940298 0.42583955223880593 0.9104477611940298
0 0.4743470149253731 0.1106965174129353 0.5583022388059701 0.10945273631840795 0.5415111940298507 0.9378109452736318 0.470615671641791 0.9328358208955224
0 0.5732276119402985 0.1044776119402985 0.6329291044776119 0.10945273631840795 0.5965485074626865 0.9291044776119401 0.5499067164179103 0.9253731343283581
0 0.6366604477611939 0.17786069651741293 0.6833022388059701 0.1791044776119403 0.6478544776119403 0.9241293532338307 0.6002798507462687 0.9166666666666666
0 0.6888992537313433 0.20398009950248755 0.71875 0.2052238805970149 0.6739738805970148 0.931592039800995 0.6450559701492536 0.9266169154228855
0 0.7252798507462687 0.14925373134328357 0.7877798507462687 0.14925373134328357 0.7336753731343283 0.9253731343283581 0.6739738805970148 0.9166666666666666
