0 0.04646889530011079 0.1784777204472429 0.09404352216578243 0.17599015825818817 0.07818531321055855 0.904845879651223 0.023147999777722732 0.9060896607457505
0 0.10430471619563318 0.1846966259198797 0.15187934306130482 0.1846966259198797 0.12949128335981228 0.9011145363676409 0.08098382067324512 0.9011145363676409
0 0.15747635798667795 0.182209063730825 0.19572262664339438 0.1884279692034618 0.17520023858369288 0.9011145363676409 0.13135695500160333 0.9011145363676409
0 0.21064799977772272 0.19713443686515333 0.25822262664339435 0.1983782179596807 0.23303605947921524 0.8924080687059495 0.18825994007623018 0.8961394119895315
0 0.262886805747872 0.21579115328306378 0.3020659102254839 0.20957224781042696 0.3328494923150362 0.8961394119895315 0.29553605947921524 0.9023583174621684
0 0.32258829828518537 0.2083284667158996 0.3888196415687675 0.20957224781042696 0.40281217888220033 0.8986269741785862 0.33005098485234957 0.9036020985566958
0 0.4009465072404093 0.19713443686515333 0.43173008932996154 0.20086578014873543 0.4466554624642899 0.9036020985566958 0.41120770127026 0.904845879651223
0 0.44927984057374254 0.21249098744558448 0.512712676394638 0.2174661118236939 0.512712676394638 0.8953268083411069 0.45301118385732464 0.9090084003809079
0 0.5285708853498619 0.2174661118236939 0.5873395420662798 0.2323914849580223 0.5742798405737425 0.8928392461520522 0.5201753629618022 0.899058151624689
0 0.5845410346035933 0.22617257948538547 0.6405111838573246 0.23985417152518645 0.6349141689319515 0.8791576541122511 0.5780111838573246 0.881645216301306
0 0.6451753629618022 0.2410979526197138 0.6992798405737425 0.24234173371424117 0.6955484972901604 0.8791576541122511 0.6395783480364291 0.8828889973958334
0 0.7375261092304589 0.21249098744558448 0.780436556991653 0.2174661118236939 0.798160437588668 0.9139835247590173 0.7552499898274739 0.9214462113261815
