0 0.09259259259259257 0.13363363363363362 0.17067067067067065 0.13363363363363362 0.20070070070070073 0.903903903903904 0.12462462462462459 0.9009009009009009
0 0.19649998982747396 0.20324981689453125 0.2548333231608073 0.19824981689453125 0.2681666564941406 0.8907498168945313 0.21316665649414063 0.8944998168945313
0 0.2581666564941406 0.20074981689453125 0.3181666564941406 0.20074981689453125 0.3231666564941406 0.8932498168945312 0.26983332316080727 0.8957498168945313
0 0.32149998982747396 0.19949981689453125 0.3748333231608073 0.20074981689453125 0.38149998982747396 0.8982498168945312 0.3281666564941406 0.8957498168945313
0 0.3798333231608073 0.19199981689453124 0.44149998982747396 0.19324981689453125 0.44649998982747396 0.9119998168945312 0.3848333231608073 0.9132498168945312
0 0.4448333231608073 0.21949981689453124 0.5648333231608073 0.21824981689453124 0.5498333231608072 0.9082498168945312 0.4498333231608073 0.9132498168945312
0 0.5681666564941407 0.21449981689453124 0.681499989827474 0.20949981689453126 0.6614999898274739 0.9207498168945313 0.5598333231608073 0.9194998168945312
0 0.686499989827474 0.20699981689453126 0.816499989827474 0.20449981689453126 0.7781666564941406 0.9357498168945313 0.6748333231608072 0.9307498168945313
0 0.821499989827474 0.22949981689453125 0.8898333231608073 0.23199981689453125 0.851499989827474 0.9207498168945313 0.7898333231608073 0.9194998168945312
0 0.8931666564941406 0.23324981689453125 0.9398333231608073 0.22949981689453125 0.9148333231608073 0.9007498168945313 0.856499989827474 0.9082498168945312
