0 0.0005630630630630631 0.08258258258258258 0.08051801801801801 0.08408408408408408 0.13795045045045046 0.9474474474474475 0.05912162162162162 0.948948948948949
0 0.08614864864864864 0.08108108108108107 0.169481981981982 0.07957957957957958 0.21002252252252251 0.9564564564564565 0.13682432432432431 0.960960960960961
0 0.17398648648648649 0.1126126126126126 0.21903153153153151 0.1126126126126126 0.2606981981981982 0.960960960960961 0.22804054054054054 0.9684684684684685
0 0.22240990990990991 0.07657657657657659 0.2730855855855856 0.07807807807807808 0.3136261261261261 0.966966966966967 0.2606981981981982 0.9684684684684685
0 0.2787162162162162 0.12012012012012012 0.33614864864864863 0.11561561561561562 0.3721846846846847 0.9744744744744744 0.3147522522522523 0.9744744744744744
0 0.3474099099099099 0.08258258258258258 0.42398648648648646 0.08408408408408408 0.43975225225225223 0.9729729729729729 0.3721846846846847 0.9729729729729729
0 0.4307432432432432 0.08558558558558559 0.5399774774774775 0.08258258258258258 0.5343468468468469 0.9774774774774775 0.43975225225225223 0.9729729729729729
0 0.5478603603603603 0.10210210210210209 0.6311936936936937 0.1006006006006006 0.6109234234234234 0.9729729729729729 0.5388513513513513 0.9819819819819819
0 0.634572072072072 0.07507507507507508 0.6942567567567568 0.07807807807807808 0.6604729729729729 0.9729729729729729 0.6188063063063063 0.9729729729729729
0 0.6987612612612613 0.10960960960960961 0.7640765765765766 0.1111111111111111 0.7190315315315315 0.96996996996997 0.6638513513513513 0.9774774774774775
0 0.7663288288288288 0.21021021021021022 0.8316441441441441 0.2087087087087087 0.7843468468468469 0.9744744744744744 0.7302927927927927 0.9744744744744744
0 0.8541666666666666 0.10210210210210209 0.9329954954954954 0.10360360360360359 0.8541666666666666 0.9714714714714714 0.7933558558558558 0.9774774774774775
