0 0.06025000 0.37150000 0.03275000 0.36983333 0.02937500 0.36633333 0.02887500 0.36266667 0.02937500 0.11133333 0.03087500 0.09600000 0.03125000 0.00016667 0.06662500 0.00033333 0.06312500 0.27066667 0.06387500 0.31200000 0.06237500 0.36933333
0 0.09575000 0.37583333 0.06850000 0.37450000 0.06487500 0.36933333 0.07000000 0.00016667 0.10737500 0.00033333 0.10012500 0.35633333 0.09887500 0.37233333
0 0.13150000 0.38083333 0.10375000 0.37816667 0.10112500 0.37366667 0.10262500 0.25100000 0.11050000 0.00016667 0.14437500 0.00033333 0.14362500 0.05866667 0.13837500 0.18466667 0.13562500 0.36800000 0.13512500 0.37733333
0 0.16650000 0.38450000 0.14150000 0.38250000 0.13850000 0.38150000 0.13712500 0.37800000 0.13862500 0.24366667 0.14700000 0.00016667 0.18112500 0.00033333 0.17287500 0.23000000 0.17087500 0.35166667 0.16937500 0.38100000
0 0.19750000 0.38783333 0.17400000 0.38650000 0.17112500 0.38133333 0.17262500 0.28066667 0.18137500 0.03600000 0.18350000 0.00016667 0.21600000 0.00016667 0.20162500 0.36333333 0.19987500 0.38500000
0 0.23325000 0.39216667 0.20850000 0.38983333 0.20500000 0.38816667 0.20312500 0.38266667 0.21662500 0.02700000 0.21875000 0.00016667 0.25300000 0.00016667 0.23837500 0.37400000 0.23737500 0.38933333
0 0.27150000 0.39583333 0.24475000 0.39350000 0.23887500 0.38900000 0.24762500 0.16066667 0.25287500 0.07300000 0.25412500 0.00566667 0.25475000 0.00016667 0.28925000 0.00016667 0.28462500 0.13600000 0.27837500 0.24400000 0.27562500 0.35200000 0.27362500 0.39266667
0 0.30675000 0.39883333 0.27925000 0.39750000 0.27562500 0.39266667 0.27912500 0.27100000 0.29312500 0.00033333 0.32550000 0.00016667 0.32587500 0.02700000 0.31712500 0.17666667 0.30812500 0.39666667
0 0.34100000 0.40283333 0.31350000 0.40083333 0.31012500 0.39766667 0.30962500 0.39100000 0.32087500 0.14266667 0.32887500 0.00966667 0.32937500 0.00600000 0.33350000 0.00283333 0.35875000 0.00750000 0.36262500 0.01333333 0.34387500 0.39966667
0 0.37350000 0.40716667 0.34925000 0.40550000 0.34462500 0.40133333 0.36312500 0.01966667 0.36475000 0.01250000 0.36925000 0.01183333 0.39275000 0.01450000 0.39562500 0.02033333 0.37787500 0.36533333 0.37562500 0.40466667
0 0.39375000 0.40916667 0.37725000 0.40550000 0.37662500 0.39266667 0.38487500 0.26833333 0.38837500 0.16666667 0.39662500 0.03300000 0.40037500 0.01266667 0.40575000 0.00816667 0.41325000 0.00650000 0.41837500 0.01033333 0.41062500 0.11233333 0.40962500 0.16900000 0.40037500 0.33366667 0.39837500 0.40466667 0.39700000 0.40850000
0 0.41625000 0.41183333 0.40050000 0.40950000 0.39862500 0.40566667 0.40087500 0.38200000 0.40337500 0.29133333 0.40637500 0.25833333 0.41162500 0.10800000 0.41912500 0.00966667 0.42375000 0.00716667 0.43975000 0.00616667 0.44537500 0.01033333 0.44237500 0.02133333 0.43812500 0.11633333 0.42662500 0.25600000 0.42712500 0.29500000 0.42237500 0.36200000 0.42337500 0.37366667 0.42012500 0.40833333
0 0.43975000 0.41616667 0.42375000 0.41416667 0.42112500 0.40800000 0.42437500 0.37433333 0.42337500 0.36066667 0.42737500 0.30200000 0.42737500 0.25633333 0.43312500 0.20900000 0.43462500 0.16500000 0.44037500 0.10366667 0.44337500 0.02700000 0.44637500 0.00900000 0.45050000 0.00583333 0.45925000 0.00550000 0.46837500 0.01000000 0.46337500 0.11033333 0.45037500 0.26233333 0.45187500 0.28766667 0.44812500 0.34566667 0.44912500 0.36533333 0.44637500 0.37333333 0.44387500 0.40433333
0 0.46325000 0.41716667 0.44725000 0.41616667 0.44337500 0.41233333 0.44337500 0.40766667 0.44912500 0.36566667 0.45262500 0.25100000 0.45812500 0.16566667 0.46512500 0.10766667 0.46812500 0.01766667 0.47050000 0.00883333 0.48675000 0.00816667 0.49162500 0.01000000 0.48887500 0.06033333 0.47937500 0.20500000 0.47637500 0.22700000 0.47237500 0.31600000 0.46837500 0.33666667 0.46737500 0.39766667 0.46587500 0.41266667
0 0.47925000 0.41716667 0.46825000 0.41650000 0.46662500 0.41366667 0.46987500 0.35833333 0.46937500 0.33766667 0.47287500 0.31833333 0.48987500 0.03900000 0.49262500 0.01400000 0.49425000 0.01116667 0.49825000 0.01116667 0.51025000 0.01383333 0.51337500 0.01800000 0.50437500 0.11333333 0.49887500 0.20433333 0.49537500 0.23066667 0.48637500 0.38066667 0.48287500 0.41266667
0 0.50225000 0.42083333 0.48437500 0.41600000 0.48487500 0.39733333 0.48912500 0.37333333 0.49762500 0.23666667 0.50012500 0.22533333 0.50037500 0.19066667 0.51512500 0.01800000 0.51850000 0.01516667 0.53325000 0.01583333 0.53725000 0.01716667 0.53862500 0.02133333 0.53612500 0.04400000 0.53487500 0.09666667 0.52387500 0.21733333 0.51937500 0.24000000 0.52012500 0.25333333 0.51287500 0.35666667 0.51462500 0.36933333 0.50862500 0.39666667 0.50787500 0.41566667
0 0.52575000 0.42116667 0.51025000 0.41916667 0.50812500 0.41433333 0.51287500 0.38333333 0.51212500 0.37300000 0.52087500 0.23633333 0.53162500 0.14466667 0.53687500 0.04400000 0.54037500 0.02266667 0.54650000 0.02116667 0.55725000 0.02316667 0.56087500 0.02666667 0.53987500 0.26033333 0.53162500 0.38900000 0.52862500 0.41666667
0 0.54925000 0.42550000 0.53225000 0.42116667 0.53112500 0.40766667 0.53262500 0.37300000 0.53787500 0.33033333 0.54137500 0.26000000 0.54612500 0.22500000 0.54762500 0.18966667 0.55137500 0.16700000 0.56037500 0.04066667 0.56375000 0.02416667 0.58475000 0.02383333 0.58762500 0.02566667 0.58762500 0.02966667 0.58137500 0.12700000 0.57562500 0.16666667 0.56662500 0.26166667 0.56337500 0.27500000 0.56487500 0.29933333 0.55862500 0.35766667 0.55962500 0.37700000 0.55562500 0.39933333 0.55437500 0.42033333
0 0.56975000 0.42516667 0.55650000 0.42450000 0.55412500 0.42066667 0.55937500 0.37733333 0.55937500 0.35366667 0.56537500 0.29900000 0.56412500 0.27466667 0.56787500 0.25366667 0.57587500 0.16433333 0.58137500 0.12800000 0.58787500 0.03233333 0.59125000 0.02516667 0.60125000 0.02550000 0.60862500 0.02933333 0.60762500 0.05233333 0.59337500 0.21700000 0.58737500 0.26266667 0.58462500 0.31500000 0.57937500 0.35333333 0.57737500 0.39266667 0.57437500 0.42033333 0.57275000 0.42416667
0 0.59100000 0.42550000 0.57675000 0.42416667 0.57562500 0.41533333 0.57862500 0.39733333 0.58762500 0.28233333 0.58962500 0.27933333 0.59137500 0.25200000 0.59387500 0.24033333 0.59437500 0.20533333 0.60612500 0.09200000 0.60912500 0.03666667 0.61150000 0.03216667 0.62425000 0.03250000 0.62687500 0.03633333 0.62437500 0.08233333 0.60912500 0.23800000 0.60087500 0.36200000 0.59387500 0.41966667
0 0.61175000 0.42883333 0.59950000 0.42783333 0.59487500 0.42400000 0.59462500 0.41966667 0.60162500 0.36533333 0.61062500 0.23133333 0.62112500 0.13500000 0.62687500 0.04833333 0.62887500 0.03333333 0.63625000 0.03183333 0.64375000 0.03316667 0.64962500 0.03766667 0.64912500 0.05700000 0.63612500 0.20166667 0.62987500 0.24633333 0.62062500 0.35666667 0.62037500 0.37733333 0.61437500 0.42366667
0 0.63100000 0.43150000 0.61875000 0.42816667 0.61687500 0.42366667 0.62062500 0.40833333 0.62562500 0.31000000 0.64762500 0.09666667 0.65012500 0.05600000 0.65400000 0.03550000 0.67050000 0.03550000 0.67437500 0.03966667 0.67112500 0.09566667 0.65237500 0.26366667 0.63937500 0.42000000 0.63762500 0.42800000
0 0.65850000 0.43316667 0.64250000 0.43183333 0.63987500 0.42800000 0.63987500 0.42000000 0.65712500 0.22466667 0.67162500 0.09566667 0.67337500 0.06066667 0.67637500 0.04033333 0.68225000 0.03716667 0.69837500 0.04133333 0.69637500 0.08033333 0.68812500 0.15366667 0.68587500 0.19900000 0.68087500 0.23266667 0.67587500 0.24433333 0.67337500 0.26266667 0.66962500 0.35000000 0.66587500 0.37266667 0.66362500 0.40433333
0 0.67425000 0.43383333 0.66225000 0.43350000 0.66012500 0.43166667 0.66037500 0.42766667 0.66487500 0.40233333 0.66587500 0.37666667 0.66837500 0.36933333 0.67362500 0.26133333 0.67687500 0.24400000 0.68062500 0.23633333 0.68962500 0.17400000 0.68937500 0.15200000 0.69787500 0.05266667 0.70150000 0.04116667 0.71625000 0.04483333 0.71787500 0.04900000 0.71362500 0.10366667 0.70487500 0.16933333 0.70312500 0.20533333 0.69587500 0.25566667 0.69487500 0.28333333 0.68712500 0.36166667 0.67987500 0.41166667 0.67987500 0.42233333 0.67737500 0.43133333
0 0.70150000 0.43716667 0.68500000 0.43483333 0.68262500 0.43166667 0.68287500 0.41966667 0.70862500 0.15466667 0.71337500 0.13633333 0.71762500 0.05633333 0.72075000 0.04450000 0.74075000 0.04383333 0.74425000 0.04483333 0.74487500 0.04900000 0.73762500 0.11600000 0.73362500 0.17400000 0.71912500 0.29066667 0.71862500 0.31466667 0.71212500 0.36533333 0.71087500 0.38900000 0.70862500 0.39533333 0.70487500 0.43166667
0 0.75080645 0.04301075 0.76814516 0.04838710 0.72298387 0.44193548 0.70645161 0.43817204
0 0.76935484 0.05322581 0.78104839 0.05537634 0.74314516 0.43817204 0.72500000 0.44139785
0 0.76375000 0.44183333 0.74875000 0.44016667 0.74737500 0.43266667 0.75162500 0.37533333 0.75887500 0.31400000 0.76162500 0.30300000 0.76687500 0.22966667 0.78212500 0.08233333 0.78612500 0.05666667 0.79125000 0.05316667 0.80475000 0.05683333 0.80587500 0.06500000 0.79937500 0.14033333 0.78487500 0.25633333 0.77337500 0.38966667 0.77112500 0.39633333 0.77137500 0.40500000 0.76762500 0.42000000 0.76637500 0.43633333
0 0.80887097 0.05376344 0.83064516 0.05645161 0.78629032 0.44516129 0.76935484 0.44408602
0 0.83266129 0.06397849 0.84596774 0.06559140 0.80201613 0.44784946 0.78709677 0.44731183
0 0.85040323 0.06182796 0.87177419 0.06451613 0.82540323 0.44623656 0.80685484 0.44516129
0 0.87379032 0.05698925 0.89516129 0.06021505 0.84879032 0.44408602 0.83185484 0.43924731
0 0.90080645 0.05322581 0.92137097 0.05591398 0.87540323 0.44462366 0.85604839 0.44247312
0 0.92298387 0.06129032 0.93064516 0.06236559 0.89556452 0.43387097 0.87862903 0.43118280
0 0.94637097 0.05913978 0.97137097 0.05967742 0.91612903 0.44462366 0.89838710 0.44032258
0 0.04900000 0.89083333 0.03275000 0.89050000 0.02950000 0.88550000 0.02537500 0.88600000 0.02062500 0.51766667 0.02112500 0.49433333 0.02925000 0.49016667 0.06450000 0.49283333 0.06687500 0.49700000 0.06487500 0.51766667 0.06412500 0.58000000 0.06587500 0.83100000 0.06462500 0.84733333 0.05612500 0.84966667 0.06037500 0.85433333 0.05900000 0.85783333 0.05312500 0.86200000 0.05337500 0.87333333 0.03587500 0.87733333 0.03975000 0.88416667 0.05712500 0.88500000 0.05675000 0.88883333
0 0.10425000 0.89583333 0.07225000 0.89450000 0.06937500 0.89266667 0.06762500 0.88733333 0.06737500 0.53666667 0.06812500 0.50200000 0.07225000 0.49683333 0.11175000 0.49750000 0.11437500 0.50133333 0.11187500 0.52700000 0.11087500 0.58200000 0.10962500 0.88933333 0.10800000 0.89450000
0 0.14675000 0.89850000 0.11550000 0.89783333 0.11062500 0.89300000 0.11062500 0.85366667 0.11350000 0.84750000 0.13100000 0.84816667 0.13500000 0.84616667 0.14275000 0.84850000 0.14687500 0.84633333 0.14300000 0.84350000 0.13450000 0.84550000 0.12325000 0.84250000 0.11525000 0.84483333 0.11262500 0.83933333 0.11412500 0.53666667 0.11512500 0.51766667 0.11900000 0.50183333 0.15500000 0.50516667 0.15912500 0.51000000 0.15687500 0.52766667 0.15562500 0.61300000 0.15687500 0.66066667 0.15462500 0.73866667 0.15512500 0.82366667 0.15287500 0.84733333 0.15212500 0.89300000 0.15075000 0.89683333
0 0.18275000 0.89883333 0.15800000 0.89816667 0.15487500 0.89333333 0.16187500 0.53700000 0.16437500 0.50633333 0.16875000 0.50450000 0.19325000 0.50616667 0.20350000 0.50983333 0.20562500 0.51500000 0.20262500 0.62300000 0.20362500 0.66000000 0.19687500 0.89300000 0.19375000 0.89850000
0 0.23650000 0.89950000 0.20150000 0.89883333 0.19837500 0.89666667 0.19812500 0.89300000 0.20812500 0.53700000 0.21037500 0.51066667 0.21525000 0.50750000 0.24900000 0.50950000 0.25262500 0.51333333 0.25012500 0.54400000 0.23862500 0.89400000
0 0.27650000 0.90316667 0.24425000 0.90150000 0.24075000 0.90050000 0.23887500 0.89700000 0.24037500 0.85333333 0.24212500 0.84966667 0.25112500 0.56400000 0.25362500 0.51366667 0.25600000 0.50883333 0.29350000 0.51250000 0.29625000 0.51350000 0.29687500 0.51666667 0.29437500 0.53466667 0.28087500 0.88800000 0.27987500 0.90033333
0 0.30875000 0.90716667 0.28700000 0.90650000 0.28350000 0.90483333 0.28187500 0.90033333 0.29712500 0.52266667 0.29900000 0.51683333 0.30300000 0.51516667 0.33650000 0.51683333 0.33962500 0.51866667 0.34062500 0.52300000 0.32412500 0.89866667 0.32225000 0.90583333
0 0.35875000 0.90616667 0.32850000 0.90550000 0.32575000 0.90450000 0.32437500 0.90033333 0.34137500 0.52500000 0.34550000 0.51916667 0.37675000 0.52150000 0.38212500 0.52500000 0.37937500 0.55133333 0.37437500 0.70566667 0.36562500 0.87200000 0.36337500 0.90133333 0.36175000 0.90550000
0 0.40500000 0.91383333 0.36925000 0.91250000 0.36712500 0.90533333 0.38362500 0.53733333 0.38462500 0.52766667 0.38875000 0.52283333 0.42425000 0.52483333 0.42562500 0.52900000 0.40937500 0.87333333 0.40737500 0.90900000
0 0.43525000 0.91383333 0.41350000 0.91350000 0.40987500 0.90833333 0.42637500 0.56600000 0.42887500 0.53066667 0.43175000 0.52583333 0.46550000 0.52916667 0.46837500 0.53300000 0.46362500 0.64100000 0.45412500 0.78666667 0.44912500 0.90833333 0.44725000 0.91283333
0 0.47750000 0.91550000 0.45275000 0.91416667 0.45037500 0.91233333 0.45012500 0.90500000 0.45362500 0.86233333 0.45462500 0.81433333 0.46987500 0.53700000 0.47037500 0.53333333 0.47375000 0.53050000 0.50650000 0.53150000 0.50987500 0.53333333 0.51037500 0.54233333 0.50787500 0.55833333 0.50362500 0.67000000 0.48962500 0.90833333 0.48650000 0.91516667
0 0.51575000 0.91683333 0.49500000 0.91583333 0.49162500 0.91333333 0.49087500 0.91000000 0.50062500 0.73200000 0.51262500 0.53700000 0.51375000 0.53283333 0.51650000 0.53216667 0.53775000 0.53316667 0.54900000 0.53716667 0.55087500 0.54066667 0.54662500 0.63833333 0.53162500 0.86133333 0.53037500 0.90600000 0.52750000 0.91516667
0 0.55775000 0.91950000 0.53375000 0.91750000 0.53212500 0.91600000 0.53187500 0.90300000 0.55237500 0.56766667 0.55587500 0.53900000 0.56000000 0.53550000 0.56475000 0.53516667 0.58900000 0.53783333 0.59312500 0.54066667 0.59362500 0.54533333 0.57012500 0.91366667 0.56800000 0.91816667
0 0.60800000 0.92350000 0.57600000 0.92216667 0.57212500 0.91633333 0.59437500 0.55733333 0.59662500 0.54266667 0.59925000 0.53916667 0.63150000 0.54083333 0.63662500 0.54500000 0.61187500 0.92000000
0 0.64650000 0.92450000 0.62275000 0.92416667 0.61550000 0.92283333 0.61337500 0.91900000 0.63737500 0.54666667 0.63900000 0.54250000 0.64225000 0.54150000 0.67450000 0.54450000 0.67712500 0.54866667 0.65162500 0.91333333 0.65087500 0.92066667
0 0.68675000 0.92683333 0.65850000 0.92616667 0.65312500 0.92066667 0.65712500 0.84533333 0.66762500 0.72000000 0.67737500 0.56966667 0.67987500 0.54900000 0.68150000 0.54616667 0.68575000 0.54516667 0.71675000 0.54850000 0.71962500 0.55300000 0.69787500 0.84966667 0.69112500 0.92400000
0 0.71700000 0.92983333 0.69725000 0.92950000 0.69262500 0.92333333 0.71462500 0.65100000 0.71987500 0.56700000 0.72187500 0.55300000 0.72375000 0.55083333 0.74700000 0.55183333 0.75925000 0.55550000 0.76112500 0.56000000 0.74912500 0.72166667 0.73087500 0.92400000 0.72875000 0.92816667
0 0.76250000 0.54623656 0.80000000 0.55215054 0.76733871 0.92580645 0.73427419 0.92795699
0 0.80322581 0.55215054 0.83306452 0.55483871 0.79879032 0.92096774 0.76895161 0.92150538
0 0.83709677 0.55806452 0.87540323 0.56075269 0.84233871 0.92634409 0.80725806 0.92365591
