0 0.23963963963963966 0.27972972972972976 0.3531531531531531 0.2864864864864865 0.30630630630630634 0.8594594594594595 0.2 0.8432432432432432
0 0.36936936936936937 0.3067567567567568 0.48648648648648646 0.3162162162162162 0.427027027027027 0.8554054054054054 0.3171171171171171 0.8540540540540541
0 0.6414414414414414 0.30945945945945946 0.7189189189189189 0.31756756756756754 0.6378378378378379 0.8743243243243244 0.5657657657657658 0.8743243243243244
0 0.7207207207207207 0.3216216216216216 0.7855855855855856 0.32297297297297295 0.7567567567567568 0.8716216216216217 0.6720720720720721 0.8743243243243244
0 0.7963963963963964 0.3202702702702703 0.872072072072072 0.32432432432432434 0.8306306306306307 0.8810810810810811 0.7621621621621623 0.8824324324324324
0 0.8774774774774775 0.32297297297297295 0.9855855855855855 0.327027027027027 0.9027027027027028 0.872972972972973 0.8378378378378377 0.8756756756756757
0 0.563963963963964 0.3081081081081081 0.6288288288288288 0.3121621621621622 0.563963963963964 0.8648648648648649 0.4954954954954955 0.8675675675675676
0 0.48828828828828824 0.3189189189189189 0.5477477477477478 0.327027027027027 0.4900900900900901 0.8608108108108108 0.427027027027027 0.8635135135135136
0 0.1747747747747748 0.2864864864864865 0.23603603603603604 0.2837837837837838 0.19459459459459458 0.8378378378378378 0.14954954954954955 0.8364864864864865
0 0.043243243243243246 0.21891891891891893 0.1747747747747748 0.22972972972972974 0.13693693693693695 0.8432432432432432 0.03423423423423424 0.8364864864864865
