0 0.013700450261433907 0.10316216191014016 0.04870045026143391 0.10316216191014016 0.03870045026143391 0.8198288285768068 0.008700450261433908 0.8214954952434735
0 0.04870045026143391 0.1014954952434735 0.0837004502614339 0.10482882857680684 0.0737004502614339 0.8231621619101401 0.03870045026143391 0.8248288285768068
0 0.0899504502614339 0.1014954952434735 0.1212004502614339 0.1014954952434735 0.1112004502614339 0.8264954952434735 0.0774504502614339 0.8264954952434735
0 0.1462004502614339 0.1564954952434735 0.2187004502614339 0.16482882857680684 0.2049504502614339 0.8231621619101401 0.1312004502614339 0.8181621619101402
0 0.2299504502614339 0.15816216191014015 0.2912004502614339 0.1614954952434735 0.2849504502614339 0.8198288285768068 0.2124504502614339 0.8264954952434735
0 0.3049504502614339 0.15982882857680683 0.36870045026143383 0.16482882857680684 0.36620045026143383 0.8248288285768068 0.2899504502614339 0.8264954952434735
0 0.37870045026143384 0.1664954952434735 0.44245045026143387 0.1714954952434735 0.43870045026143384 0.8214954952434735 0.37120045026143383 0.8248288285768068
0 0.46495045026143383 0.15482882857680683 0.5262004502614338 0.15982882857680683 0.5199504502614338 0.8314954952434735 0.44870045026143385 0.8414954952434736
0 0.5462004502614338 0.16482882857680684 0.6049504502614338 0.1664954952434735 0.6024504502614338 0.8314954952434735 0.5337004502614339 0.8381621619101401
0 0.6187004502614338 0.15482882857680683 0.6837004502614339 0.1614954952434735 0.6862004502614338 0.8348288285768068 0.6137004502614338 0.8381621619101401
0 0.7112004502614339 0.16482882857680684 0.7612004502614338 0.16816216191014016 0.7737004502614339 0.8448288285768069 0.7037004502614338 0.8514954952434736
0 0.7887004502614339 0.15482882857680683 0.8449504502614339 0.15816216191014015 0.8624504502614339 0.8514954952434736 0.7887004502614339 0.8514954952434736
0 0.8712004502614339 0.1514954952434735 0.9337004502614339 0.1514954952434735 0.9499504502614339 0.8581621619101402 0.8787004502614338 0.8648288285768069
