0 0.20533333 0.82962500 0.19700000 0.82937500 0.18950000 0.82250000 0.15716667 0.69375000 0.07883333 0.35075000 0.06450000 0.26850000 0.06516667 0.26400000 0.07266667 0.26162500 0.12733333 0.25937500 0.13050000 0.26375000 0.24316667 0.81850000 0.23633333 0.82662500
0 0.26300000 0.82262500 0.24800000 0.82187500 0.24216667 0.81175000 0.14150000 0.29925000 0.13683333 0.26375000 0.14633333 0.25937500 0.19366667 0.25762500 0.20250000 0.27550000 0.22683333 0.43550000 0.29616667 0.81050000 0.29100000 0.81862500
0 0.31133333 0.82287500 0.30050000 0.81925000 0.29750000 0.81075000 0.20383333 0.27575000 0.20650000 0.26000000 0.22533333 0.25512500 0.25666667 0.25362500 0.26816667 0.25950000 0.27250000 0.31550000 0.28016667 0.34250000 0.35416667 0.81050000 0.35000000 0.81937500
0 0.38500000 0.82112500 0.36133333 0.81987500 0.35483333 0.81100000 0.28250000 0.34275000 0.27450000 0.25975000 0.27900000 0.25162500 0.29866667 0.24887500 0.33000000 0.24962500 0.33650000 0.25950000 0.40716667 0.80625000 0.40366667 0.81862500
0 0.43833333 0.82112500 0.41233333 0.81887500 0.40783333 0.80250000 0.34416667 0.31925000 0.33816667 0.25125000 0.35000000 0.24412500 0.39666667 0.24362500 0.40283333 0.26325000 0.46483333 0.81250000 0.46233333 0.81862500
0 0.48666667 0.81912500 0.47100000 0.81787500 0.46516667 0.80725000 0.41116667 0.33925000 0.40616667 0.24825000 0.41433333 0.24037500 0.42566667 0.23937500 0.46416667 0.24025000 0.47516667 0.32350000 0.52283333 0.80650000 0.52216667 0.81450000 0.51766667 0.81637500
0 0.56500000 0.81887500 0.53000000 0.81637500 0.52350000 0.81000000 0.47083333 0.25025000 0.47283333 0.24050000 0.48633333 0.23612500 0.52300000 0.23487500 0.53366667 0.23562500 0.53516667 0.23875000 0.58150000 0.79400000 0.58050000 0.81350000
0 0.60366667 0.81737500 0.58800000 0.81537500 0.58483333 0.80950000 0.53916667 0.26550000 0.54133333 0.23762500 0.59066667 0.23312500 0.60450000 0.23625000 0.64250000 0.80250000 0.64250000 0.81050000 0.63600000 0.81462500
0 0.66100000 0.81537500 0.64933333 0.81512500 0.64516667 0.81050000 0.61416667 0.36475000 0.61416667 0.32225000 0.63100000 0.31862500 0.65866667 0.31837500 0.66383333 0.32225000 0.68916667 0.81075000 0.68566667 0.81387500
0 0.70466667 0.81312500 0.69116667 0.81100000 0.68816667 0.78475000 0.66383333 0.32375000 0.67000000 0.31662500 0.70966667 0.31337500 0.71516667 0.31875000 0.71750000 0.36075000 0.73483333 0.80700000 0.73200000 0.81162500
0 0.75566667 0.80887500 0.74066667 0.80837500 0.73683333 0.80300000 0.71916667 0.39725000 0.71683333 0.31475000 0.72066667 0.31187500 0.73966667 0.31037500 0.76400000 0.31187500 0.76783333 0.32000000 0.78016667 0.66650000 0.78316667 0.80300000 0.77966667 0.80687500
0 0.81200000 0.80887500 0.79200000 0.80862500 0.78550000 0.80275000 0.76950000 0.31175000 0.77566667 0.30637500 0.81833333 0.30337500 0.82383333 0.37075000 0.83516667 0.80300000 0.83000000 0.80737500
0 0.85033333 0.80512500 0.83733333 0.80362500 0.83550000 0.79500000 0.82150000 0.30850000 0.82466667 0.30362500 0.83400000 0.30112500 0.86933333 0.29862500 0.87350000 0.30350000 0.87483333 0.32175000 0.88383333 0.79975000 0.88100000 0.80362500
0 0.91133333 0.80362500 0.88866667 0.80312500 0.88583333 0.79575000 0.87616667 0.30250000 0.88333333 0.29787500 0.92433333 0.29512500 0.93250000 0.53550000 0.93483333 0.79550000 0.93100000 0.80212500
0 0.95300000 0.80237500 0.94366667 0.80212500 0.93716667 0.79650000 0.92850000 0.30275000 0.93016667 0.29525000 0.93666667 0.29237500 0.97466667 0.28912500 0.97950000 0.29950000 0.98316667 0.41775000 0.98583333 0.79525000 0.98266667 0.80037500
