0 0.07825000 0.88550000 0.07300000 0.88483333 0.07012500 0.88100000 0.05262500 0.57500000 0.05062500 0.50933333 0.05275000 0.50216667 0.06475000 0.49816667 0.09500000 0.49783333 0.09750000 0.49816667 0.09837500 0.50166667 0.09512500 0.51600000 0.09537500 0.54233333 0.09762500 0.61466667 0.10037500 0.63900000 0.10187500 0.69566667 0.10862500 0.81400000 0.10987500 0.87766667 0.10775000 0.88283333
0 0.13600000 0.88416667 0.11400000 0.88316667 0.11212500 0.88066667 0.11037500 0.85966667 0.09737500 0.50966667 0.09975000 0.50483333 0.11525000 0.50116667 0.13950000 0.50116667 0.14262500 0.50600000 0.14112500 0.54566667 0.15187500 0.87733333 0.15112500 0.88100000 0.14825000 0.88283333
0 0.16075000 0.88383333 0.15287500 0.88100000 0.14387500 0.51366667 0.14650000 0.50550000 0.17775000 0.50383333 0.18575000 0.50650000 0.18712500 0.50933333 0.19237500 0.87333333 0.18950000 0.88216667
0 0.20850000 0.88183333 0.19725000 0.88150000 0.19437500 0.87400000 0.18937500 0.55066667 0.18987500 0.51000000 0.19325000 0.50516667 0.22850000 0.50650000 0.23262500 0.50900000 0.23312500 0.51566667 0.23162500 0.55966667 0.23412500 0.65833333 0.23487500 0.87333333 0.23412500 0.87766667 0.23150000 0.87950000
0 0.24075000 0.87950000 0.23637500 0.87633333 0.23537500 0.85100000 0.23437500 0.51000000 0.23900000 0.50650000 0.27175000 0.50683333 0.27612500 0.51066667 0.27462500 0.87333333 0.27200000 0.87816667
0 0.30325000 0.87950000 0.27950000 0.87950000 0.27625000 0.87750000 0.27487500 0.87333333 0.27687500 0.53533333 0.27737500 0.51200000 0.27950000 0.50716667 0.31525000 0.50750000 0.31862500 0.51200000 0.31412500 0.87433333 0.31125000 0.87916667
0 0.33825000 0.88116667 0.32175000 0.88116667 0.31637500 0.87700000 0.31962500 0.52066667 0.32250000 0.50883333 0.35750000 0.50783333 0.36037500 0.51333333 0.36037500 0.54400000 0.35562500 0.87366667 0.35375000 0.87816667
0 0.36825000 0.87783333 0.35900000 0.87750000 0.35637500 0.87366667 0.36212500 0.51533333 0.36525000 0.50783333 0.36900000 0.50983333 0.38125000 0.50850000 0.38450000 0.51016667 0.39675000 0.50850000 0.40062500 0.50933333 0.40187500 0.51933333 0.39437500 0.87100000 0.39250000 0.87550000
0 0.40950000 0.88283333 0.39900000 0.88216667 0.39612500 0.87333333 0.40312500 0.51866667 0.40412500 0.51433333 0.40775000 0.51216667 0.43950000 0.51116667 0.44362500 0.51666667 0.44387500 0.52566667 0.43612500 0.87400000 0.43175000 0.88183333
0 0.44550000 0.87983333 0.43950000 0.87916667 0.43787500 0.87633333 0.43762500 0.84266667 0.44587500 0.51733333 0.44750000 0.51483333 0.45500000 0.51283333 0.47900000 0.51316667 0.48287500 0.51566667 0.48362500 0.52366667 0.47387500 0.87300000 0.47025000 0.87816667
0 0.48800000 0.87883333 0.47825000 0.87850000 0.47537500 0.87333333 0.48437500 0.51866667 0.48625000 0.51483333 0.51775000 0.51450000 0.52237500 0.51633333 0.52287500 0.52366667 0.52012500 0.57466667 0.51237500 0.87333333 0.50775000 0.87716667
0 0.53050000 0.87683333 0.51750000 0.87683333 0.51337500 0.87333333 0.52412500 0.52100000 0.52512500 0.51666667 0.52700000 0.51583333 0.54900000 0.51550000 0.56075000 0.51950000 0.56212500 0.52466667 0.54987500 0.86966667 0.54937500 0.87300000 0.54550000 0.87550000
0 0.56950000 0.87650000 0.55675000 0.87650000 0.55275000 0.87516667 0.55112500 0.87100000 0.56337500 0.53400000 0.56437500 0.52300000 0.56675000 0.51750000 0.58925000 0.51616667 0.59975000 0.51816667 0.60112500 0.52266667 0.58837500 0.86300000 0.58650000 0.87416667
0 0.59975000 0.87750000 0.59225000 0.87650000 0.58937500 0.87366667 0.58912500 0.86300000 0.60262500 0.52233333 0.60475000 0.51883333 0.61125000 0.51550000 0.63175000 0.51616667 0.63975000 0.51950000 0.64187500 0.52700000 0.63562500 0.69333333 0.62637500 0.87333333 0.62350000 0.87616667
0 0.64100000 0.87550000 0.63050000 0.87550000 0.62787500 0.87300000 0.62737500 0.86833333 0.63637500 0.69666667 0.64337500 0.52133333 0.64650000 0.51650000 0.65050000 0.51816667 0.66225000 0.51616667 0.67775000 0.52016667 0.67987500 0.52533333 0.66337500 0.86866667 0.66237500 0.87300000 0.65925000 0.87450000
0 0.69100000 0.87583333 0.66550000 0.87416667 0.66412500 0.85733333 0.66712500 0.83033333 0.68112500 0.52500000 0.68575000 0.51916667 0.70600000 0.51783333 0.71700000 0.52083333 0.71937500 0.52466667 0.71812500 0.56666667 0.70362500 0.80066667 0.70087500 0.86800000 0.69950000 0.87416667
0 0.72475000 0.87550000 0.70300000 0.87450000 0.70162500 0.87300000 0.70137500 0.86466667 0.71437500 0.65266667 0.72012500 0.52833333 0.72162500 0.52233333 0.72450000 0.51983333 0.73900000 0.52016667 0.75400000 0.52416667 0.75712500 0.52733333 0.75762500 0.53066667 0.73662500 0.86566667 0.73350000 0.87450000
0 0.76200000 0.87350000 0.74050000 0.87183333 0.73762500 0.86933333 0.73737500 0.86433333 0.75862500 0.53200000 0.75612500 0.51733333 0.75900000 0.51450000 0.77250000 0.51316667 0.79475000 0.51983333 0.79637500 0.52333333 0.79637500 0.53166667 0.77437500 0.86500000 0.77250000 0.87083333
0 0.79375000 0.87483333 0.77950000 0.87383333 0.77525000 0.87050000 0.77437500 0.86733333 0.79287500 0.60833333 0.79687500 0.52466667 0.79737500 0.52166667 0.80075000 0.51916667 0.81625000 0.51916667 0.83487500 0.52633333 0.83637500 0.53233333 0.83512500 0.55566667 0.82262500 0.73533333 0.81362500 0.82966667 0.81237500 0.86900000 0.81050000 0.87316667 0.80750000 0.87450000
0 0.83325000 0.87550000 0.81400000 0.87350000 0.81287500 0.85933333 0.82362500 0.73633333 0.83787500 0.53466667 0.83737500 0.52400000 0.83412500 0.51800000 0.85025000 0.51683333 0.87400000 0.52416667 0.87587500 0.52566667 0.87687500 0.53333333 0.84837500 0.86633333 0.84525000 0.87350000
0 0.87925000 0.41316667 0.86750000 0.41250000 0.86237500 0.40833333 0.87487500 0.27766667 0.89112500 0.04800000 0.89175000 0.04483333 0.89600000 0.04250000 0.90525000 0.04283333 0.91362500 0.04600000 0.91312500 0.06433333 0.88337500 0.40666667 0.88237500 0.41133333
0 0.85450000 0.41283333 0.84500000 0.41116667 0.84387500 0.40066667 0.85162500 0.32166667 0.86112500 0.18300000 0.86762500 0.13833333 0.86987500 0.04466667 0.87275000 0.04050000 0.88175000 0.04083333 0.88987500 0.04500000 0.88537500 0.11200000 0.87237500 0.26233333 0.86612500 0.37100000 0.86162500 0.40700000 0.85775000 0.41216667
0 0.83200000 0.41650000 0.82225000 0.41483333 0.82062500 0.40566667 0.82387500 0.38133333 0.83287500 0.25366667 0.83587500 0.23066667 0.84487500 0.07966667 0.84812500 0.04900000 0.85275000 0.04650000 0.86650000 0.04616667 0.87012500 0.04866667 0.86887500 0.09633333 0.86612500 0.14366667 0.86187500 0.17000000 0.85837500 0.22800000 0.85387500 0.26366667 0.85037500 0.32900000 0.84762500 0.34100000 0.84237500 0.40600000 0.83850000 0.41450000
0 0.41225000 0.40650000 0.39587500 0.40433333 0.39412500 0.39933333 0.39362500 0.37700000 0.40337500 0.01666667 0.40500000 0.01283333 0.41850000 0.01150000 0.42487500 0.01400000 0.42312500 0.02133333 0.42212500 0.09133333 0.41987500 0.10733333 0.42087500 0.14600000 0.41712500 0.29933333 0.41412500 0.40066667
0 0.43175000 0.40750000 0.41625000 0.40650000 0.41437500 0.40433333 0.41737500 0.33633333 0.42262500 0.04466667 0.42512500 0.01400000 0.44375000 0.01216667 0.44962500 0.01400000 0.44637500 0.05833333 0.44612500 0.11400000 0.44037500 0.23866667 0.43662500 0.40200000 0.43575000 0.40583333
0 0.45525000 0.40816667 0.44100000 0.40750000 0.43762500 0.40466667 0.44137500 0.33466667 0.44337500 0.20100000 0.44662500 0.15133333 0.44887500 0.14333333 0.44837500 0.06266667 0.45112500 0.01866667 0.45325000 0.01350000 0.46750000 0.01216667 0.47162500 0.01400000 0.46887500 0.13100000 0.46162500 0.24633333 0.46162500 0.30100000 0.45812500 0.36133333 0.45912500 0.37700000 0.45712500 0.40433333
0 0.47525000 0.41016667 0.45925000 0.40850000 0.45712500 0.40266667 0.46112500 0.33200000 0.46612500 0.16633333 0.46987500 0.13166667 0.47187500 0.02000000 0.47262500 0.01400000 0.47450000 0.01250000 0.48500000 0.01183333 0.49312500 0.01400000 0.49212500 0.09600000 0.48812500 0.14866667 0.48687500 0.21600000 0.48462500 0.22866667 0.48187500 0.36600000 0.47887500 0.40533333
0 0.49250000 0.40916667 0.48100000 0.40850000 0.47937500 0.40000000 0.48387500 0.36566667 0.48262500 0.35366667 0.48437500 0.33933333 0.48262500 0.32166667 0.48962500 0.13266667 0.49362500 0.11033333 0.49337500 0.01866667 0.49825000 0.01416667 0.51275000 0.01750000 0.51437500 0.02133333 0.51437500 0.03333333 0.50687500 0.20300000 0.50412500 0.22466667 0.49987500 0.37533333 0.49687500 0.40500000
0 0.51025000 0.41050000 0.49950000 0.40883333 0.49787500 0.40300000 0.50062500 0.37400000 0.50087500 0.33766667 0.51137500 0.13166667 0.51362500 0.05200000 0.51562500 0.02166667 0.51800000 0.01850000 0.52325000 0.01750000 0.53862500 0.02166667 0.53762500 0.09266667 0.53062500 0.20500000 0.52737500 0.23200000 0.52862500 0.24466667 0.52562500 0.26333333 0.52712500 0.26800000 0.52437500 0.35766667 0.52212500 0.36533333 0.52262500 0.37466667 0.51912500 0.38500000 0.51812500 0.40600000 0.51475000 0.40983333
0 0.53750000 0.41016667 0.52150000 0.40983333 0.51912500 0.40833333 0.51887500 0.40466667 0.52037500 0.38500000 0.52837500 0.35766667 0.53037500 0.33433333 0.52712500 0.32333333 0.52737500 0.30300000 0.53137500 0.27233333 0.53112500 0.19633333 0.53612500 0.14466667 0.53987500 0.02833333 0.54100000 0.02450000 0.54900000 0.02316667 0.56075000 0.02450000 0.56162500 0.03066667 0.55862500 0.05900000 0.55687500 0.11266667 0.54737500 0.25966667 0.54612500 0.31500000 0.54062500 0.39666667
0 0.55775000 0.41283333 0.54525000 0.41216667 0.54062500 0.40766667 0.54662500 0.34200000 0.54862500 0.26466667 0.55537500 0.16433333 0.55987500 0.05333333 0.56325000 0.02516667 0.58425000 0.02450000 0.58587500 0.02566667 0.58587500 0.03133333 0.58412500 0.09000000 0.58187500 0.09600000 0.58037500 0.14333333 0.57162500 0.24833333 0.57137500 0.28700000 0.56862500 0.32333333 0.56637500 0.33033333 0.56237500 0.40466667 0.56112500 0.41066667
0 0.58025000 0.41283333 0.56475000 0.41183333 0.56237500 0.40333333 0.56587500 0.38633333 0.56787500 0.32433333 0.57312500 0.28033333 0.57262500 0.26166667 0.57812500 0.16300000 0.58262500 0.13900000 0.58387500 0.11000000 0.58712500 0.08900000 0.58662500 0.02933333 0.58800000 0.02550000 0.60100000 0.02516667 0.60450000 0.02650000 0.60687500 0.03100000 0.60462500 0.11166667 0.59837500 0.17666667 0.58912500 0.33033333 0.58312500 0.38066667 0.58312500 0.40633333
0 0.59675000 0.41283333 0.58700000 0.41250000 0.58362500 0.40866667 0.58412500 0.37666667 0.58962500 0.32800000 0.59912500 0.16833333 0.60262500 0.14300000 0.60712500 0.05166667 0.60937500 0.03333333 0.62100000 0.03083333 0.62462500 0.03366667 0.60987500 0.26400000 0.60787500 0.32533333 0.60137500 0.40566667 0.59987500 0.41200000
0 0.61925000 0.41350000 0.60350000 0.41250000 0.60187500 0.40333333 0.60462500 0.38200000 0.61487500 0.18466667 0.62037500 0.12733333 0.62237500 0.05333333 0.62462500 0.03333333 0.62700000 0.03050000 0.63100000 0.03016667 0.64300000 0.03183333 0.64487500 0.03866667 0.64237500 0.10033333 0.63262500 0.22933333 0.62562500 0.37133333 0.62287500 0.38433333 0.62187500 0.40833333
0 0.63900000 0.41483333 0.62650000 0.41350000 0.62412500 0.41066667 0.62662500 0.33800000 0.64287500 0.10366667 0.64562500 0.03800000 0.64850000 0.03250000 0.66200000 0.03216667 0.66625000 0.03316667 0.66737500 0.03633333 0.66487500 0.10766667 0.64987500 0.29066667 0.64762500 0.37333333 0.64362500 0.41233333
0 0.67023810 0.03227513 0.69285714 0.03174603 0.66388889 0.41481481 0.66349206 0.41481481 0.64484127 0.41640212
0 0.69285714 0.03597884 0.71031746 0.03650794 0.68452381 0.41640212 0.66547619 0.41481481
0 0.71150794 0.03809524 0.73571429 0.03439153 0.70873016 0.41851852 0.68650794 0.41851852
0 0.73531746 0.03386243 0.75753968 0.04285714 0.72817460 0.41746032 0.70952381 0.41904762
0 0.75912698 0.04444444 0.77103175 0.04391534 0.74603175 0.41798942 0.72738095 0.41904762 0.75515873 0.04444444
0 0.77460317 0.04285714 0.79047619 0.04603175 0.76468254 0.41957672 0.74642857 0.41798942
0 0.79563492 0.04391534 0.81587302 0.04391534 0.78650794 0.41798942 0.76746032 0.41851852 0.79047619 0.04444444
0 0.81547619 0.04867725 0.83293651 0.04920635 0.80238095 0.42222222 0.78690476 0.41957672
0 0.83253968 0.04603175 0.84761905 0.04550265 0.81904762 0.41904762 0.80396825 0.41746032
0 0.07825000 0.38716667 0.05575000 0.38616667 0.05187500 0.35866667 0.04050000 0.00016667 0.07775000 0.00016667 0.07812500 0.00266667 0.08287500 0.22500000 0.08787500 0.36933333 0.08737500 0.38466667
0 0.11000000 0.38950000 0.09250000 0.38816667 0.08937500 0.38366667 0.08000000 0.00016667 0.11650000 0.00016667 0.11712500 0.00566667 0.12337500 0.38200000 0.12000000 0.38883333
0 0.14750000 0.39150000 0.12750000 0.39050000 0.12512500 0.38633333 0.12237500 0.29166667 0.11950000 0.00016667 0.15412500 0.00033333 0.15362500 0.16633333 0.15712500 0.38900000
0 0.17925000 0.39316667 0.16250000 0.39216667 0.15937500 0.38800000 0.15712500 0.27166667 0.15675000 0.00016667 0.18975000 0.00016667 0.19012500 0.00433333 0.18962500 0.27733333 0.19162500 0.37433333 0.19012500 0.39133333
0 0.21800000 0.39416667 0.19650000 0.39383333 0.19375000 0.39283333 0.19262500 0.38900000 0.19112500 0.19733333 0.19225000 0.00016667 0.22487500 0.00033333 0.22262500 0.13100000 0.22362500 0.38033333 0.22237500 0.39266667
0 0.25600000 0.39716667 0.23375000 0.39683333 0.22512500 0.39266667 0.22637500 0.01866667 0.22687500 0.00566667 0.22950000 0.00016667 0.25825000 0.00016667 0.26187500 0.00600000 0.25837500 0.24366667 0.25887500 0.37466667 0.25837500 0.39166667
0 0.29150000 0.39750000 0.26325000 0.39683333 0.26062500 0.38933333 0.26412500 0.07633333 0.26337500 0.01000000 0.27175000 0.00583333 0.29100000 0.00683333 0.29512500 0.00900000 0.29612500 0.01700000
0 0.32275000 0.40083333 0.29925000 0.39950000 0.29437500 0.39633333 0.29762500 0.01100000 0.29925000 0.00716667 0.30275000 0.00550000 0.33025000 0.01083333 0.33287500 0.01400000 0.32687500 0.38766667 0.32637500 0.39666667
0 0.35375000 0.40216667 0.33000000 0.40083333 0.32787500 0.39666667 0.33387500 0.03566667 0.33487500 0.01700000 0.33775000 0.01283333 0.36175000 0.01650000 0.36437500 0.02033333 0.35862500 0.39400000 0.35762500 0.40066667
0 0.38950000 0.40516667 0.35937500 0.40066667 0.36562500 0.03966667 0.36662500 0.01766667 0.36850000 0.01383333 0.37200000 0.01283333 0.39650000 0.01516667 0.40062500 0.02066667 0.39687500 0.18700000 0.39537500 0.19333333 0.39262500 0.40066667
