0 0.0 0.055364123511866724 0.021856183345394176 0.054529217974381386 0.06415806391132445 0.33422257303201275 0.041893916245045404 0.33589238410698363
0 0.023525994420365112 0.05369431243689591 0.044120331011673314 0.05369431243689591 0.08753541896091764 0.33297021472578453 0.0674976860612664 0.3346400258007554
0 0.043007123628359366 0.0482674264432402 0.07195051559452223 0.04701506813701206 0.11425239616045246 0.33171785641955637 0.08976183372754555 0.33422257303201275
0 0.077516552511092 0.047849973674497524 0.10479013340228394 0.04534525706204112 0.14263918443495838 0.3338051202632699 0.11647881092708046 0.3338051202632699
0 0.10645994447725488 0.04910233198072579 0.13373352536844685 0.049519784749468464 0.1721391800927783 0.33255276195704186 0.14486559920158637 0.33255276195704186
0 0.1392995622850166 0.04701506813701206 0.16657314317620853 0.04743252090575485 0.19996936467562726 0.3338051202632699 0.17380899116774917 0.33422257303201275
0 0.17492219855106309 0.05494667074312405 0.20108257205894106 0.055781576280609514 0.23113917140841791 0.33338766749452725 0.20219577944225497 0.33422257303201275
0 0.20553540159219685 0.05745138735558045 0.23169577510007489 0.05912119843055138 0.2589693559912668 0.33255276195704186 0.23225237879173194 0.33422257303201275
0 0.2389316230916155 0.06747025380540604 0.25841275229960986 0.0658004427304351 0.28401652211583084 0.33255276195704186 0.26175237444955163 0.3338051202632699
0 0.26342218552452273 0.05703393458683778 0.2879127479574297 0.05703393458683778 0.3151863288486216 0.33213530918829903 0.2862429368824588 0.33338766749452725
0 0.2979316144072553 0.07122732872409059 0.31908255469022045 0.0703924231866051 0.33745047651490073 0.3308829508820708 0.3168561399235925 0.33213530918829903
0 0.31908255469022045 0.060373556736779646 0.34746934296472637 0.05870374566180859 0.36695047217272064 0.33213530918829903 0.33912028758987167 0.33130040365081365
0 0.35526179464792407 0.06914006488037697 0.37474292385591806 0.06955751764911977 0.38865801614734263 0.3308829508820708 0.3680636795560345 0.33255276195704186
0 0.37863914969751705 0.060373556736779646 0.4014599010554532 0.05912119843055138 0.4148183896552207 0.33046549811332815 0.39144103460562757 0.3308829508820708
0 0.40646933428036597 0.05995610396803684 0.4281768782549882 0.060373556736779646 0.4398655557797848 0.32879568703835726 0.4170448044218487 0.33130040365081365
0 0.43151650040493006 0.054529217974381386 0.4543372517628661 0.055364123511866724 0.46491272190434874 0.32837823426961443 0.4448749890046976 0.33046549811332815
0 0.45600706283783704 0.05327685966815312 0.480497625270744 0.05411176520563858 0.4894032843372557 0.3279607815008717 0.4682523440542906 0.32921313980709993
0 0.486063662187314 0.05202450136192485 0.5083278098535929 0.05285940689941032 0.5138938467701628 0.32879568703835726 0.4932995101788546 0.33046549811332815
0 0.5127806393868488 0.04743252090575485 0.5378278055114128 0.04534525706204112 0.5406108239696977 0.32879568703835726 0.5172334689201047 0.32754332873212905
0 0.5428372387363257 0.04451035152455566 0.5645447827109479 0.045762709830783926 0.5673278011692328 0.32837823426961443 0.5439504461196396 0.32963059257584265
0 0.5706674233191744 0.0382485599934146 0.5934881746771107 0.0382485599934146 0.5946013820604246 0.3271258759633862 0.5706674233191744 0.32670842319464355
0 0.6018372300519654 0.03490893784347274 0.6252145851015584 0.03490893784347274 0.6263277924848724 0.325873517657158 0.6007240226686513 0.3271258759633862
0 0.6302240183264712 0.0336565795372446 0.6530447696844072 0.035326390612215534 0.6519315623010934 0.32545606488841533 0.6285542072515002 0.32545606488841533
0 0.660837221367605 0.0340740323059874 0.6819881616505701 0.03574384338095821 0.6775353321173143 0.3250386121196726 0.6552711844510353 0.32545606488841533
0 0.6892240096421111 0.036161296149701 0.712044761000047 0.03699620168718647 0.7042523093168493 0.32545606488841533 0.6825447653422272 0.32378625381344445
0 0.7170541942249598 0.03282167399975913 0.7354221160496401 0.03657874891844367 0.7281862680580994 0.3233688010447016 0.7098183462334191 0.32378625381344445
0 0.74098815296621 0.04659761536826939 0.7549032452576344 0.04659761536826939 0.7487806046494075 0.32378625381344445 0.7315258902080413 0.32253389550721623
0 0.7695341789131994 0.032359383576062876 0.7908672329282768 0.032359383576062876 0.7864912218482606 0.3211761148571102 0.7591411525981618 0.32035561277960717
0 0.8008909988531381 0.023595743252486347 0.826825700856982 0.022669503895206188 0.8206507718084478 0.3195292179034892 0.7959510556143108 0.3195292179034892
0 0.8367055873346366 0.01711206775152548 0.8589353319093599 0.018501426787445593 0.8539953886705325 0.31906609822484916 0.8292956724763957 0.31906609822484916
0 0.8614053035287736 0.02452198260976651 0.8793125977695229 0.023595743252486347 0.8743726545306955 0.31721361951028887 0.8564653602899462 0.318139858867569
0 0.8879574984374707 0.018964546466085676 0.9132747075364611 0.01989078582336583 0.9077172713927804 0.31906609822484916 0.8805475835792298 0.3176767391889289
0 0.9200671294898487 0.020817025180645994 0.9453843385888391 0.01618582839424532 0.9416793811597186 0.3176767391889289 0.9095697501073406 0.318139858867569
0 0.02435320062601683 0.4061523803136761 0.08362137762152554 0.4061523803136761 0.1174189330983032 0.6691855294590328 0.0620693132595223 0.6713897178596921
0 0.08998903300120824 0.40762183924744905 0.14093027603867023 0.4072544745140058 0.16689071720199225 0.664777152657714 0.12182730989962198 0.6655118821246004
0 0.14337937426162511 0.40762183924744905 0.19481043694367817 0.40835656871433557 0.22126069775159105 0.6655118821246004 0.17129909400331106 0.6677160705252598
0 0.196769715522042 0.409091298181222 0.24722113891491312 0.40835656871433557 0.2707324818552801 0.6662466115914868 0.222730156685364 0.6658792468580436
0 0.2526091550054138 0.40872393344777874 0.3025707587536938 0.40762183924744905 0.3216737248927421 0.6666139763249301 0.273181580078235 0.6662466115914868
0 0.30746895519960366 0.4164385928500867 0.3422461499655633 0.4164385928500867 0.3589000178816566 0.6658792468580436 0.32510246240487894 0.6655118821246004
0 0.34616470712229114 0.4171733223169732 0.37898262330988686 0.41680595758352995 0.3936772126476162 0.6636750584573843 0.36134911610461157 0.6633076937239409
0 0.3843706394003876 0.4179080517838597 0.41473945736502843 0.4164385928500867 0.4274747681243939 0.6614708700567248 0.3956364912259802 0.6636750584573843
0 0.4162089162988013 0.4164385928500867 0.450006471775579 0.41607122811664354 0.4632316021795355 0.6629403289904977 0.4309035056365308 0.6636750584573843
0 0.4505909919749869 0.4097285002337632 0.46741553507396594 0.40920273326192014 0.4782813858253898 0.6615708797466044 0.4656629785011556 0.6618337632325261
0 0.4702196255904624 0.40946561674784165 0.48353905554382076 0.4084140828041555 0.49720899681174113 0.6620966467184476 0.4814359876564484 0.6618337632325261
0 0.4859926347457552 0.40946561674784165 0.5007141099573618 0.4081511993182339 0.5115799607087856 0.6618337632325261 0.49931206469911354 0.6623595302043691
0 0.5028171778447341 0.4081511993182339 0.5168376304272166 0.4084140828041555 0.5263014359203922 0.6607822292888399 0.513683028596158 0.6610451127747614
0 0.5171881417417787 0.40920273326192014 0.5319096169533853 0.4081511993182339 0.5417239337611229 0.6607822292888399 0.5287550151223267 0.6610451127747614
0 0.5340126848407576 0.40946561674784165 0.5466310921649918 0.40893984977599857 0.5567959202872916 0.6615708797466044 0.5445280242776195 0.6615708797466044
0 0.5497856939960505 0.4081511993182339 0.5631051239494087 0.4076254323463908 0.5725689294425844 0.6599935788310752 0.558898988174664 0.6618337632325261
0 0.5648576805222191 0.40867696629007705 0.5802801783629498 0.4081511993182339 0.587290404654191 0.6602564623169968 0.5736204633862706 0.6610451127747614
0 0.5816822236211979 0.40946561674784165 0.5950016535745564 0.40893984977599857 0.5995583006638632 0.6594678118592321 0.5883419385978772 0.6589420448873891
0 0.5964036988328045 0.4099913837196847 0.6370630113220037 0.40867696629007705 0.6395165905239382 0.6581533944296244 0.6002593232929873 0.6578905109437029
0 0.6412691470967485 0.4126202185789002 0.68403152747332 0.4105171506915278 0.6808769256422615 0.6613079962606829 0.6412691470967485 0.6584162779155459
0 0.6861345953606924 0.41130580114929244 0.728546464422702 0.4097285002337632 0.723288794704271 0.6610451127747614 0.6822789709005097 0.6592049283733106
0 0.7331031115120087 0.4099913837196847 0.7751644692594561 0.4102542672056063 0.7695562882264632 0.6613079962606829 0.7299485096809502 0.6592049283733106
0 0.7779685597759526 0.4070996653745477 0.7895354331565008 0.4070996653745477 0.7867313426400042 0.6597306953451537 0.7758654918885801 0.6586791614014674
0 0.7930405463021213 0.40893984977599857 0.8046074196826692 0.4084140828041555 0.802854863109859 0.6594678118592321 0.7877828765836905 0.6584162779155459
0 0.8063599762554796 0.40946561674784165 0.8161742930632173 0.4097285002337632 0.8154732704340931 0.6607822292888399 0.8042569083681073 0.6586791614014674
0 0.8214319627816482 0.40552236445901846 0.8344008814204446 0.40499659748717537 0.8336998587913204 0.6634110641480553 0.8207309401525242 0.6620966467184476
0 0.8414111077116858 0.4063110149167831 0.8733076373368335 0.4052594809730969 0.8676994563038404 0.6655141320354278 0.8358029266786927 0.6618337632325261
0 0.8806683749426366 0.4042079470294107 0.9083587687930396 0.4044708305153323 0.9048536556474189 0.6652512485495061 0.8761117278533299 0.6652512485495061
0 0.910461836680412 0.4052594809730969 0.9325440494978219 0.4044708305153323 0.9293894476667633 0.6618337632325261 0.9062557009056671 0.6626224136902907
0 0.9353481400143183 0.40604813143086155 0.9644405791229694 0.4039450635434892 0.961636488606473 0.6602564623169968 0.9318430268686976 0.6607822292888399
0 0.9711002940996486 0.4036821800575676 0.9998422218937377 0.4036821800575676 0.9959865974335551 0.6615708797466044 0.9644405791229694 0.6626224136902907
0 0.06943029390923582 0.7440051860957494 0.11257756349097658 0.7420690906657994 0.13322924807710892 0.9838044343481164 0.09155709882294903 0.9865702849623306
0 0.1217970655383571 0.7434520159729066 0.16199409446493612 0.7406861653586925 0.1745326172493736 0.9810385837339022 0.1361794887322707 0.9807619986724808
0 0.1675257956933644 0.7523027379383919 0.21694232666732396 0.7453881114028565 0.22726816896039012 0.9876766252080162 0.18412089937864934 1.0
0 0.2195237872405905 0.7528559080612347 0.2637773970680169 0.7440051860957494 0.2737344592791878 0.9879532102694375 0.23353743035260885 1.0
0 0.2704154385421309 0.7462178665871207 0.30618710648596725 0.7401329952358495 0.31725050894282386 0.9791024883039523 0.2800037206714066 0.9896127206379661
0 0.31171880771439553 0.7423456757272209 0.35744753786940286 0.7398564101744282 0.3644543594254121 0.9799322434882165 0.32093830976177606 0.988229795330859
0 0.36224167893404075 0.7456646964642778 0.4046513883519911 0.7412393354815352 0.4087079692528385 0.9824215090410092 0.3714611809814212 0.9879532102694375
0 0.4090767493347337 0.7395798251130068 0.44779865793373186 0.7384734848673211 0.45001133842510316 0.9757834675668954 0.4138708903993716 0.9779961480582666
0 0.45111767867078884 0.7406861653586925 0.4902083673516822 0.7387500699287425 0.4924210478430535 0.9763366376897382 0.45222401891647446 0.9804854136110595
0 0.498321529153377 0.7412393354815352 0.5359370975066895 0.7373671446216354 0.5355683174247943 0.980208828549638 0.4994278693990627 0.9846341895323806
0 0.5422063588989082 0.7406861653586925 0.585353628480649 0.7368139744987926 0.5772404666789541 0.9793790733653738 0.5411000186532225 0.9840810194095378
0 0.5890414292996012 0.7406861653586925 0.6262882175710185 0.7370905595602141 0.620387736260695 0.9782727331196881 0.5812970475798016 0.9862936999009091
0 0.6344013793727132 0.7412393354815352 0.6742296282173971 0.7379203147444783 0.667222806661388 0.9832512642252736 0.6307135785537611 0.9896127206379661
0 0.6830803501828824 0.7451115263414351 0.7206959185361949 0.7417925056043781 0.7118451965707095 0.990165890760809 0.6764423087087684 0.9965273471735014
0 0.7280715201740993 0.7415159205429567 0.766055868609307 0.739026654990164 0.7597866072170882 0.9893361355765447 0.7188520181267187 0.9943146666821302
0 0.7653183084455165 0.7287930077175716 0.7970333954885055 0.7263037421647788 0.7933455946695532 0.9829746791638522 0.7638431881179356 0.9862936999009091
0 0.8084655780272573 0.7304525180861001 0.8398118849883511 0.7260271571033573 0.8693142915399685 1.0 0.828010922367704 1.0
