0 0.13225000 0.41983333 0.08675000 0.41816667 0.08150000 0.41650000 0.08012500 0.41266667 0.08012500 0.36900000 0.08187500 0.36533333 0.08212500 0.21200000 0.07887500 0.02766667 0.07937500 0.00633333 0.08325000 0.00416667 0.12700000 0.01216667 0.13512500 0.01733333 0.13912500 0.34733333 0.13837500 0.41300000 0.13600000 0.41883333
0 0.21300000 0.42250000 0.14550000 0.42116667 0.14162500 0.41666667 0.13912500 0.01766667 0.14200000 0.01583333 0.21250000 0.02450000 0.21862500 0.03000000 0.21762500 0.40866667 0.21687500 0.42000000
0 0.29150000 0.42683333 0.22725000 0.42483333 0.22375000 0.42416667 0.22112500 0.42033333 0.22237500 0.02900000 0.22475000 0.02383333 0.28650000 0.03316667 0.29525000 0.03550000 0.29787500 0.04066667 0.29612500 0.40133333 0.29537500 0.42033333
0 0.36600000 0.43016667 0.30275000 0.42883333 0.29812500 0.42400000 0.30062500 0.03900000 0.30275000 0.03450000 0.36875000 0.04750000 0.37087500 0.04900000 0.37287500 0.05666667 0.37012500 0.41900000 0.36962500 0.42800000
0 0.43575000 0.43450000 0.37975000 0.43216667 0.37187500 0.42800000 0.37487500 0.06400000 0.37512500 0.04900000 0.37800000 0.04616667 0.44375000 0.05250000 0.44562500 0.05700000 0.44162500 0.35433333 0.43862500 0.42866667
0 0.46025000 0.43450000 0.44725000 0.43450000 0.44350000 0.43250000 0.44237500 0.42833333 0.44462500 0.36566667 0.44862500 0.05233333 0.45037500 0.04100000 0.45525000 0.03916667 0.47100000 0.04016667 0.47262500 0.04500000 0.46462500 0.42900000 0.46300000 0.43383333
0 0.48650000 0.43583333 0.47075000 0.43516667 0.46537500 0.43166667 0.47337500 0.04333333 0.47500000 0.03916667 0.48175000 0.03683333 0.49837500 0.04066667 0.48987500 0.42566667 0.48937500 0.43166667
0 0.51200000 0.43683333 0.49475000 0.43650000 0.49087500 0.43200000 0.49837500 0.08000000 0.49962500 0.06766667 0.50600000 0.06550000 0.52200000 0.06850000 0.52612500 0.07500000 0.51537500 0.43233333 0.51462500 0.43566667
0 0.54500000 0.43850000 0.52150000 0.43783333 0.51725000 0.43616667 0.51662500 0.43366667 0.52487500 0.15266667 0.52737500 0.14300000 0.52762500 0.08266667 0.52925000 0.07750000 0.55200000 0.07983333 0.55725000 0.08183333 0.55912500 0.08533333 0.54912500 0.42133333 0.54837500 0.43566667
0 0.57075000 0.43816667 0.55250000 0.43783333 0.54962500 0.43333333 0.55937500 0.15166667 0.55987500 0.09533333 0.56037500 0.08800000 0.56275000 0.08683333 0.58025000 0.08783333 0.58962500 0.09200000 0.57812500 0.43366667 0.57650000 0.43716667
0 0.60125000 0.44050000 0.58350000 0.43883333 0.58037500 0.43566667 0.59112500 0.15100000 0.59137500 0.09566667 0.59187500 0.09133333 0.59525000 0.08716667 0.61975000 0.08983333 0.62262500 0.09200000 0.62362500 0.09566667 0.60937500 0.43666667 0.60725000 0.43983333
0 0.63125000 0.44116667 0.61275000 0.44016667 0.60937500 0.43700000 0.61487500 0.29500000 0.62062500 0.19800000 0.62262500 0.10600000 0.62412500 0.09666667 0.62675000 0.09450000 0.64675000 0.09783333 0.65037500 0.10366667 0.63512500 0.43666667
0 0.65850000 0.44250000 0.63900000 0.43983333 0.63637500 0.43200000 0.65162500 0.10400000 0.64925000 0.09783333 0.63837500 0.09166667 0.64587500 0.07633333 0.65475000 0.06650000 0.66200000 0.05983333 0.67200000 0.05883333 0.68150000 0.06083333 0.68437500 0.06600000 0.68087500 0.10633333 0.66287500 0.43800000
0 0.67875000 0.44216667 0.66425000 0.44050000 0.66337500 0.42400000 0.67512500 0.24433333 0.68137500 0.11600000 0.68500000 0.10350000 0.69175000 0.10283333 0.70100000 0.10616667 0.70287500 0.11033333 0.70287500 0.11633333 0.69712500 0.17666667 0.69762500 0.23733333 0.68737500 0.41700000 0.68387500 0.43933333
0 0.69400000 0.44150000 0.68612500 0.43933333 0.69262500 0.32133333 0.69562500 0.31200000 0.70062500 0.14200000 0.70337500 0.11800000 0.70525000 0.11350000 0.71100000 0.11250000 0.71750000 0.11383333 0.71987500 0.11833333 0.71587500 0.16700000 0.71387500 0.23633333 0.71237500 0.24433333 0.71337500 0.27300000 0.70262500 0.43600000 0.70125000 0.43983333
0 0.71825000 0.44150000 0.70450000 0.44116667 0.70262500 0.43966667 0.70262500 0.43566667 0.71187500 0.31633333 0.71937500 0.13466667 0.72175000 0.11883333 0.73675000 0.11750000 0.73962500 0.12266667 0.73962500 0.13900000 0.73437500 0.19966667 0.72887500 0.34600000 0.72287500 0.43466667 0.72162500 0.43966667
0 0.74450000 0.44050000 0.72825000 0.43850000 0.72587500 0.43333333 0.73837500 0.21333333 0.74012500 0.14800000 0.74362500 0.11566667 0.74975000 0.11316667 0.76125000 0.11350000 0.76787500 0.11766667 0.76837500 0.13233333 0.76537500 0.15966667 0.76462500 0.19100000 0.74962500 0.42200000 0.74737500 0.43466667
0 0.76625000 0.44383333 0.75250000 0.44283333 0.74962500 0.43966667 0.74962500 0.43700000 0.76487500 0.20700000 0.76712500 0.14600000 0.76887500 0.13300000 0.76812500 0.11066667 0.77150000 0.10483333 0.77550000 0.10483333 0.78625000 0.10750000 0.78937500 0.11166667 0.76937500 0.43933333
0 0.78825000 0.44383333 0.77175000 0.44050000 0.76987500 0.43533333 0.78087500 0.27700000 0.78962500 0.11466667 0.79150000 0.10850000 0.79900000 0.10716667 0.81212500 0.11166667 0.81212500 0.12600000 0.80162500 0.27100000 0.79262500 0.42933333 0.79162500 0.44000000
0 0.81500000 0.44516667 0.79700000 0.44383333 0.79362500 0.43966667 0.79337500 0.43566667 0.80512500 0.25700000 0.81262500 0.11500000 0.81362500 0.11066667 0.81675000 0.10716667 0.82575000 0.10650000 0.83650000 0.10883333 0.83837500 0.11133333 0.83837500 0.12200000 0.81937500 0.43300000 0.81812500 0.44066667
0 0.83800000 0.44516667 0.82225000 0.44350000 0.81937500 0.43866667 0.82962500 0.30466667 0.83912500 0.11466667 0.84250000 0.10816667 0.85300000 0.10683333 0.86150000 0.10916667 0.86337500 0.11266667 0.86362500 0.12000000 0.84462500 0.38700000 0.84287500 0.43966667
0 0.84800000 0.44450000 0.84350000 0.44383333 0.84262500 0.44166667 0.84287500 0.41233333 0.84812500 0.33633333 0.85162500 0.30766667 0.86362500 0.12066667 0.86287500 0.11000000 0.85725000 0.10416667 0.85312500 0.10366667 0.86275000 0.09583333 0.88525000 0.09716667 0.88737500 0.10133333 0.87712500 0.22300000 0.87137500 0.26333333 0.87262500 0.26766667 0.87037500 0.28600000 0.86987500 0.31666667 0.85987500 0.43633333 0.85775000 0.44350000
0 0.87725000 0.44350000 0.86125000 0.44250000 0.85987500 0.43366667 0.87412500 0.27933333 0.87637500 0.23200000 0.88637500 0.11133333 0.88787500 0.09966667 0.89575000 0.09850000 0.90800000 0.10150000 0.91012500 0.10633333 0.90337500 0.16966667 0.89787500 0.24800000 0.89537500 0.25966667 0.88237500 0.42233333 0.88012500 0.43933333
0 0.91195652 0.10289855 0.93641304 0.10434783 0.90326087 0.44420290 0.87989130 0.43913043
0 0.93532609 0.11014493 0.95489130 0.11159420 0.91902174 0.44492754 0.90271739 0.44347826
0 0.95543478 0.11376812 0.97173913 0.11884058 0.93967391 0.44202899 0.91739130 0.44057971
0 0.07717391 0.52536232 0.09239130 0.52463768 0.09782609 0.95507246 0.08423913 0.95652174
0 0.10425000 0.95783333 0.09737500 0.95533333 0.09637500 0.90933333 0.09562500 0.63700000 0.09262500 0.53300000 0.09462500 0.52500000 0.09750000 0.52350000 0.10837500 0.52633333 0.11012500 0.56466667 0.10962500 0.72500000 0.11237500 0.93666667 0.11162500 0.95533333
0 0.11700000 0.95650000 0.11187500 0.95500000 0.11137500 0.94066667 0.11037500 0.63200000 0.10787500 0.52933333 0.11025000 0.52516667 0.11925000 0.52383333 0.12262500 0.52833333 0.12437500 0.60233333 0.12462500 0.79633333 0.12312500 0.82000000 0.12587500 0.95133333 0.12375000 0.95550000
0 0.12775000 0.95050000 0.12462500 0.94766667 0.12337500 0.71700000 0.12512500 0.63800000 0.12287500 0.52800000 0.12675000 0.52350000 0.13450000 0.52350000 0.13662500 0.52566667 0.13812500 0.57200000 0.13612500 0.71133333 0.13837500 0.94200000 0.13675000 0.94883333
0 0.14500000 0.94983333 0.13712500 0.94733333 0.13662500 0.52900000 0.13900000 0.52383333 0.14725000 0.52316667 0.15087500 0.52800000 0.15162500 0.57966667 0.15162500 0.94433333 0.15075000 0.94783333
0 0.15825000 0.94416667 0.15212500 0.94000000 0.15287500 0.86533333 0.15137500 0.86133333 0.15337500 0.84966667 0.15112500 0.84633333 0.15362500 0.83500000 0.15262500 0.80666667 0.15462500 0.80333333 0.15262500 0.79566667 0.15137500 0.75233333 0.15262500 0.66100000 0.15112500 0.53266667 0.15337500 0.52466667 0.15800000 0.52050000 0.16087500 0.53166667 0.16337500 0.58966667 0.16137500 0.62500000 0.16237500 0.67133333 0.15987500 0.71266667 0.15987500 0.92166667
0 0.15952381 0.94550265 0.17341270 0.94550265 0.17142857 0.52539683 0.17420635 0.52328042 0.17460317 0.51693122 0.15912698 0.51534392
0 0.17222222 0.52698413 0.18690476 0.52592593 0.18571429 0.95555556 0.17222222 0.95767196
0 0.18571429 0.52433862 0.19880952 0.52433862 0.19920635 0.95396825 0.18412698 0.95396825
0 0.19880952 0.53227513 0.25714286 0.53386243 0.25277778 0.95449735 0.19841270 0.95132275
0 0.29925000 0.95183333 0.26350000 0.95150000 0.25775000 0.94916667 0.25562500 0.94366667 0.25837500 0.54433333 0.26000000 0.53283333 0.27050000 0.52883333 0.31075000 0.53083333 0.31450000 0.52816667 0.31662500 0.53666667 0.31162500 0.80633333 0.31112500 0.93666667 0.30850000 0.94916667
0 0.32175000 0.95350000 0.31525000 0.95250000 0.31312500 0.94800000 0.31812500 0.59066667 0.32062500 0.54066667 0.32250000 0.53483333 0.32975000 0.53683333 0.37550000 0.53716667 0.37712500 0.54366667 0.36737500 0.94733333 0.36450000 0.95150000
0 0.37725000 0.94816667 0.37225000 0.94750000 0.36987500 0.94166667 0.38062500 0.52933333 0.43175000 0.52916667 0.43637500 0.53300000 0.43787500 0.54600000 0.42312500 0.93966667 0.42025000 0.94450000
0 0.42850000 0.93883333 0.42462500 0.93600000 0.42437500 0.93133333 0.43662500 0.64433333 0.43887500 0.53100000 0.43950000 0.52916667 0.45950000 0.52883333 0.49025000 0.53116667 0.49287500 0.54433333 0.47362500 0.92433333 0.47075000 0.93050000
0 0.48475000 0.93450000 0.47687500 0.93166667 0.47487500 0.91900000 0.49512500 0.54000000 0.49362500 0.52966667 0.54400000 0.53083333 0.54737500 0.53333333 0.54912500 0.54266667 0.52712500 0.92333333 0.52100000 0.92983333
0 0.53750000 0.92983333 0.52925000 0.92850000 0.52762500 0.91733333 0.54287500 0.68600000 0.55062500 0.53300000 0.55625000 0.52950000 0.59625000 0.53083333 0.60362500 0.53766667 0.60462500 0.54700000 0.58287500 0.81766667 0.57662500 0.91633333 0.57562500 0.92033333 0.57075000 0.92450000
0 0.58500000 0.92183333 0.58025000 0.92183333 0.57787500 0.91933333 0.57812500 0.90300000 0.59662500 0.67733333 0.59862500 0.63033333 0.60587500 0.54800000 0.60612500 0.53633333 0.60462500 0.53300000 0.61125000 0.52983333 0.64600000 0.53183333 0.65512500 0.53733333 0.65537500 0.54533333 0.64537500 0.64600000 0.62412500 0.91233333 0.61900000 0.91616667
