0 0.09575000 0.88316667 0.07450000 0.88150000 0.07037500 0.87233333 0.02237500 0.26933333 0.02362500 0.25600000 0.03350000 0.25283333 0.06575000 0.25216667 0.07412500 0.26000000 0.09312500 0.56900000 0.11762500 0.87166667 0.11375000 0.88116667
0 0.15175000 0.88250000 0.12375000 0.88183333 0.11737500 0.87400000 0.07562500 0.27233333 0.07825000 0.26116667 0.09025000 0.25583333 0.12350000 0.25583333 0.12787500 0.25966667 0.12587500 0.29500000 0.14487500 0.61633333 0.16537500 0.87233333 0.16300000 0.88116667
0 0.17900000 0.88550000 0.16762500 0.88100000 0.16462500 0.85900000 0.12887500 0.31933333 0.12737500 0.26833333 0.13275000 0.25950000 0.17450000 0.25916667 0.17887500 0.26733333 0.19262500 0.56466667 0.21287500 0.87200000 0.20950000 0.88150000
0 0.23025000 0.88183333 0.21700000 0.88050000 0.21262500 0.85866667 0.18887500 0.45633333 0.17962500 0.26800000 0.18175000 0.26250000 0.22300000 0.26250000 0.22887500 0.26700000 0.25862500 0.87300000 0.25600000 0.87850000
0 0.28350000 0.88150000 0.26375000 0.88116667 0.25937500 0.87266667 0.23187500 0.30666667 0.23062500 0.26700000 0.23550000 0.26283333 0.26725000 0.26216667 0.27287500 0.26600000 0.28337500 0.58466667 0.30012500 0.87300000 0.29912500 0.87866667 0.29500000 0.88116667
0 0.33225000 0.88816667 0.30625000 0.88583333 0.30112500 0.87433333 0.27362500 0.30300000 0.27337500 0.27366667 0.27850000 0.26583333 0.32050000 0.26516667 0.33012500 0.27333333 0.33262500 0.28333333 0.32612500 0.29366667 0.32537500 0.30733333 0.34912500 0.87733333 0.34400000 0.88550000
0 0.42550000 0.88316667 0.36625000 0.87816667 0.35700000 0.87250000 0.35337500 0.86433333 0.34562500 0.73700000 0.34412500 0.63566667 0.32887500 0.31900000 0.33037500 0.30666667 0.33825000 0.29516667 0.41700000 0.29683333 0.42087500 0.29900000 0.42237500 0.30666667 0.43687500 0.87133333 0.43550000 0.87950000
0 0.47150000 0.89816667 0.44575000 0.89450000 0.44137500 0.88833333 0.43962500 0.87233333 0.42687500 0.31466667 0.43200000 0.29716667 0.50700000 0.29483333 0.51737500 0.29900000 0.51287500 0.32166667 0.51337500 0.34233333 0.51762500 0.34600000 0.51612500 0.35800000 0.52012500 0.37333333 0.52662500 0.88166667 0.52562500 0.88900000 0.51700000 0.89550000
0 0.55125000 0.91316667 0.53325000 0.91150000 0.52987500 0.90400000 0.52862500 0.88633333 0.52312500 0.30666667 0.52625000 0.29883333 0.56850000 0.29750000 0.57675000 0.29883333 0.57837500 0.30533333 0.58312500 0.90566667 0.58025000 0.91083333
0 0.62750000 0.91616667 0.59200000 0.91483333 0.58800000 0.91383333 0.58562500 0.90633333 0.58287500 0.55000000 0.58562500 0.41200000 0.58262500 0.31066667 0.58412500 0.30366667 0.58825000 0.30150000 0.62100000 0.29816667 0.63625000 0.29883333 0.63937500 0.30933333 0.63837500 0.90500000 0.63650000 0.91250000
0 0.67450000 0.90950000 0.65050000 0.90916667 0.64250000 0.90716667 0.64012500 0.90233333 0.64062500 0.32866667 0.64137500 0.30666667 0.64875000 0.30283333 0.68800000 0.30250000 0.69387500 0.30666667 0.68887500 0.88766667 0.68762500 0.90600000
0 0.73200000 0.92116667 0.70375000 0.92083333 0.69750000 0.91850000 0.69212500 0.90866667 0.69862500 0.47866667 0.70337500 0.41800000 0.70087500 0.31800000 0.70900000 0.30316667 0.75550000 0.30250000 0.75962500 0.30900000 0.74837500 0.90733333 0.74475000 0.91783333
0 0.77550000 0.92383333 0.75625000 0.92283333 0.75150000 0.92083333 0.75012500 0.91566667 0.75912500 0.48200000 0.76512500 0.42000000 0.76187500 0.30266667 0.75937500 0.29500000 0.76675000 0.29083333 0.81450000 0.29083333 0.81937500 0.29633333 0.81962500 0.33300000 0.80312500 0.90533333 0.79950000 0.92150000
0 0.82325000 0.92283333 0.80600000 0.92083333 0.80437500 0.90600000 0.82112500 0.44100000 0.81837500 0.43566667 0.82237500 0.43100000 0.82362500 0.41633333 0.82112500 0.39700000 0.82162500 0.31466667 0.83000000 0.31016667 0.86975000 0.30883333 0.87737500 0.31633333 0.87687500 0.39733333 0.85512500 0.91233333 0.84825000 0.92083333
0 0.89375000 0.91983333 0.86100000 0.91783333 0.85562500 0.91233333 0.87062500 0.62233333 0.87862500 0.38733333 0.87862500 0.31633333 0.88100000 0.31116667 0.89125000 0.30683333 0.92375000 0.30683333 0.93087500 0.31100000 0.93162500 0.32566667 0.90687500 0.90900000 0.90450000 0.91550000
0 0.94500000 0.91750000 0.91150000 0.91616667 0.90737500 0.91300000 0.90687500 0.90700000 0.91837500 0.70600000 0.93312500 0.32266667 0.93575000 0.31150000 0.98250000 0.31050000 0.98687500 0.32200000 0.98487500 0.37266667 0.95687500 0.90566667 0.95450000 0.91383333
