0 0.058346836674320814 0.12073240721189933 0.131545034872519 0.13124291772240984 0.08987836820585234 0.9030146894941816 0.004292782620266762 0.9090206955001875
0 0.1349234132508974 0.14775943423892635 0.1709594492869334 0.14926093574042787 0.131545034872519 0.9045161909956831 0.08987836820585234 0.9045161909956831
0 0.17996845829594244 0.18529697177646387 0.26668017000765415 0.19130297778246988 0.22839188171936586 0.9075191939986861 0.14168017000765415 0.9045161909956831
0 0.2689324222599064 0.18079246727195936 0.3128513411788253 0.18079246727195936 0.2824459357734199 0.9135252000046922 0.22951800784549198 0.9090206955001875
0 0.318481971809456 0.18229396877346088 0.354518007845492 0.1837954702749624 0.32636485469233883 0.9165282030076951 0.2790675573950415 0.9135252000046922
0 0.3556441339716181 0.19130297778246988 0.4198333231608073 0.1882999747794669 0.39280629613378026 0.919531206010698 0.32861710694459106 0.9240357105152026
0 0.4232117015391857 0.1867984732779654 0.4862747646022488 0.1882999747794669 0.470508998836483 0.9255372120167041 0.39618467451215866 0.9240357105152026
0 0.4862747646022488 0.18229396877346088 0.5335720618995461 0.1837954702749624 0.5133017916292757 0.9270387135182055 0.47276125108873523 0.9300417165212086
0 0.5335720618995461 0.23034201682150893 0.5673558456833298 0.23034201682150893 0.5572207105481947 0.9255372120167041 0.5144279177554019 0.9285402150197071
0 0.5707342240617083 0.23484652132601344 0.6349234132508974 0.23334501982451195 0.6270405303680145 0.9300417165212086 0.5639774673049515 0.9255372120167041
0 0.6443828727103568 0.22349516997466215 0.7051936835211676 0.22799967447916666 0.6961846745121586 0.9397113861908784 0.6308693591968433 0.9397113861908784
0 0.7164549447824289 0.22499667147616367 0.7660044943319785 0.22499667147616367 0.7682567465842307 0.9397113861908784 0.7018153051427892 0.9382098846893768
0 0.7817702600977442 0.21298465946415165 0.8414549447824289 0.21748916396865617 0.8414549447824289 0.9457173921968844 0.7862747646022488 0.9457173921968844
0 0.8414549447824289 0.22199366847316068 0.8977612510887352 0.23400568048517267 0.9033918817193659 0.9397113861908784 0.8470855754130595 0.9412128876923798
0 0.8988873772148613 0.2370086834881757 0.95744593577342 0.2370086834881757 0.9720855754130595 0.9397113861908784 0.9124008907283748 0.9382098846893768
