0 0.04688235109085677 0.16027519977563126 0.08627663789496628 0.16205573251254016 0.11298462894859986 0.8609148317492852 0.08227043923692125 0.8582440326439219
0 0.1036368320798281 0.2510823693579854 0.16039131306879945 0.2537531684633487 0.17107450949025285 0.8609148317492852 0.12433552514639412 0.856463499907013
0 0.16706831083220783 0.2866930240961635 0.20178869920193146 0.2902540895699813 0.20245639897827228 0.8707077618022842 0.17775150725366126 0.8689272290653753
0 0.20512719808363564 0.20389825182989943 0.28124497258649134 0.2101301164090806 0.26588787773065203 0.8911838882767366 0.20379179853095397 0.8831714909606465
0 0.28191267236283213 0.2377283738311686 0.3099560629691474 0.24039917293653196 0.3012759658767165 0.9027573510666445 0.2739002750467421 0.8974157528559178
0 0.31396226162719243 0.19410532177690046 0.3393348531281443 0.19410532177690046 0.32598085760132756 0.911660014751189 0.3072852638637841 0.9072086829089167
0 0.34400875156253025 0.20033718635608164 0.3860738374720031 0.20211771909299053 0.3687136432871413 0.9214529448041879 0.3319901555883951 0.9214529448041879
0 0.3940862347880932 0.20567878456680835 0.49958279944994577 0.21547171461980727 0.465530110856563 0.939258272173277 0.3827353385902989 0.9107697483827345
0 0.5055920974370133 0.26087529941098436 0.5770359735054831 0.27066822946398333 0.5463217837938046 0.9543928004370027 0.514939894305785 0.9668565295953649 0.4835580048177656 0.9552830668054572
0 0.5870514701505957 0.21547171461980727 0.6364612535998179 0.21636198098826173 0.5890545694796182 0.976649459648364 0.5536664813335538 0.9819910578590907
0 0.6438059511395671 0.1691778634601758 0.7399547189326479 0.1709583961970847 0.6718493417458823 1.0 0.5970669667957083 0.9891131888067263
0 0.7499702155777604 0.1727389289339936 0.8534636809105904 0.1762999944078114 0.7673304097626222 1.0 0.6852033372726991 1.0
0 0.8507928818052272 0.2395089065680775 0.9162274598866293 0.23861864019962306 0.8280910894096387 1.0 0.7720043081970082 1.0
0 0.9309168549661279 0.24039917293653196 0.9976868326002118 0.2466310375157131 0.9990222321528934 0.3125107487813426 0.9082150625705393 1.0 0.8374388862784105 0.9980158524912708
