0 0.02800000 0.83816667 0.00487500 0.83400000 0.00587500 0.75566667 0.03212500 0.13466667 0.03537500 0.10900000 0.04600000 0.10616667 0.06850000 0.11116667 0.07012500 0.11566667 0.04787500 0.53733333 0.04312500 0.82233333 0.04125000 0.83450000
0 0.06900000 0.84083333 0.04900000 0.84016667 0.04487500 0.83533333 0.04837500 0.64066667 0.05512500 0.47033333 0.06162500 0.40100000 0.06362500 0.26433333 0.07012500 0.12833333 0.07600000 0.11683333 0.09275000 0.11616667 0.10750000 0.11916667 0.11612500 0.13200000 0.10937500 0.16100000 0.09362500 0.49433333 0.09212500 0.64600000 0.08912500 0.66566667 0.08462500 0.83500000
0 0.11975000 0.84083333 0.09250000 0.83916667 0.08687500 0.83433333 0.11112500 0.17466667 0.11575000 0.14516667 0.16125000 0.14483333 0.17100000 0.14650000 0.17237500 0.15866667 0.15737500 0.50433333 0.14912500 0.82333333 0.14450000 0.83850000
0 0.16300000 0.84850000 0.15450000 0.84716667 0.15237500 0.84033333 0.16162500 0.50233333 0.17187500 0.35000000 0.17587500 0.15833333 0.17762500 0.14200000 0.18200000 0.13283333 0.18625000 0.13183333 0.22825000 0.14250000 0.23712500 0.15033333 0.21812500 0.82700000 0.21712500 0.84100000 0.21300000 0.84450000
0 0.24075000 0.84883333 0.22062500 0.84533333 0.22012500 0.80566667 0.23962500 0.15833333 0.24212500 0.14266667 0.24925000 0.13983333 0.29475000 0.14650000 0.30037500 0.15100000 0.30087500 0.16600000 0.28387500 0.84000000 0.27950000 0.84616667
0 0.31900000 0.84550000 0.29100000 0.84483333 0.28562500 0.83866667 0.30187500 0.17466667 0.30550000 0.15716667 0.33575000 0.15816667 0.35400000 0.16150000 0.35612500 0.16600000 0.34912500 0.83833333 0.34550000 0.84450000
0 0.40450000 0.84683333 0.36375000 0.84583333 0.35300000 0.84316667 0.35162500 0.83700000 0.35837500 0.16100000 0.35962500 0.13500000 0.36425000 0.13216667 0.41550000 0.13416667 0.42162500 0.14133333 0.41387500 0.83466667 0.41250000 0.84283333
0 0.43750000 0.85383333 0.42025000 0.85383333 0.41762500 0.84966667 0.41687500 0.78566667 0.42287500 0.11933333 0.44225000 0.11483333 0.44712500 0.11933333 0.44462500 0.82700000 0.44387500 0.84966667
0 0.47100000 0.85216667 0.44587500 0.84966667 0.44437500 0.80366667 0.44812500 0.68100000 0.44912500 0.11766667 0.45200000 0.11283333 0.46525000 0.11083333 0.47362500 0.11600000
0 0.50225000 0.85850000 0.48225000 0.85850000 0.47812500 0.85466667 0.47487500 0.81466667 0.47787500 0.75233333 0.47662500 0.16066667 0.47787500 0.11200000 0.48275000 0.10316667 0.49975000 0.10350000 0.50337500 0.11000000 0.50587500 0.84700000
0 0.52950000 0.86050000 0.50762500 0.85766667 0.50612500 0.82266667 0.50462500 0.14566667 0.50512500 0.11166667 0.50975000 0.10816667 0.53050000 0.10983333 0.53237500 0.12700000 0.53562500 0.84733333 0.53487500 0.85833333
0 0.56250000 0.86283333 0.54125000 0.86183333 0.53837500 0.85800000 0.53662500 0.82033333 0.53437500 0.12666667 0.53612500 0.10766667 0.54575000 0.10483333 0.55950000 0.10750000 0.56162500 0.12533333 0.56687500 0.85666667
0 0.58500000 0.86283333 0.57200000 0.86250000 0.56837500 0.85833333 0.56712500 0.80733333 0.56212500 0.12100000 0.56287500 0.10766667 0.57175000 0.10350000 0.58812500 0.10666667 0.58962500 0.13700000 0.59612500 0.85766667 0.59450000 0.86183333
0 0.60850000 0.86350000 0.59712500 0.86066667 0.59462500 0.81266667 0.59037500 0.12266667 0.59112500 0.10366667 0.59675000 0.09916667 0.60900000 0.09950000 0.61637500 0.10766667 0.61987500 0.28733333 0.61862500 0.42400000 0.62437500 0.85933333
0 0.64125000 0.86250000 0.62700000 0.86250000 0.62412500 0.85800000 0.62162500 0.30533333 0.61762500 0.15266667 0.61862500 0.10833333 0.62600000 0.10550000 0.64200000 0.10750000 0.64337500 0.12633333 0.65212500 0.85800000
0 0.67275000 0.86216667 0.65575000 0.86150000 0.65312500 0.85766667 0.64512500 0.11533333 0.64850000 0.10750000 0.65450000 0.10683333 0.66937500 0.11166667 0.67112500 0.16000000 0.67837500 0.69866667 0.67787500 0.74400000 0.67400000 0.73416667 0.67187500 0.75300000 0.67937500 0.76133333 0.68087500 0.81266667 0.68087500 0.85766667
0 0.69925000 0.86316667 0.68575000 0.86316667 0.68062500 0.85766667 0.68162500 0.75233333 0.67062500 0.12033333 0.67475000 0.11116667 0.69512500 0.11400000 0.69737500 0.15233333 0.70587500 0.75633333 0.70987500 0.82600000 0.70937500 0.85900000
0 0.73075000 0.86550000 0.71675000 0.86550000 0.71162500 0.85833333 0.71212500 0.75166667 0.70462500 0.52966667 0.69812500 0.12333333 0.70150000 0.10816667 0.71150000 0.10750000 0.72100000 0.10850000 0.72487500 0.11766667 0.73287500 0.49466667 0.73637500 0.56833333 0.73962500 0.57633333 0.73537500 0.58366667 0.73437500 0.74633333 0.73137500 0.75600000 0.72962500 0.81466667 0.73250000 0.82583333 0.73662500 0.82233333 0.74037500 0.86066667
0 0.75325000 0.85883333 0.74062500 0.85766667 0.73987500 0.82600000 0.73162500 0.79900000 0.73412500 0.79500000 0.73237500 0.76766667 0.73962500 0.75200000 0.73537500 0.74166667 0.73687500 0.55833333 0.73337500 0.52000000 0.72487500 0.13133333 0.72487500 0.12333333 0.72800000 0.12150000 0.74350000 0.12316667 0.74587500 0.14033333 0.75912500 0.82200000 0.75912500 0.85400000
0 0.79100000 0.86283333 0.76350000 0.85816667 0.76087500 0.83166667 0.74712500 0.13033333 0.75275000 0.11516667 0.77050000 0.11016667 0.77662500 0.11166667 0.77937500 0.12966667 0.79187500 0.42800000 0.79312500 0.50733333 0.79037500 0.53733333 0.79562500 0.59500000 0.79587500 0.74833333 0.79137500 0.76700000 0.79112500 0.79366667 0.79587500 0.85600000
0 0.80800000 0.86050000 0.79487500 0.85766667 0.79212500 0.80333333 0.79362500 0.76400000 0.79687500 0.75700000 0.79412500 0.72233333 0.79612500 0.60400000 0.79012500 0.54000000 0.78887500 0.37300000 0.77837500 0.12833333 0.77937500 0.11933333 0.78625000 0.11783333 0.79950000 0.11850000 0.80262500 0.12666667 0.81037500 0.30933333 0.82187500 0.85466667 0.81850000 0.85983333
0 0.84375000 0.86283333 0.82775000 0.86150000 0.82362500 0.85000000 0.81137500 0.32233333 0.80412500 0.16300000 0.80487500 0.11866667 0.81550000 0.11016667 0.82675000 0.11116667 0.83112500 0.11933333 0.84187500 0.35733333 0.85487500 0.84500000 0.85387500 0.86066667
0 0.87150000 0.86383333 0.85837500 0.85766667 0.83237500 0.14700000 0.83312500 0.11966667 0.84850000 0.11683333 0.85775000 0.11883333 0.85887500 0.12633333 0.88812500 0.82833333 0.88737500 0.86133333
0 0.91750000 0.86616667 0.89700000 0.86550000 0.89112500 0.85800000 0.88937500 0.75200000 0.85862500 0.12433333 0.86175000 0.11116667 0.87200000 0.10716667 0.88662500 0.10933333 0.88912500 0.13666667 0.91662500 0.68566667 0.92262500 0.85900000
0 0.95200000 0.86850000 0.92787500 0.86533333 0.92212500 0.82666667 0.91962500 0.68133333 0.89037500 0.14166667 0.88987500 0.11233333 0.89650000 0.10283333 0.91825000 0.10316667 0.92212500 0.11500000 0.93487500 0.36300000 0.94137500 0.42766667 0.95662500 0.80766667 0.96187500 0.86066667 0.95975000 0.86616667
0 0.96800000 0.86383333 0.96112500 0.85766667 0.95812500 0.81533333 0.94137500 0.43533333 0.92262500 0.16100000 0.92162500 0.11466667 0.92600000 0.11050000 0.93600000 0.11050000 0.93937500 0.11500000 0.97537500 0.82466667 0.97587500 0.86066667
0 0.99975000 0.86950000 0.98300000 0.86550000 0.97737500 0.85633333 0.96562500 0.53333333 0.94187500 0.15500000 0.94187500 0.11533333 0.96175000 0.10650000 0.97512500 0.11100000 0.99337500 0.43066667 0.99975000 0.48900000
