0 0.8792956353407351 0.024157642576520855 0.9667956353407351 0.020824309243187525 0.9292956353407351 0.9724909759098541 0.8517956353407351 0.9741576425765208
0 0.7667956353407351 0.06582430924318752 0.8667956353407351 0.06582430924318752 0.8517956353407351 0.9674909759098541 0.7630456353407351 0.9674909759098541
0 0.7217956353407351 0.11249097590985419 0.7617956353407351 0.10915764257652086 0.7630456353407351 0.9658243092431874 0.7180456353407351 0.9724909759098541
0 0.6642956353407351 0.08582430924318753 0.7155456353407351 0.08249097590985419
0 0.671795635340735 0.08582430924318753 0.714295635340735 0.08249097590985419 0.7205456353407351 0.9774909759098541 0.6692956353407351 0.9858243092431874
0 0.6055456353407351 0.09415764257652086 0.6580456353407351 0.08415764257652086 0.666795635340735 0.9791576425765208 0.6142956353407351 0.9791576425765208
0 0.5455456353407351 0.08582430924318753 0.599295635340735 0.08582430924318753 0.6142956353407351 0.9791576425765208 0.5542956353407351 0.9824909759098541
0 0.42429563534073517 0.08915764257652085 0.536795635340735 0.08582430924318753 0.5492956353407351 0.9841576425765208 0.44804563534073516 0.9908243092431874
0 0.33679563534073514 0.09582430924318752 0.41679563534073516 0.09082430924318752 0.4392956353407351 0.9808243092431874 0.37304563534073515 0.9791576425765208
0 0.25929563534073513 0.08915764257652085 0.33304563534073517 0.0924909759098542 0.3792956353407351 0.9824909759098541 0.29929563534073517 0.9891576425765208
0 0.18179563534073515 0.08749097590985419 0.25054563534073515 0.0924909759098542 0.30304563534073514 0.9958243092431874 0.22929563534073513 0.9958243092431874
0 0.09804563534073524 0.0924909759098542 0.17679563534073514 0.08582430924318753 0.23054563534073513 0.9991576425765207 0.15679563534073515 1.0
0 0.01929563534073523 0.12915764257652085 0.09929563534073522 0.1274909759098542
0 0.022430521647135392 0.12814778645833333 0.0999305216471354 0.12648111979166668 0.1586805216471354 0.9931477864583333 0.0836805216471354 0.9981477864583334
