0 0.07250000 0.99183333 0.01450000 0.98450000 0.01437500 0.95900000 0.00912500 0.95133333 0.00487500 0.81800000 0.00012500 0.79666667 0.00225000 0.10316667 0.04450000 0.10916667 0.06575000 0.10350000 0.08825000 0.11516667 0.09887500 0.18266667 0.10487500 0.95200000 0.08800000 0.98483333
0 0.15600000 0.96783333 0.11525000 0.96416667 0.10987500 0.95433333 0.10612500 0.36133333 0.10712500 0.30666667 0.11037500 0.30266667 0.10412500 0.29500000 0.10262500 0.18500000 0.11075000 0.17950000 0.16350000 0.18116667 0.17062500 0.18566667 0.16387500 0.19700000 0.16237500 0.30966667 0.16562500 0.66033333 0.16337500 0.88033333 0.16812500 0.94933333 0.16437500 0.96266667
0 0.21325000 0.97983333 0.17337500 0.97466667 0.16787500 0.89866667 0.16487500 0.20700000 0.16587500 0.19366667 0.17300000 0.18816667 0.22175000 0.19150000 0.23087500 0.20100000 0.23287500 0.95366667 0.22887500 0.97433333
0 0.26375000 0.96483333 0.24450000 0.96283333 0.23937500 0.95566667 0.23862500 0.94500000 0.23912500 0.20066667 0.24050000 0.18883333 0.25150000 0.18516667 0.27675000 0.18850000 0.28037500 0.19333333 0.27662500 0.33566667 0.27737500 0.95233333 0.27175000 0.96216667
0 0.30350000 0.98616667 0.28725000 0.98250000 0.28187500 0.97533333 0.27837500 0.87666667 0.27987500 0.32800000 0.28187500 0.16933333 0.28700000 0.11550000 0.34625000 0.12150000 0.35137500 0.12966667 0.34012500 0.97133333 0.33800000 0.97850000 0.33000000 0.98316667
0 0.39875000 0.98850000 0.35375000 0.98550000 0.34837500 0.98233333 0.34462500 0.97000000 0.35412500 0.13866667 0.35587500 0.12666667 0.36400000 0.12283333 0.46700000 0.12983333 0.47212500 0.14366667 0.45237500 0.96366667 0.44375000 0.98450000
0 0.50275000 0.98350000 0.46900000 0.97483333 0.45912500 0.96400000 0.45737500 0.95333333 0.47312500 0.20466667 0.47462500 0.18966667 0.48500000 0.18783333 0.54200000 0.19316667 0.54762500 0.20466667 0.52362500 0.96566667 0.51800000 0.97916667
0 0.57700000 0.98816667 0.54100000 0.98683333 0.52912500 0.97833333 0.52737500 0.96766667 0.55250000 0.23550000 0.57175000 0.24083333 0.60750000 0.24083333 0.61575000 0.24416667 0.62012500 0.25400000 0.59362500 0.82033333 0.59287500 0.96866667 0.58925000 0.98350000
0 0.62000000 0.98350000 0.59437500 0.97933333 0.60962500 0.52933333 0.61712500 0.44200000 0.62287500 0.26433333 0.65225000 0.26383333 0.66037500 0.26766667 0.66062500 0.31966667 0.63962500 0.86366667 0.63537500 0.90766667 0.63637500 0.94766667 0.63187500 0.97933333
0 0.67025000 0.99050000 0.64300000 0.98650000 0.63812500 0.96233333 0.66437500 0.28400000 0.65812500 0.24833333 0.66987500 0.16433333 0.67400000 0.15816667 0.68900000 0.15750000 0.71900000 0.16183333 0.72187500 0.17800000 0.68687500 0.97666667 0.68300000 0.98750000
0 0.75275000 0.99966667 0.71325000 0.99966667 0.69687500 0.98966667 0.68987500 0.96766667 0.71637500 0.32133333 0.72087500 0.25233333 0.72800000 0.24650000 0.79575000 0.24983333 0.79987500 0.25200000 0.80112500 0.26000000 0.76212500 0.98400000
0 0.78525000 0.99516667 0.76625000 0.98850000 0.76337500 0.97066667 0.77762500 0.76700000 0.80187500 0.25566667 0.79900000 0.24783333 0.76887500 0.24333333 0.77150000 0.23650000 0.79575000 0.22050000 0.82225000 0.21250000 0.83225000 0.21683333 0.83412500 0.22366667 0.83037500 0.31966667 0.79487500 0.98766667
0 0.84925000 0.99650000 0.80250000 0.99183333 0.79787500 0.98700000 0.79687500 0.97800000 0.80962500 0.79500000 0.83537500 0.24433333 0.83775000 0.23616667 0.85975000 0.23516667 0.90475000 0.24016667 0.90937500 0.24366667 0.91037500 0.25300000 0.88987500 0.62633333 0.86562500 0.98266667 0.86150000 0.99516667
0 0.89875000 0.99616667 0.88075000 0.99516667 0.87662500 0.99033333 0.87412500 0.98266667 0.87537500 0.94233333 0.88012500 0.89666667 0.88087500 0.81400000 0.88500000 0.81916667 0.88887500 0.80933333 0.89462500 0.76933333 0.89737500 0.70466667 0.89387500 0.68566667 0.89937500 0.62833333 0.89812500 0.60366667 0.90162500 0.59633333 0.89662500 0.58766667 0.90462500 0.57500000 0.90287500 0.56833333 0.91187500 0.53333333 0.91337500 0.45500000 0.91062500 0.43533333 0.91737500 0.40500000 0.92912500 0.24800000 0.93375000 0.24416667 0.99975000 0.24716667 0.99975000 0.47700000 0.95737500 0.98366667 0.95125000 0.99483333
