0 0.43047248803827753 0.27870813397129185 0.5139055023923444 0.27870813397129185 0.5139055023923444 0.958133971291866 0.43047248803827753 0.958133971291866
0 0.5820873205741627 0.284688995215311 0.5237739234449761 0.284688995215311 0.5237739234449761 0.950956937799043 0.5820873205741627 0.950956937799043
0 0.3488337320574163 0.27870813397129185 0.42598684210526316 0.27870813397129185 0.42598684210526316 0.9473684210526315 0.3488337320574163 0.9473684210526315
0 0.10122607655502396 0.2595693779904306 0.17927631578947373 0.2595693779904306 0.20798444976076558 0.9210526315789473 0.14159688995215314 0.9186602870813397
0 0.18735047846889955 0.2619617224880383 0.2654007177033493 0.2595693779904306 0.2833433014354067 0.9282296650717703 0.21426435406698568 0.9210526315789473
0 0.2716806220095694 0.3050239234449761 0.32999401913875603 0.3050239234449761 0.34075956937799046 0.9485645933014354 0.2905203349282297 0.9413875598086124
0 0.5892643540669856 0.2799043062200957 0.6547547846889952 0.2822966507177033 0.6404007177033493 0.9772727272727272 0.58747009569378 0.9736842105263158
0 0.6601375598086124 0.3827751196172248 0.6951255980861245 0.3827751196172248 0.68436004784689 0.9808612440191387 0.6502691387559809 0.9820574162679425
0 0.7005083732057417 0.28827751196172247 0.7489533492822967 0.28588516746411485 0.7256279904306221 0.9820574162679425 0.6897428229665072 0.9796650717703349
0 0.7561303827751197 0.2894736842105263 0.802781100478469 0.2894736842105263 0.7713815789473685 0.9820574162679425 0.7354964114832536 0.985645933014354
0 0.802781100478469 0.36722488038277507 0.8422547846889952 0.368421052631579 0.8126495215311005 0.9772727272727272 0.7776614832535886 0.9796650717703349
0 0.8467404306220097 0.3229665071770335 0.8691686602870814 0.3241626794258373 0.8332834928229665 0.9796650717703349 0.8126495215311005 0.9748803827751196
0 0.8736543062200957 0.3385167464114832 0.9400418660287082 0.34090909090909094 0.8978767942583733 0.9796650717703349 0.8386662679425838 0.985645933014354
0 0.9409389952153111 0.3696172248803828 0.9822069377990432 0.36602870813397126 0.9319677033492824 0.9820574162679425 0.899671052631579 0.9820574162679425
