0 0.16633333 0.47087500 0.14166667 0.46837500 0.13683333 0.46300000 0.13916667 0.44150000 0.13683333 0.39625000 0.11716667 0.14325000 0.10616667 0.05625000 0.11500000 0.04837500 0.18966667 0.04687500 0.19283333 0.04900000 0.19416667 0.06625000 0.19550000 0.15800000 0.20150000 0.25225000 0.20250000 0.32300000 0.19916667 0.34350000 0.20583333 0.38725000 0.20466667 0.39137500 0.19516667 0.39275000 0.20500000 0.39462500 0.20916667 0.39900000 0.21316667 0.46700000
0 0.22500000 0.47062500 0.21750000 0.46650000 0.21283333 0.42450000 0.19650000 0.10975000 0.19950000 0.07700000 0.19583333 0.05250000 0.19733333 0.04862500 0.20866667 0.04637500 0.25333333 0.04437500 0.26416667 0.04875000 0.26650000 0.05650000 0.28116667 0.42875000 0.27550000 0.43575000 0.26766667 0.46837500 0.24400000 0.46762500
0 0.30266667 0.47162500 0.29533333 0.47087500 0.28983333 0.46650000 0.28550000 0.41825000 0.27516667 0.21925000 0.27083333 0.05075000 0.27566667 0.04087500 0.29166667 0.03712500 0.32833333 0.03562500 0.33700000 0.03712500 0.33950000 0.04125000 0.34216667 0.07175000 0.35616667 0.45475000 0.35383333 0.46300000 0.34566667 0.46937500
0 0.41300000 0.47387500 0.36533333 0.47187500 0.35916667 0.46275000 0.34416667 0.03950000 0.34566667 0.03312500 0.35800000 0.02937500 0.42033333 0.02537500 0.41883333 0.20975000 0.42683333 0.42600000 0.42616667 0.44125000 0.41983333 0.45075000 0.42150000 0.46700000
0 0.46366667 0.47562500 0.44200000 0.47487500 0.43566667 0.47337500 0.43316667 0.46925000 0.42583333 0.01375000 0.43066667 0.00962500 0.45066667 0.00737500 0.46300000 0.00812500 0.46683333 0.01325000 0.47083333 0.46350000 0.46883333 0.47375000
0 0.51000000 0.47537500 0.47800000 0.47287500 0.47383333 0.46025000 0.46916667 0.01625000 0.47100000 0.00962500 0.48766667 0.00687500 0.50833333 0.00887500 0.51783333 0.01375000 0.51050000 0.04175000 0.51450000 0.46325000
0 0.53400000 0.47312500 0.52133333 0.47312500 0.51616667 0.46900000 0.51283333 0.03825000 0.51766667 0.03137500 0.55466667 0.02937500 0.56466667 0.03287500 0.56550000 0.03625000 0.56550000 0.46775000 0.56066667 0.47237500
0 0.60066667 0.47312500 0.57200000 0.47312500 0.56750000 0.46875000 0.56850000 0.04750000 0.57233333 0.03312500 0.61266667 0.03162500 0.61950000 0.03825000 0.62283333 0.05950000 0.61816667 0.12075000 0.61750000 0.47075000 0.61533333 0.47287500
0 0.66733333 0.47262500 0.62766667 0.47137500 0.62216667 0.46425000 0.62316667 0.08200000 0.62700000 0.07212500 0.65433333 0.07062500 0.69333333 0.07187500 0.69750000 0.07950000 0.69083333 0.46675000 0.68866667 0.47137500
0 0.74500000 0.47437500 0.71266667 0.47362500 0.70166667 0.47137500 0.69583333 0.46650000 0.70716667 0.01750000 0.71300000 0.01062500 0.76766667 0.00812500 0.76816667 0.22100000 0.76216667 0.46750000 0.75600000 0.47287500
0 0.81666667 0.47137500 0.77600000 0.47012500 0.76816667 0.46350000 0.77683333 0.22075000 0.77850000 0.01775000 0.78333333 0.00012500 0.85066667 0.00012500 0.84616667 0.12350000 0.84016667 0.16775000 0.82983333 0.46125000 0.82816667 0.46850000
0 0.23633333 0.97162500 0.18733333 0.96787500 0.17250000 0.96000000 0.17016667 0.95450000 0.16083333 0.85500000 0.15516667 0.72475000 0.14850000 0.70550000 0.15016667 0.70125000 0.14516667 0.69750000 0.14716667 0.69350000 0.14250000 0.68700000 0.14016667 0.61050000 0.13416667 0.56950000 0.13416667 0.55625000 0.13866667 0.55262500 0.21700000 0.55337500 0.22183333 0.55675000 0.22516667 0.71025000 0.24083333 0.89775000 0.24516667 0.90875000 0.24916667 0.96125000 0.24716667 0.96775000
0 0.31900000 0.98012500 0.26033333 0.97237500 0.25050000 0.96525000 0.24750000 0.91675000 0.24983333 0.89100000 0.23950000 0.81325000 0.23216667 0.69125000 0.23116667 0.63075000 0.23483333 0.61125000 0.22616667 0.60400000 0.22283333 0.56450000 0.22350000 0.55600000 0.22866667 0.55362500 0.31066667 0.55612500 0.31483333 0.57075000 0.30916667 0.58800000 0.30783333 0.61300000 0.32416667 0.89250000 0.32450000 0.90450000 0.31950000 0.90900000 0.32716667 0.91575000 0.33083333 0.96775000 0.32950000 0.97475000
0 0.39266667 0.99437500 0.36000000 0.99187500 0.33800000 0.98637500 0.33250000 0.97175000 0.31183333 0.59125000 0.31500000 0.58412500 0.33366667 0.57937500 0.36933333 0.58112500 0.37283333 0.58350000 0.37816667 0.59225000 0.38516667 0.62875000 0.39683333 0.82625000 0.39683333 0.98750000
0 0.48400000 0.99662500 0.41566667 0.99162500 0.40583333 0.98275000 0.40583333 0.91975000 0.38550000 0.59200000 0.38650000 0.57000000 0.39300000 0.56562500 0.47100000 0.56537500 0.47950000 0.57975000 0.49516667 0.93025000 0.49450000 0.98650000 0.49183333 0.99200000
0 0.59866667 0.99975000 0.50600000 0.99975000 0.50183333 0.99025000 0.48350000 0.58225000 0.48583333 0.56900000 0.49033333 0.56512500 0.55400000 0.56787500 0.56016667 0.57025000 0.56466667 0.57812500 0.57633333 0.57737500 0.58433333 0.58112500 0.58750000 0.58750000
0 0.66966667 0.99975000 0.60966667 0.99975000 0.60583333 0.99300000 0.59083333 0.67200000 0.58783333 0.57475000 0.59200000 0.56237500 0.65833333 0.56262500 0.66083333 0.56450000
0 0.75433333 0.99975000 0.67750000 0.99975000 0.66183333 0.57650000 0.66416667 0.56850000 0.67000000 0.56462500 0.67600000 0.56937500 0.74133333 0.56962500 0.74916667 0.57275000
0 0.80833333 0.99975000 0.76216667 0.99975000 0.75183333 0.65950000 0.75216667 0.63050000 0.75633333 0.63312500 0.76000000 0.62912500 0.76300000 0.63137500 0.77266667 0.63187500 0.78366667 0.62887500 0.79500000 0.63187500 0.79716667 0.63475000
0 0.86266667 0.99975000 0.81033333 0.99975000 0.80983333 0.99750000 0.79816667 0.58200000 0.79883333 0.57550000 0.80666667 0.57162500 0.84600000 0.57137500 0.85700000 0.57537500 0.86016667 0.57950000
0 0.92466667 0.99975000 0.86416667 0.99975000 0.86116667 0.57950000 0.86800000 0.57412500 0.91633333 0.57212500 0.92183333 0.57525000 0.92383333 0.58100000
0 0.97666667 0.99975000 0.92783333 0.99975000 0.92766667 0.61787500 0.97500000 0.61887500 0.97950000 0.62325000
